Voltage (V)	Current (A)
-1.000058E+0	-1.203528E-7
-9.960721E-1	-1.180839E-7
-9.920466E-1	-1.167496E-7
-9.880612E-1	-1.147341E-7
-9.840012E-1	-1.128042E-7
-9.800149E-1	-1.109290E-7
-9.760227E-1	-1.088770E-7
-9.720020E-1	-1.074226E-7
-9.680113E-1	-1.057152E-7
-9.640253E-1	-1.038481E-7
-9.599671E-1	-1.023547E-7
-9.559789E-1	-1.003822E-7
-9.519541E-1	-9.870113E-8
-9.479630E-1	-9.732836E-8
-9.439764E-1	-9.530368E-8
-9.399545E-1	-9.392328E-8
-9.359319E-1	-9.220967E-8
-9.319075E-1	-9.070206E-8
-9.279215E-1	-8.911443E-8
-9.239276E-1	-8.770735E-8
-9.199075E-1	-8.617778E-8
-9.159158E-1	-8.484606E-8
-9.118617E-1	-8.355010E-8
-9.078708E-1	-8.210806E-8
-9.038519E-1	-8.087798E-8
-8.998613E-1	-7.939459E-8
-8.958711E-1	-7.779696E-8
-8.918485E-1	-7.655347E-8
-8.878580E-1	-7.529619E-8
-8.838047E-1	-7.398377E-8
-8.798131E-1	-7.258594E-8
-8.758266E-1	-7.133723E-8
-8.718045E-1	-7.008903E-8
-8.678148E-1	-6.884230E-8
-8.638243E-1	-6.756394E-8
-8.597698E-1	-6.641733E-8
-8.557779E-1	-6.532980E-8
-8.517566E-1	-6.416891E-8
-8.477660E-1	-6.295131E-8
-8.437771E-1	-6.195533E-8
-8.397554E-1	-6.090404E-8
-8.357286E-1	-5.976263E-8
-8.317114E-1	-5.866463E-8
-8.277188E-1	-5.750616E-8
-8.237314E-1	-5.645882E-8
-8.197071E-1	-5.539075E-8
-8.157195E-1	-5.438061E-8
-8.116605E-1	-5.342207E-8
-8.076741E-1	-5.249704E-8
-8.036517E-1	-5.151611E-8
-7.996630E-1	-5.053456E-8
-7.956729E-1	-4.961317E-8
-7.916858E-1	-4.869097E-8
-7.876619E-1	-4.777289E-8
-7.836028E-1	-4.695965E-8
-7.796146E-1	-4.602402E-8
-7.756245E-1	-4.518088E-8
-7.716048E-1	-4.432819E-8
-7.676125E-1	-4.347340E-8
-7.636257E-1	-4.265529E-8
-7.595662E-1	-4.186545E-8
-7.555780E-1	-4.105509E-8
-7.515567E-1	-4.024614E-8
-7.475686E-1	-3.946496E-8
-7.435785E-1	-3.873186E-8
-7.395577E-1	-3.799583E-8
-7.355339E-1	-3.725301E-8
-7.315097E-1	-3.652724E-8
-7.275226E-1	-3.581881E-8
-7.235318E-1	-3.515478E-8
-7.195104E-1	-3.448915E-8
-7.155195E-1	-3.380590E-8
-7.114654E-1	-3.315163E-8
-7.074726E-1	-3.250693E-8
-7.034836E-1	-3.187613E-8
-6.994604E-1	-3.121940E-8
-6.954736E-1	-3.063964E-8
-6.914821E-1	-3.002880E-8
-6.874596E-1	-2.943102E-8
-6.834018E-1	-2.882384E-8
-6.794121E-1	-2.829125E-8
-6.754236E-1	-2.774899E-8
-6.714014E-1	-2.718542E-8
-6.674122E-1	-2.664307E-8
-6.634223E-1	-2.612910E-8
-6.593678E-1	-2.557986E-8
-6.553783E-1	-2.505180E-8
-6.513546E-1	-2.452473E-8
-6.473647E-1	-2.404847E-8
-6.433786E-1	-2.358361E-8
-6.393521E-1	-2.308094E-8
-6.353313E-1	-2.260176E-8
-6.313072E-1	-2.210288E-8
-6.273175E-1	-2.167070E-8
-6.233301E-1	-2.123175E-8
-6.193044E-1	-2.091262E-8
-6.153147E-1	-2.045307E-8
-6.112605E-1	-2.002836E-8
-6.072729E-1	-1.963194E-8
-6.032842E-1	-1.918374E-8
-5.992594E-1	-1.880719E-8
-5.952703E-1	-1.840108E-8
-5.912837E-1	-1.802105E-8
-5.872605E-1	-1.761549E-8
-5.832034E-1	-1.724162E-8
-5.792108E-1	-1.689141E-8
-5.752249E-1	-1.652662E-8
-5.712005E-1	-1.615278E-8
-5.672104E-1	-1.580230E-8
-5.632229E-1	-1.543922E-8
-5.591643E-1	-1.510390E-8
-5.551776E-1	-1.467345E-8
-5.511509E-1	-1.435255E-8
-5.471640E-1	-1.401895E-8
-5.431721E-1	-1.371915E-8
-5.391512E-1	-1.338627E-8
-5.351279E-1	-1.309272E-8
-5.311065E-1	-1.280057E-8
-5.271171E-1	-1.250209E-8
-5.231303E-1	-1.220007E-8
-5.191055E-1	-1.191692E-8
-5.151151E-1	-1.165585E-8
-5.110598E-1	-1.138037E-8
-5.070701E-1	-1.112207E-8
-5.030828E-1	-1.084587E-8
-4.990580E-1	-1.058135E-8
-4.950701E-1	-1.033774E-8
-4.910793E-1	-1.006342E-8
-4.870581E-1	-9.845232E-9
-4.829994E-1	-9.602904E-9
-4.790119E-1	-9.366771E-9
-4.750210E-1	-9.126316E-9
-4.710347E-1	-8.920521E-9
-4.670089E-1	-8.684137E-9
-4.630199E-1	-8.471716E-9
-4.589644E-1	-8.246691E-9
-4.549756E-1	-8.047349E-9
-4.509560E-1	-7.850902E-9
-4.469638E-1	-7.658939E-9
-4.429757E-1	-7.450461E-9
-4.389505E-1	-7.270772E-9
-4.349287E-1	-7.057817E-9
-4.309042E-1	-6.898162E-9
-4.269152E-1	-6.709087E-9
-4.229237E-1	-6.536771E-9
-4.189045E-1	-6.363916E-9
-4.149101E-1	-6.194998E-9
-4.108552E-1	-6.019209E-9
-4.068640E-1	-5.880712E-9
-4.028755E-1	-5.713557E-9
-3.988548E-1	-5.566842E-9
-3.948641E-1	-5.407186E-9
-3.908772E-1	-5.246737E-9
-3.868538E-1	-5.102208E-9
-3.827975E-1	-4.948622E-9
-3.788072E-1	-4.817967E-9
-3.748184E-1	-4.738558E-9
-3.708265E-1	-4.611795E-9
-3.668062E-1	-4.458427E-9
-3.628148E-1	-4.334929E-9
-3.587590E-1	-4.212696E-9
-3.547694E-1	-4.071517E-9
-3.507464E-1	-3.925062E-9
-3.467603E-1	-3.800227E-9
-3.427678E-1	-3.709043E-9
-3.387431E-1	-3.582283E-9
-3.347225E-1	-3.463187E-9
-3.307011E-1	-3.353733E-9
-3.267086E-1	-3.248805E-9
-3.227217E-1	-3.168557E-9
-3.186984E-1	-3.057634E-9
-3.147106E-1	-2.958278E-9
-3.106526E-1	-2.853725E-9
-3.066646E-1	-2.766017E-9
-3.026714E-1	-2.668089E-9
-2.986491E-1	-2.580260E-9
-2.946605E-1	-2.490369E-9
-2.906708E-1	-2.390765E-9
-2.866489E-1	-2.329917E-9
-2.826233E-1	-2.252395E-9
-2.786030E-1	-2.147339E-9
-2.746097E-1	-2.077738E-9
-2.706206E-1	-2.025984E-9
-2.665941E-1	-1.923947E-9
-2.626098E-1	-1.874373E-9
-2.585520E-1	-1.790604E-9
-2.545654E-1	-1.728210E-9
-2.505409E-1	-1.667070E-9
-2.465501E-1	-1.590636E-9
-2.425648E-1	-1.538381E-9
-2.385737E-1	-1.451470E-9
-2.345174E-1	-1.398001E-9
-2.304923E-1	-1.333508E-9
-2.265028E-1	-1.275807E-9
-2.225138E-1	-1.207167E-9
-2.184922E-1	-1.151433E-9
-2.145014E-1	-1.107768E-9
-2.104474E-1	-1.035608E-9
-2.064535E-1	-9.837728E-10
-2.024666E-1	-9.308047E-10
-1.984399E-1	-8.806867E-10
-1.944539E-1	-8.273844E-10
-1.904648E-1	-7.842218E-10
-1.864068E-1	-7.378754E-10
-1.824190E-1	-6.994490E-10
-1.783950E-1	-6.595142E-10
-1.744109E-1	-6.166873E-10
-1.704172E-1	-5.667791E-10
-1.663942E-1	-5.386607E-10
-1.623991E-1	-4.934878E-10
-1.583448E-1	-4.472250E-10
-1.543569E-1	-4.159219E-10
-1.503353E-1	-3.941735E-10
-1.463436E-1	-3.605242E-10
-1.423574E-1	-3.269584E-10
-1.383627E-1	-3.024023E-10
-1.343052E-1	-2.782232E-10
-1.302804E-1	-2.529549E-10
-1.262895E-1	-2.433585E-10
-1.223039E-1	-2.118881E-10
-1.182806E-1	-1.978501E-10
-1.142932E-1	-1.896369E-10
-1.102336E-1	-1.844825E-10
-1.062479E-1	-1.807111E-10
-1.022568E-1	-1.620216E-10
-9.823308E-2	-1.426197E-10
-9.423956E-2	-1.380940E-10
-9.025455E-2	-1.249360E-10
-8.619356E-2	-1.201170E-10
-8.220492E-2	-1.028941E-10
-7.818457E-2	-1.072941E-10
-7.419526E-2	-9.451316E-11
-7.020535E-2	-8.692842E-11
-6.617891E-2	-7.808653E-11
-6.218974E-2	-7.117285E-11
-5.813336E-2	-6.652222E-11
-5.414714E-2	-6.254194E-11
-5.015466E-2	-6.614514E-11
-4.613559E-2	-5.801699E-11
-4.214266E-2	-5.399482E-11
-3.815719E-2	-5.206756E-11
-3.409756E-2	-3.656539E-11
-3.007411E-2	-3.786423E-11
-2.607971E-2	-3.627216E-11
-2.209206E-2	-4.741689E-11
-1.807323E-2	-4.352042E-11
-1.408095E-2	-4.125794E-11
-1.002536E-2	-3.845081E-11
-6.034921E-3	-4.205402E-11
-2.041387E-3	-4.666272E-11
1.970650E-3	-1.373123E-11
5.955355E-3	-4.465163E-11
9.948417E-3	-2.730606E-11
1.400487E-2	-3.371635E-11
1.802891E-2	-2.873057E-11
2.201705E-2	-4.205400E-11
2.600426E-2	-3.840890E-11
3.002576E-2	-3.480575E-11
3.402020E-2	-3.660731E-11
3.800507E-2	-2.521116E-11
4.206071E-2	-2.315814E-11
4.605114E-2	-1.963879E-11
5.007389E-2	-2.684521E-11
5.406240E-2	-1.632888E-11
5.805040E-2	-1.251614E-11
6.207124E-2	-6.273433E-12
6.612446E-2	-8.913023E-12
7.012077E-2	5.290338E-12
7.410511E-2	7.217588E-12
7.813180E-2	1.580667E-11
8.212020E-2	2.460518E-11
8.610893E-2	3.549858E-11
9.016376E-2	4.345911E-11
9.414826E-2	5.770438E-11
9.817401E-2	6.005045E-11
1.021627E-1	7.458907E-11
1.061525E-1	8.468620E-11
1.101744E-1	1.011103E-10
1.142317E-1	1.228552E-10
1.182182E-1	1.357597E-10
1.222076E-1	1.518901E-10
1.262261E-1	1.803805E-10
1.302181E-1	2.121391E-10
1.342064E-1	2.411322E-10
1.382321E-1	2.823594E-10
1.422501E-1	3.070369E-10
1.462746E-1	3.461692E-10
1.502678E-1	3.907485E-10
1.542538E-1	4.206219E-10
1.582792E-1	4.640695E-10
1.622615E-1	5.283824E-10
1.663233E-1	5.617333E-10
1.703100E-1	6.151525E-10
1.743353E-1	6.670633E-10
1.783236E-1	7.151203E-10
1.823121E-1	7.643504E-10
1.863319E-1	8.215822E-10
1.903560E-1	8.744568E-10
1.943772E-1	9.254465E-10
1.983615E-1	9.789072E-10
2.023492E-1	1.038820E-9
2.063757E-1	1.098023E-9
2.103701E-1	1.155591E-9
2.144236E-1	1.221830E-9
2.184124E-1	1.265990E-9
2.224327E-1	1.325904E-9
2.264237E-1	1.393903E-9
2.304070E-1	1.460938E-9
2.344349E-1	1.521314E-9
2.384241E-1	1.601172E-9
2.424822E-1	1.664312E-9
2.464675E-1	1.744755E-9
2.504540E-1	1.798802E-9
2.544760E-1	1.895252E-9
2.584654E-1	1.951102E-9
2.624535E-1	2.025719E-9
2.665070E-1	2.112533E-9
2.705315E-1	2.179150E-9
2.745186E-1	2.263237E-9
2.785096E-1	2.338067E-9
2.825295E-1	2.430659E-9
2.865219E-1	2.493968E-9
2.905768E-1	2.598336E-9
2.945671E-1	2.706767E-9
2.985527E-1	2.770788E-9
3.025779E-1	2.882064E-9
3.065672E-1	2.945920E-9
3.105556E-1	3.049446E-9
3.146158E-1	3.152559E-9
3.186319E-1	3.224829E-9
3.226233E-1	3.322790E-9
3.266117E-1	3.441068E-9
3.306354E-1	3.544676E-9
3.346194E-1	3.654865E-9
3.386782E-1	3.744780E-9
3.426656E-1	3.851538E-9
3.466573E-1	3.965121E-9
3.506778E-1	4.081259E-9
3.546668E-1	4.212525E-9
3.586544E-1	4.305205E-9
3.626765E-1	4.446144E-9
3.667296E-1	4.584160E-9
3.707196E-1	4.722002E-9
3.747108E-1	4.867347E-9
3.787330E-1	4.989933E-9
3.827215E-1	5.154508E-9
3.867075E-1	5.288371E-9
3.907646E-1	5.450639E-9
3.947538E-1	5.621672E-9
3.987775E-1	5.781006E-9
4.027646E-1	5.967159E-9
4.067520E-1	6.140743E-9
4.107744E-1	6.322244E-9
4.148308E-1	6.492801E-9
4.188208E-1	6.685957E-9
4.228085E-1	6.878264E-9
4.268322E-1	7.089214E-9
4.308209E-1	7.270844E-9
4.348120E-1	7.473966E-9
4.388650E-1	7.683122E-9
4.428556E-1	7.893198E-9
4.468771E-1	8.118521E-9
4.508680E-1	8.358675E-9
4.548534E-1	8.579637E-9
4.588780E-1	8.784314E-9
4.628648E-1	9.028321E-9
4.669216E-1	9.286373E-9
4.709069E-1	9.529831E-9
4.749288E-1	9.784108E-9
4.789195E-1	1.004417E-8
4.829070E-1	1.033620E-8
4.869328E-1	1.059836E-8
4.909531E-1	1.087094E-8
4.949761E-1	1.117131E-8
4.989630E-1	1.147997E-8
5.029525E-1	1.177713E-8
5.069740E-1	1.207126E-8
5.109662E-1	1.237788E-8
5.150178E-1	1.270353E-8
5.190096E-1	1.303446E-8
5.230294E-1	1.334959E-8
5.270194E-1	1.372430E-8
5.310077E-1	1.404472E-8
5.350289E-1	1.441759E-8
5.390527E-1	1.476470E-8
5.430719E-1	1.511455E-8
5.470613E-1	1.549552E-8
5.510463E-1	1.587372E-8
5.550755E-1	1.632506E-8
5.590621E-1	1.670066E-8
5.630515E-1	1.707608E-8
5.671052E-1	1.751582E-8
5.711284E-1	1.797460E-8
5.751155E-1	1.841075E-8
5.791079E-1	1.887797E-8
5.831286E-1	1.928535E-8
5.871177E-1	1.975731E-8
5.911760E-1	2.027052E-8
5.951620E-1	2.073932E-8
5.991523E-1	2.123864E-8
6.031709E-1	2.174576E-8
6.071615E-1	2.225669E-8
6.111491E-1	2.277640E-8
6.152058E-1	2.332142E-8
6.192291E-1	2.384217E-8
6.232156E-1	2.439107E-8
6.272049E-1	2.493525E-8
6.312270E-1	2.553391E-8
6.352143E-1	2.611363E-8
6.392727E-1	2.672512E-8
6.432598E-1	2.732577E-8
6.472474E-1	2.798105E-8
6.512741E-1	2.862302E-8
6.552587E-1	2.923775E-8
6.592497E-1	2.988694E-8
6.632701E-1	3.054509E-8
6.673274E-1	3.125799E-8
6.713117E-1	3.200595E-8
6.753045E-1	3.260200E-8
6.793243E-1	3.336405E-8
6.833154E-1	3.407948E-8
6.873018E-1	3.484064E-8
6.913586E-1	3.564941E-8
6.953502E-1	3.642383E-8
6.993690E-1	3.719486E-8
7.033591E-1	3.795367E-8
7.073468E-1	3.871926E-8
7.113698E-1	3.959728E-8
7.154253E-1	4.039480E-8
7.194157E-1	4.127104E-8
7.234034E-1	4.224578E-8
7.274289E-1	4.312184E-8
7.314126E-1	4.398800E-8
7.354048E-1	4.492933E-8
7.394543E-1	4.582794E-8
7.434477E-1	4.683138E-8
7.474698E-1	4.775021E-8
7.514565E-1	4.869056E-8
7.554453E-1	4.966057E-8
7.594670E-1	5.064952E-8
7.634565E-1	5.172255E-8
7.675115E-1	5.281228E-8
7.715018E-1	5.383228E-8
7.755240E-1	5.487949E-8
7.795135E-1	5.609153E-8
7.834996E-1	5.702254E-8
7.875242E-1	5.806314E-8
7.915453E-1	5.919642E-8
7.955699E-1	6.039537E-8
7.995574E-1	6.146400E-8
8.035476E-1	6.274622E-8
8.075661E-1	6.374164E-8
8.115537E-1	6.511983E-8
8.156120E-1	6.641989E-8
8.195967E-1	6.773244E-8
8.236231E-1	6.894874E-8
8.276089E-1	7.030349E-8
8.315994E-1	7.146106E-8
8.356215E-1	7.297036E-8
8.396465E-1	7.431328E-8
8.436649E-1	7.572434E-8
8.476552E-1	7.718385E-8
8.516420E-1	7.854601E-8
8.556674E-1	8.000375E-8
8.596556E-1	8.155285E-8
8.636449E-1	8.310832E-8
8.677015E-1	8.462718E-8
8.717244E-1	8.621280E-8
8.757108E-1	8.773820E-8
8.796970E-1	8.921667E-8
8.837236E-1	9.090332E-8
8.877102E-1	9.266376E-8
8.917643E-1	9.441930E-8
8.957551E-1	9.605542E-8
8.997443E-1	9.750081E-8
9.037636E-1	9.935744E-8
9.077542E-1	1.013379E-7
9.117429E-1	1.031155E-7
9.157957E-1	1.048196E-7
9.198218E-1	1.067968E-7
9.238072E-1	1.086863E-7
9.277983E-1	1.104988E-7
9.318179E-1	1.126303E-7
9.358073E-1	1.145609E-7
9.398642E-1	1.164946E-7
9.438513E-1	1.185524E-7
9.478377E-1	1.208608E-7
9.518663E-1	1.231874E-7
9.558501E-1	1.251814E-7
9.598438E-1	1.274030E-7
9.638616E-1	1.296870E-7
9.678867E-1	1.320988E-7
9.719096E-1	1.345462E-7
9.758963E-1	1.367662E-7
9.799204E-1	1.391969E-7
9.839075E-1	1.416066E-7
9.879006E-1	1.442313E-7
9.919549E-1	1.463476E-7
9.959473E-1	1.488904E-7
9.999638E-1	1.515360E-7
