Voltage (V)	Current (A)
9.999652E-1	1.290579E-7
9.959452E-1	1.270848E-7
9.919522E-1	1.245463E-7
9.879649E-1	1.226536E-7
9.839060E-1	1.208461E-7
9.799178E-1	1.185054E-7
9.758942E-1	1.164767E-7
9.719071E-1	1.144864E-7
9.678823E-1	1.122000E-7
9.638966E-1	1.104148E-7
9.598411E-1	1.082896E-7
9.558475E-1	1.064866E-7
9.518647E-1	1.047218E-7
9.478368E-1	1.027287E-7
9.438507E-1	1.011738E-7
9.398611E-1	9.917719E-8
9.358044E-1	9.738779E-8
9.318153E-1	9.566369E-8
9.277966E-1	9.376880E-8
9.238052E-1	9.220117E-8
9.198178E-1	9.050298E-8
9.157924E-1	8.881100E-8
9.117427E-1	8.719652E-8
9.077525E-1	8.564181E-8
9.037604E-1	8.414150E-8
8.997423E-1	8.250400E-8
8.957496E-1	8.087545E-8
8.917629E-1	7.947591E-8
8.877395E-1	7.797934E-8
8.837224E-1	7.643600E-8
8.796958E-1	7.493475E-8
8.757066E-1	7.358406E-8
8.717184E-1	7.220623E-8
8.676987E-1	7.081335E-8
8.637106E-1	6.950835E-8
8.596533E-1	6.811021E-8
8.556656E-1	6.687421E-8
8.516377E-1	6.552698E-8
8.476533E-1	6.427988E-8
8.436641E-1	6.324127E-8
8.396431E-1	6.197393E-8
8.356183E-1	6.077008E-8
8.315982E-1	5.951049E-8
8.276055E-1	5.834665E-8
8.236184E-1	5.721116E-8
8.195965E-1	5.610229E-8
8.156096E-1	5.506413E-8
8.115510E-1	5.401523E-8
8.075631E-1	5.297532E-8
8.035437E-1	5.184479E-8
7.995535E-1	5.077039E-8
7.955658E-1	4.977729E-8
7.915434E-1	4.876703E-8
7.875548E-1	4.781628E-8
7.834971E-1	4.689286E-8
7.795080E-1	4.588351E-8
7.755206E-1	4.492418E-8
7.715005E-1	4.402995E-8
7.675072E-1	4.313394E-8
7.635249E-1	4.228566E-8
7.594621E-1	4.140050E-8
7.554435E-1	4.049259E-8
7.514558E-1	3.972595E-8
7.474652E-1	3.890016E-8
7.434446E-1	3.812229E-8
7.394561E-1	3.729915E-8
7.354022E-1	3.653966E-8
7.314118E-1	3.577789E-8
7.274269E-1	3.507619E-8
7.234001E-1	3.433198E-8
7.194146E-1	3.360914E-8
7.154219E-1	3.293226E-8
7.113692E-1	3.223090E-8
7.073438E-1	3.149641E-8
7.033581E-1	3.084855E-8
6.993678E-1	3.016922E-8
6.953456E-1	2.953420E-8
6.913571E-1	2.890233E-8
6.873685E-1	2.827535E-8
6.833111E-1	2.767784E-8
6.793226E-1	2.703405E-8
6.753004E-1	2.645891E-8
6.713111E-1	2.589404E-8
6.673239E-1	2.533561E-8
6.633031E-1	2.478440E-8
6.592489E-1	2.423311E-8
6.552569E-1	2.370495E-8
6.512696E-1	2.316733E-8
6.472465E-1	2.263979E-8
6.432579E-1	2.212471E-8
6.392703E-1	2.161102E-8
6.352122E-1	2.109556E-8
6.312237E-1	2.061636E-8
6.272016E-1	2.010337E-8
6.232153E-1	1.966612E-8
6.192268E-1	1.921001E-8
6.152024E-1	1.873600E-8
6.111447E-1	1.834618E-8
6.071600E-1	1.791221E-8
6.031678E-1	1.745815E-8
5.991492E-1	1.706462E-8
5.951602E-1	1.661963E-8
5.911739E-1	1.624063E-8
5.871479E-1	1.587377E-8
5.831237E-1	1.546027E-8
5.791050E-1	1.504960E-8
5.751137E-1	1.468401E-8
5.711275E-1	1.435585E-8
5.671041E-1	1.404121E-8
5.631146E-1	1.368201E-8
5.590599E-1	1.332552E-8
5.550705E-1	1.298392E-8
5.510466E-1	1.266554E-8
5.470596E-1	1.233585E-8
5.430695E-1	1.203573E-8
5.390500E-1	1.172310E-8
5.350256E-1	1.143538E-8
5.310069E-1	1.114844E-8
5.270145E-1	1.089900E-8
5.230261E-1	1.059277E-8
5.190086E-1	1.033465E-8
5.150159E-1	1.005208E-8
5.109617E-1	9.807068E-9
5.069715E-1	9.564276E-9
5.029526E-1	9.317250E-9
4.989602E-1	9.078641E-9
4.949734E-1	8.860270E-9
4.909505E-1	8.637038E-9
4.869632E-1	8.408821E-9
4.829044E-1	8.192042E-9
4.789178E-1	7.995298E-9
4.749257E-1	7.775330E-9
4.709056E-1	7.589599E-9
4.669197E-1	7.389157E-9
4.629279E-1	7.227976E-9
4.588737E-1	7.021753E-9
4.548515E-1	6.851949E-9
4.508666E-1	6.671161E-9
4.468729E-1	6.509769E-9
4.428527E-1	6.337105E-9
4.388631E-1	6.179118E-9
4.348100E-1	6.022753E-9
4.308167E-1	5.864586E-9
4.268301E-1	5.723855E-9
4.228056E-1	5.572099E-9
4.188178E-1	5.425881E-9
4.148307E-1	5.303122E-9
4.107719E-1	5.174621E-9
4.067484E-1	5.028353E-9
4.027628E-1	4.899519E-9
3.987770E-1	4.780237E-9
3.947524E-1	4.643860E-9
3.907623E-1	4.530733E-9
3.867750E-1	4.407095E-9
3.827207E-1	4.303820E-9
3.787296E-1	4.180637E-9
3.747113E-1	4.072672E-9
3.707182E-1	3.961135E-9
3.667283E-1	3.851157E-9
3.627093E-1	3.745070E-9
3.586517E-1	3.644979E-9
3.546667E-1	3.551131E-9
3.506747E-1	3.449946E-9
3.466561E-1	3.344532E-9
3.426627E-1	3.244102E-9
3.386741E-1	3.170612E-9
3.346179E-1	3.073704E-9
3.306331E-1	2.981571E-9
3.266076E-1	2.890274E-9
3.226222E-1	2.823619E-9
3.186317E-1	2.720549E-9
3.146145E-1	2.637760E-9
3.105544E-1	2.565904E-9
3.065658E-1	2.499497E-9
3.025775E-1	2.407825E-9
2.985517E-1	2.336433E-9
2.945668E-1	2.262986E-9
2.905774E-1	2.198172E-9
2.865564E-1	2.107085E-9
2.825293E-1	2.057727E-9
2.785098E-1	1.974102E-9
2.745195E-1	1.917959E-9
2.705324E-1	1.837474E-9
2.665069E-1	1.778356E-9
2.625217E-1	1.707255E-9
2.584645E-1	1.640388E-9
2.544752E-1	1.586801E-9
2.504541E-1	1.524915E-9
2.464693E-1	1.478495E-9
2.424806E-1	1.410244E-9
2.384555E-1	1.331936E-9
2.344350E-1	1.286939E-9
2.304063E-1	1.231885E-9
2.264231E-1	1.183284E-9
2.224310E-1	1.118132E-9
2.184132E-1	1.068526E-9
2.144220E-1	1.022104E-9
2.103668E-1	9.642844E-10
2.063774E-1	9.062570E-10
2.023507E-1	8.656168E-10
1.983634E-1	8.186500E-10
1.943756E-1	7.723932E-10
1.903572E-1	7.196868E-10
1.863322E-1	6.766996E-10
1.823131E-1	6.282665E-10
1.783248E-1	5.876677E-10
1.743364E-1	5.563701E-10
1.703118E-1	5.130897E-10
1.663220E-1	4.776441E-10
1.623309E-1	4.343637E-10
1.582789E-1	4.026473E-10
1.542539E-1	3.619232E-10
1.502690E-1	3.258076E-10
1.462762E-1	2.899009E-10
1.422528E-1	2.599025E-10
1.382666E-1	2.213146E-10
1.342063E-1	1.981452E-10
1.302181E-1	1.754785E-10
1.262267E-1	1.638730E-10
1.222066E-1	1.386086E-10
1.182185E-1	1.172408E-10
1.142328E-1	1.034985E-10
1.101753E-1	8.497969E-11
1.061541E-1	9.683676E-11
1.021622E-1	6.763409E-11
9.817447E-2	6.428216E-11
9.414801E-2	5.070747E-11
9.016298E-2	3.767720E-11
8.610950E-2	2.343204E-11
8.211926E-2	2.284548E-11
7.813079E-2	1.077894E-11
7.410489E-2	7.427114E-12
7.012096E-2	-9.457692E-12
6.612678E-2	-1.188762E-11
6.210769E-2	-1.578416E-11
5.804855E-2	-2.424750E-11
5.406306E-2	-2.240403E-11
5.007194E-2	-2.940092E-11
4.605283E-2	-3.514089E-11
4.205855E-2	-3.455436E-11
3.807343E-2	-3.283647E-11
3.401897E-2	-4.222157E-11
3.002589E-2	-5.018213E-11
2.600515E-2	-4.410701E-11
2.201882E-2	-4.745877E-11
1.803109E-2	-4.565720E-11
1.400479E-2	-5.014023E-11
9.949175E-3	-5.215133E-11
5.957446E-3	-4.972125E-11
1.970735E-3	-4.511253E-11
-2.041974E-3	-8.060082E-11
-6.035676E-3	-5.743043E-11
-1.002545E-2	-5.303117E-11
-1.408187E-2	-6.853330E-11
-1.807340E-2	-6.115931E-11
-2.209238E-2	-4.825487E-11
-2.607716E-2	-5.374342E-11
-3.007295E-2	-5.705334E-11
-3.409692E-2	-4.469358E-11
-3.808996E-2	-6.333798E-11
-4.214406E-2	-6.648032E-11
-4.613544E-2	-6.417594E-11
-5.015126E-2	-7.439897E-11
-5.414464E-2	-6.337988E-11
-5.813132E-2	-9.350747E-11
-6.212167E-2	-9.660842E-11
-6.617990E-2	-9.920652E-11
-7.020372E-2	-1.018465E-10
-7.419454E-2	-1.080903E-10
-7.818355E-2	-1.076712E-10
-8.220409E-2	-1.253550E-10
-8.619511E-2	-1.370045E-10
-9.025238E-2	-1.456788E-10
-9.423877E-2	-1.482769E-10
-9.823404E-2	-1.625663E-10
-1.022557E-1	-1.755568E-10
-1.062474E-1	-1.805435E-10
-1.102324E-1	-1.924026E-10
-1.142921E-1	-2.004065E-10
-1.182810E-1	-2.104634E-10
-1.223024E-1	-2.208978E-10
-1.262891E-1	-2.323795E-10
-1.302800E-1	-2.492672E-10
-1.343050E-1	-2.682500E-10
-1.382942E-1	-2.754996E-10
-1.423561E-1	-2.813663E-10
-1.463432E-1	-2.983375E-10
-1.503340E-1	-3.086462E-10
-1.543550E-1	-3.413317E-10
-1.583461E-1	-3.579260E-10
-1.623338E-1	-3.791719E-10
-1.663936E-1	-4.004595E-10
-1.704175E-1	-4.317620E-10
-1.744084E-1	-4.470993E-10
-1.783961E-1	-4.764326E-10
-1.824172E-1	-4.972592E-10
-1.864069E-1	-5.293163E-10
-1.904644E-1	-5.515258E-10
-1.944539E-1	-5.668212E-10
-1.984410E-1	-6.103184E-10
-2.024652E-1	-6.426271E-10
-2.064534E-1	-6.885544E-10
-2.104480E-1	-7.152883E-10
-2.145025E-1	-7.488544E-10
-2.184910E-1	-7.826306E-10
-2.225148E-1	-8.160705E-10
-2.265034E-1	-8.593576E-10
-2.304921E-1	-8.999634E-10
-2.345159E-1	-9.507515E-10
-2.385061E-1	-9.875856E-10
-2.425653E-1	-1.029909E-9
-2.465513E-1	-1.080111E-9
-2.505411E-1	-1.140790E-9
-2.545644E-1	-1.194470E-9
-2.585503E-1	-1.255651E-9
-2.625430E-1	-1.304636E-9
-2.665957E-1	-1.359909E-9
-2.706201E-1	-1.414971E-9
-2.746105E-1	-1.469405E-9
-2.786035E-1	-1.533477E-9
-2.826236E-1	-1.605304E-9
-2.866128E-1	-1.660325E-9
-2.906700E-1	-1.728000E-9
-2.946603E-1	-1.781552E-9
-2.986478E-1	-1.856939E-9
-3.026704E-1	-1.929437E-9
-3.066642E-1	-1.992628E-9
-3.106519E-1	-2.060305E-9
-3.147101E-1	-2.143316E-9
-3.186982E-1	-2.200978E-9
-3.227210E-1	-2.275695E-9
-3.267083E-1	-2.368889E-9
-3.307003E-1	-2.443312E-9
-3.347201E-1	-2.533284E-9
-3.387418E-1	-2.613656E-9
-3.427655E-1	-2.708070E-9
-3.467580E-1	-2.800888E-9
-3.507478E-1	-2.888342E-9
-3.547669E-1	-2.996454E-9
-3.587603E-1	-3.094009E-9
-3.627477E-1	-3.196632E-9
-3.668051E-1	-3.284093E-9
-3.708265E-1	-3.398783E-9
-3.748169E-1	-3.492185E-9
-3.788068E-1	-3.616517E-9
-3.827968E-1	-3.730166E-9
-3.868184E-1	-3.845485E-9
-3.908774E-1	-3.959594E-9
-3.948653E-1	-4.084464E-9
-3.988546E-1	-4.202763E-9
-4.028734E-1	-4.331454E-9
-4.068629E-1	-4.464210E-9
-4.108565E-1	-4.586237E-9
-4.149123E-1	-4.746723E-9
-4.189026E-1	-4.880785E-9
-4.229246E-1	-5.020114E-9
-4.269139E-1	-5.171430E-9
-4.309025E-1	-5.314164E-9
-4.349280E-1	-5.473024E-9
-4.389480E-1	-5.630669E-9
-4.429753E-1	-5.797657E-9
-4.469629E-1	-5.947848E-9
-4.509547E-1	-6.117511E-9
-4.549769E-1	-6.286561E-9
-4.589655E-1	-6.462106E-9
-4.629521E-1	-6.595228E-9
-4.670095E-1	-6.805631E-9
-4.710321E-1	-6.978785E-9
-4.750206E-1	-7.158133E-9
-4.790110E-1	-7.360701E-9
-4.829976E-1	-7.547310E-9
-4.870245E-1	-7.751339E-9
-4.910783E-1	-7.958978E-9
-4.950706E-1	-8.172104E-9
-4.990591E-1	-8.371064E-9
-5.030821E-1	-8.592111E-9
-5.070706E-1	-8.811945E-9
-5.110601E-1	-9.044966E-9
-5.151159E-1	-9.289949E-9
-5.191063E-1	-9.517705E-9
-5.231307E-1	-9.747639E-9
-5.271181E-1	-9.982090E-9
-5.311064E-1	-1.024290E-8
-5.351269E-1	-1.048030E-8
-5.391526E-1	-1.073951E-8
-5.431739E-1	-1.100980E-8
-5.471647E-1	-1.128319E-8
-5.511534E-1	-1.153302E-8
-5.551791E-1	-1.183164E-8
-5.591655E-1	-1.211789E-8
-5.631560E-1	-1.240042E-8
-5.672107E-1	-1.269848E-8
-5.712012E-1	-1.301518E-8
-5.752255E-1	-1.330856E-8
-5.792118E-1	-1.361025E-8
-5.832034E-1	-1.394472E-8
-5.872262E-1	-1.425943E-8
-5.912852E-1	-1.459501E-8
-5.952717E-1	-1.493124E-8
-5.992604E-1	-1.525780E-8
-6.032836E-1	-1.560342E-8
-6.072735E-1	-1.597414E-8
-6.112612E-1	-1.634472E-8
-6.153185E-1	-1.668612E-8
-6.193047E-1	-1.708423E-8
-6.233294E-1	-1.745185E-8
-6.273192E-1	-1.781464E-8
-6.313072E-1	-1.822928E-8
-6.353317E-1	-1.860967E-8
-6.393515E-1	-1.901235E-8
-6.433782E-1	-1.940625E-8
-6.473646E-1	-1.982279E-8
-6.513554E-1	-2.023218E-8
-6.553783E-1	-2.067592E-8
-6.593693E-1	-2.109331E-8
-6.633553E-1	-2.154021E-8
-6.674132E-1	-2.201730E-8
-6.713993E-1	-2.244339E-8
-6.754245E-1	-2.289751E-8
-6.794112E-1	-2.338865E-8
-6.834027E-1	-2.396123E-8
-6.874276E-1	-2.448778E-8
-6.914812E-1	-2.487146E-8
-6.954738E-1	-2.538104E-8
-6.994603E-1	-2.587577E-8
-7.034850E-1	-2.642565E-8
-7.074718E-1	-2.693932E-8
-7.114635E-1	-2.745369E-8
-7.155193E-1	-2.806992E-8
-7.195090E-1	-2.866731E-8
-7.235324E-1	-2.919931E-8
-7.275244E-1	-2.972691E-8
-7.315102E-1	-3.035490E-8
-7.355335E-1	-3.091072E-8
-7.395576E-1	-3.149552E-8
-7.435790E-1	-3.217726E-8
-7.475680E-1	-3.282424E-8
-7.515560E-1	-3.348018E-8
-7.555772E-1	-3.414534E-8
-7.595670E-1	-3.479775E-8
-7.635595E-1	-3.543757E-8
-7.676140E-1	-3.614964E-8
-7.716054E-1	-3.691056E-8
-7.756242E-1	-3.761561E-8
-7.796139E-1	-3.829577E-8
-7.836034E-1	-3.905241E-8
-7.876294E-1	-3.982553E-8
-7.916853E-1	-4.061461E-8
-7.956717E-1	-4.137584E-8
-7.996640E-1	-4.223395E-8
-8.036515E-1	-4.307888E-8
-8.076743E-1	-4.386900E-8
-8.116595E-1	-4.466479E-8
-8.157184E-1	-4.558085E-8
-8.197080E-1	-4.639730E-8
-8.237307E-1	-4.733793E-8
-8.277178E-1	-4.817762E-8
-8.317105E-1	-4.915477E-8
-8.357294E-1	-4.996872E-8
-8.397569E-1	-5.090375E-8
-8.437751E-1	-5.193260E-8
-8.477661E-1	-5.293537E-8
-8.517571E-1	-5.386659E-8
-8.557792E-1	-5.482858E-8
-8.597689E-1	-5.584198E-8
-8.637561E-1	-5.687620E-8
-8.678141E-1	-5.792866E-8
-8.718045E-1	-5.898355E-8
-8.758270E-1	-6.008939E-8
-8.798138E-1	-6.121531E-8
-8.838030E-1	-6.242647E-8
-8.878253E-1	-6.350620E-8
-8.918481E-1	-6.462766E-8
-8.958703E-1	-6.564598E-8
-8.998612E-1	-6.681967E-8
-9.038512E-1	-6.802193E-8
-9.078716E-1	-6.934059E-8
-9.118617E-1	-7.059673E-8
-9.159155E-1	-7.185081E-8
-9.199077E-1	-7.319881E-8
-9.239273E-1	-7.452259E-8
-9.279213E-1	-7.583664E-8
-9.319071E-1	-7.713558E-8
-9.359323E-1	-7.844626E-8
-9.399561E-1	-7.988373E-8
-9.439759E-1	-8.131730E-8
-9.479643E-1	-8.261824E-8
-9.519567E-1	-8.403902E-8
-9.559800E-1	-8.569985E-8
-9.599686E-1	-8.698539E-8
-9.639570E-1	-8.840179E-8
-9.680156E-1	-9.001155E-8
-9.720026E-1	-9.150070E-8
-9.760254E-1	-9.300915E-8
-9.800164E-1	-9.455938E-8
-9.840019E-1	-9.611514E-8
-9.880288E-1	-9.754393E-8
-9.920475E-1	-9.928946E-8
-9.960740E-1	-1.008847E-7
-1.000063E+0	-1.025607E-7
