Voltage (V)	Current (A)
9.999621E-1	1.042882E-7
9.959449E-1	1.025422E-7
9.919528E-1	1.007239E-7
9.879630E-1	9.865631E-8
9.839049E-1	9.710264E-8
9.799171E-1	9.557787E-8
9.758943E-1	9.371009E-8
9.719079E-1	9.238443E-8
9.678845E-1	9.061499E-8
9.638956E-1	8.909720E-8
9.598383E-1	8.751991E-8
9.558488E-1	8.599164E-8
9.518626E-1	8.443569E-8
9.478351E-1	8.271056E-8
9.438488E-1	8.132317E-8
9.398629E-1	7.974692E-8
9.358050E-1	7.831654E-8
9.318154E-1	7.690371E-8
9.277961E-1	7.554732E-8
9.238034E-1	7.409506E-8
9.198198E-1	7.263115E-8
9.157937E-1	7.133087E-8
9.117392E-1	6.998580E-8
9.077519E-1	6.869806E-8
9.037598E-1	6.741210E-8
8.997410E-1	6.613858E-8
8.957494E-1	6.484262E-8
8.917638E-1	6.363543E-8
8.877411E-1	6.244043E-8
8.837209E-1	6.112385E-8
8.796941E-1	5.989746E-8
8.757066E-1	5.879149E-8
8.717201E-1	5.765359E-8
8.676986E-1	5.653175E-8
8.637090E-1	5.548918E-8
8.596553E-1	5.446753E-8
8.556663E-1	5.334731E-8
8.516396E-1	5.222914E-8
8.476536E-1	5.123202E-8
8.436632E-1	5.018186E-8
8.396433E-1	4.906759E-8
8.356202E-1	4.815719E-8
8.315992E-1	4.720728E-8
8.276076E-1	4.617080E-8
8.236194E-1	4.523276E-8
8.195959E-1	4.434316E-8
8.156100E-1	4.341726E-8
8.115525E-1	4.262917E-8
8.075663E-1	4.172509E-8
8.035449E-1	4.082495E-8
7.995551E-1	3.999569E-8
7.955696E-1	3.918770E-8
7.915434E-1	3.836061E-8
7.875559E-1	3.749900E-8
7.834977E-1	3.671625E-8
7.795107E-1	3.595738E-8
7.755233E-1	3.523679E-8
7.715000E-1	3.449113E-8
7.675106E-1	3.371951E-8
7.635247E-1	3.298958E-8
7.594656E-1	3.231224E-8
7.554440E-1	3.155388E-8
7.514567E-1	3.086866E-8
7.474675E-1	3.022203E-8
7.434468E-1	2.954134E-8
7.394559E-1	2.892552E-8
7.354040E-1	2.828610E-8
7.314133E-1	2.764951E-8
7.274265E-1	2.703468E-8
7.234002E-1	2.643352E-8
7.194134E-1	2.582459E-8
7.154232E-1	2.523510E-8
7.113699E-1	2.467779E-8
7.073460E-1	2.414556E-8
7.033579E-1	2.357151E-8
6.993682E-1	2.306219E-8
6.953467E-1	2.253955E-8
6.913595E-1	2.200073E-8
6.873690E-1	2.149261E-8
6.833121E-1	2.100565E-8
6.793237E-1	2.049330E-8
6.753013E-1	2.004865E-8
6.713135E-1	1.956800E-8
6.673270E-1	1.910584E-8
6.633014E-1	1.864569E-8
6.592491E-1	1.817798E-8
6.552580E-1	1.774900E-8
6.512694E-1	1.733676E-8
6.472458E-1	1.693818E-8
6.432605E-1	1.652416E-8
6.392707E-1	1.615025E-8
6.352139E-1	1.574964E-8
6.312253E-1	1.537469E-8
6.272017E-1	1.497088E-8
6.232163E-1	1.459350E-8
6.192256E-1	1.422053E-8
6.152042E-1	1.386428E-8
6.111464E-1	1.353371E-8
6.071610E-1	1.320410E-8
6.031712E-1	1.285099E-8
5.991501E-1	1.252870E-8
5.951610E-1	1.221976E-8
5.911747E-1	1.188906E-8
5.871506E-1	1.160123E-8
5.831264E-1	1.127472E-8
5.791064E-1	1.097389E-8
5.751158E-1	1.068351E-8
5.711282E-1	1.042665E-8
5.671061E-1	1.013766E-8
5.631177E-1	9.864233E-9
5.590603E-1	9.592059E-9
5.550742E-1	9.355560E-9
5.510487E-1	9.107345E-9
5.470605E-1	8.865307E-9
5.430711E-1	8.617270E-9
5.390508E-1	8.375103E-9
5.350268E-1	8.174878E-9
5.310070E-1	7.949675E-9
5.270181E-1	7.729710E-9
5.230301E-1	7.515154E-9
5.190094E-1	7.297329E-9
5.150177E-1	7.111889E-9
5.109636E-1	6.934958E-9
5.069735E-1	6.749808E-9
5.029536E-1	6.556411E-9
4.989620E-1	6.385342E-9
4.949749E-1	6.217962E-9
4.909528E-1	6.057872E-9
4.869639E-1	5.899745E-9
4.829060E-1	5.757087E-9
4.789178E-1	5.589033E-9
4.749286E-1	5.439002E-9
4.709060E-1	5.311378E-9
4.669197E-1	5.179061E-9
4.629309E-1	5.059486E-9
4.588771E-1	4.913729E-9
4.548533E-1	4.788788E-9
4.508682E-1	4.671350E-9
4.468750E-1	4.568490E-9
4.428558E-1	4.432073E-9
4.388642E-1	4.311368E-9
4.348078E-1	4.202219E-9
4.308183E-1	4.091989E-9
4.268340E-1	3.987623E-9
4.228078E-1	3.896620E-9
4.188196E-1	3.783831E-9
4.148294E-1	3.698907E-9
4.107739E-1	3.588463E-9
4.067509E-1	3.508647E-9
4.027625E-1	3.414505E-9
3.987752E-1	3.325553E-9
3.947534E-1	3.222107E-9
3.907651E-1	3.137771E-9
3.867745E-1	3.060341E-9
3.827249E-1	2.984970E-9
3.787308E-1	2.897904E-9
3.747120E-1	2.799486E-9
3.707201E-1	2.732538E-9
3.667304E-1	2.653098E-9
3.627102E-1	2.578142E-9
3.586523E-1	2.499879E-9
3.546645E-1	2.414823E-9
3.506767E-1	2.333881E-9
3.466557E-1	2.281172E-9
3.426639E-1	2.213172E-9
3.386742E-1	2.136121E-9
3.346197E-1	2.072605E-9
3.306343E-1	2.006869E-9
3.266093E-1	1.938824E-9
3.226214E-1	1.875100E-9
3.186327E-1	1.823650E-9
3.146120E-1	1.751375E-9
3.105542E-1	1.692425E-9
3.065659E-1	1.626436E-9
3.025772E-1	1.583198E-9
2.985509E-1	1.537236E-9
2.945670E-1	1.470913E-9
2.905767E-1	1.422311E-9
2.865562E-1	1.371867E-9
2.825314E-1	1.318279E-9
2.785111E-1	1.275040E-9
2.745186E-1	1.237542E-9
2.705308E-1	1.159780E-9
2.665067E-1	1.117799E-9
2.625210E-1	1.081180E-9
2.584628E-1	1.029395E-9
2.544740E-1	9.926087E-10
2.504532E-1	9.374288E-10
2.464673E-1	8.987158E-10
2.424788E-1	8.602538E-10
2.384552E-1	8.260229E-10
2.344341E-1	7.835811E-10
2.304049E-1	7.493923E-10
2.264242E-1	6.933758E-10
2.224323E-1	6.586425E-10
2.184129E-1	6.343002E-10
2.144224E-1	5.947908E-10
2.103686E-1	5.731290E-10
2.063751E-1	5.397366E-10
2.023490E-1	5.101988E-10
1.983616E-1	4.788173E-10
1.943760E-1	4.525900E-10
1.903559E-1	4.163483E-10
1.863318E-1	3.949804E-10
1.823130E-1	3.722301E-10
1.783231E-1	3.516584E-10
1.743376E-1	3.306258E-10
1.703090E-1	3.160867E-10
1.663219E-1	3.007108E-10
1.623290E-1	2.754461E-10
1.582780E-1	2.579751E-10
1.542538E-1	2.489253E-10
1.502648E-1	2.262582E-10
1.462762E-1	1.994024E-10
1.422498E-1	1.882153E-10
1.382663E-1	1.738864E-10
1.342059E-1	1.660097E-10
1.302172E-1	1.546553E-10
1.262273E-1	1.399914E-10
1.222072E-1	1.194197E-10
1.182182E-1	1.145595E-10
1.142308E-1	1.009007E-10
1.101735E-1	9.926683E-11
1.061531E-1	8.208878E-11
1.021616E-1	6.574864E-11
9.817219E-2	6.465922E-11
9.414900E-2	5.364029E-11
9.016217E-2	3.612712E-11
8.610782E-2	2.795699E-11
8.211847E-2	2.075065E-11
7.813087E-2	7.259533E-12
7.410464E-2	4.619978E-12
7.011972E-2	4.242932E-12
6.612576E-2	-1.616120E-11
6.210667E-2	-1.632884E-11
5.804916E-2	-2.299054E-11
5.406282E-2	-2.370277E-11
5.007315E-2	-2.705460E-11
4.605168E-2	-2.814397E-11
4.206103E-2	-3.669109E-11
3.807284E-2	-3.694245E-11
3.401881E-2	-4.213777E-11
3.002606E-2	-4.234726E-11
2.600368E-2	-4.381369E-11
2.201832E-2	-4.988884E-11
1.803068E-2	-5.022402E-11
1.400513E-2	-4.226347E-11
9.949180E-3	-3.857648E-11
5.955018E-3	-4.892520E-11
1.971324E-3	-5.378531E-11
-2.043061E-3	-8.319891E-11
-6.035008E-3	-5.512606E-11
-1.002545E-2	-4.875761E-11
-1.408280E-2	-5.608969E-11
-1.807349E-2	-5.575452E-11
-2.209374E-2	-5.923202E-11
-2.607943E-2	-5.860354E-11
-3.007214E-2	-5.659245E-11
-3.409664E-2	-5.935771E-11
-3.808938E-2	-6.706687E-11
-4.214260E-2	-7.867320E-11
-4.613556E-2	-6.731826E-11
-5.015351E-2	-8.680271E-11
-5.414694E-2	-8.131319E-11
-5.813241E-2	-9.120271E-11
-6.212269E-2	-9.442937E-11
-6.618062E-2	-9.623127E-11
-7.020526E-2	-1.006313E-10
-7.419436E-2	-1.088027E-10
-7.818463E-2	-1.188598E-10
-8.220339E-2	-1.353284E-10
-8.619539E-2	-1.365855E-10
-9.025457E-2	-1.398960E-10
-9.423834E-2	-1.489055E-10
-9.823468E-2	-1.646617E-10
-1.022569E-1	-1.715759E-10
-1.062485E-1	-1.901815E-10
-1.102320E-1	-1.884637E-10
-1.142931E-1	-1.946235E-10
-1.182809E-1	-2.153244E-10
-1.223029E-1	-2.275188E-10
-1.262891E-1	-2.289436E-10
-1.302804E-1	-2.455377E-10
-1.343054E-1	-2.569778E-10
-1.382937E-1	-2.691301E-10
-1.423571E-1	-2.877360E-10
-1.463438E-1	-2.971225E-10
-1.503355E-1	-3.026539E-10
-1.543571E-1	-3.205054E-10
-1.583472E-1	-3.398651E-10
-1.623333E-1	-3.642959E-10
-1.663947E-1	-3.741433E-10
-1.704184E-1	-3.905698E-10
-1.744100E-1	-4.116061E-10
-1.783961E-1	-4.198609E-10
-1.824181E-1	-4.470160E-10
-1.864075E-1	-4.600481E-10
-1.904635E-1	-4.794500E-10
-1.944548E-1	-5.035033E-10
-1.984412E-1	-5.260483E-10
-2.024677E-1	-5.442345E-10
-2.064551E-1	-5.697546E-10
-2.104472E-1	-5.851751E-10
-2.145031E-1	-5.985432E-10
-2.184917E-1	-6.312710E-10
-2.225162E-1	-6.569165E-10
-2.265049E-1	-6.795027E-10
-2.304927E-1	-6.949235E-10
-2.345182E-1	-7.258501E-10
-2.385057E-1	-7.586191E-10
-2.425641E-1	-7.917237E-10
-2.465497E-1	-8.280975E-10
-2.505403E-1	-8.550846E-10
-2.545659E-1	-8.986643E-10
-2.585509E-1	-9.222992E-10
-2.625442E-1	-9.694829E-10
-2.665961E-1	-9.955485E-10
-2.706210E-1	-1.039758E-9
-2.746093E-1	-1.079149E-9
-2.786035E-1	-1.126039E-9
-2.826240E-1	-1.182067E-9
-2.866136E-1	-1.206119E-9
-2.906707E-1	-1.261810E-9
-2.946603E-1	-1.305811E-9
-2.986480E-1	-1.350732E-9
-3.026705E-1	-1.402946E-9
-3.066630E-1	-1.456165E-9
-3.106515E-1	-1.493797E-9
-3.147103E-1	-1.561597E-9
-3.186979E-1	-1.608823E-9
-3.227225E-1	-1.666276E-9
-3.267082E-1	-1.736047E-9
-3.307016E-1	-1.794378E-9
-3.347213E-1	-1.853798E-9
-3.387437E-1	-1.919254E-9
-3.427680E-1	-1.983366E-9
-3.467579E-1	-2.052051E-9
-3.507475E-1	-2.125174E-9
-3.547690E-1	-2.186355E-9
-3.587600E-1	-2.262663E-9
-3.627472E-1	-2.342114E-9
-3.668060E-1	-2.428564E-9
-3.708259E-1	-2.523814E-9
-3.748178E-1	-2.595932E-9
-3.788065E-1	-2.683722E-9
-3.827982E-1	-2.763465E-9
-3.868187E-1	-2.860309E-9
-3.908759E-1	-2.943111E-9
-3.948644E-1	-3.042760E-9
-3.988540E-1	-3.132856E-9
-4.028740E-1	-3.243696E-9
-4.068621E-1	-3.325533E-9
-4.108547E-1	-3.458961E-9
-4.149098E-1	-3.562216E-9
-4.189033E-1	-3.639361E-9
-4.229234E-1	-3.762311E-9
-4.269139E-1	-3.853868E-9
-4.309032E-1	-3.964709E-9
-4.349280E-1	-4.093060E-9
-4.389488E-1	-4.203523E-9
-4.429756E-1	-4.334471E-9
-4.469627E-1	-4.454156E-9
-4.509540E-1	-4.623995E-9
-4.549753E-1	-4.741121E-9
-4.589649E-1	-4.829036E-9
-4.629521E-1	-4.999170E-9
-4.670093E-1	-5.096593E-9
-4.710345E-1	-5.292586E-9
-4.750195E-1	-5.421779E-9
-4.790097E-1	-5.590739E-9
-4.829974E-1	-5.680365E-9
-4.870241E-1	-5.837973E-9
-4.910773E-1	-6.063714E-9
-4.950688E-1	-6.226305E-9
-4.990570E-1	-6.323396E-9
-5.030822E-1	-6.479038E-9
-5.070688E-1	-6.654066E-9
-5.110591E-1	-6.850559E-9
-5.151156E-1	-7.032922E-9
-5.191056E-1	-7.192589E-9
-5.231307E-1	-7.397129E-9
-5.271174E-1	-7.569311E-9
-5.311076E-1	-7.755118E-9
-5.351282E-1	-7.952531E-9
-5.391521E-1	-8.169897E-9
-5.431727E-1	-8.387834E-9
-5.471633E-1	-8.581020E-9
-5.511520E-1	-8.803361E-9
-5.551775E-1	-9.013046E-9
-5.591630E-1	-9.253498E-9
-5.631555E-1	-9.469063E-9
-5.672112E-1	-9.729709E-9
-5.712008E-1	-9.943372E-9
-5.752247E-1	-1.016547E-8
-5.792114E-1	-1.042243E-8
-5.832030E-1	-1.068031E-8
-5.872251E-1	-1.090887E-8
-5.912824E-1	-1.120170E-8
-5.952706E-1	-1.144655E-8
-5.992612E-1	-1.170752E-8
-6.032827E-1	-1.199294E-8
-6.072730E-1	-1.228677E-8
-6.112602E-1	-1.256071E-8
-6.153148E-1	-1.293358E-8
-6.193033E-1	-1.319536E-8
-6.233305E-1	-1.349246E-8
-6.273180E-1	-1.379078E-8
-6.313068E-1	-1.414985E-8
-6.353299E-1	-1.436236E-8
-6.393520E-1	-1.470938E-8
-6.433756E-1	-1.505093E-8
-6.473633E-1	-1.536620E-8
-6.513544E-1	-1.569967E-8
-6.553782E-1	-1.606955E-8
-6.593676E-1	-1.639083E-8
-6.633545E-1	-1.677246E-8
-6.674116E-1	-1.714840E-8
-6.713994E-1	-1.748011E-8
-6.754254E-1	-1.785864E-8
-6.794107E-1	-1.821754E-8
-6.834012E-1	-1.865126E-8
-6.874260E-1	-1.905163E-8
-6.914802E-1	-1.942548E-8
-6.954727E-1	-1.982765E-8
-6.994599E-1	-2.027617E-8
-7.034837E-1	-2.072898E-8
-7.074712E-1	-2.109783E-8
-7.114649E-1	-2.157077E-8
-7.155175E-1	-2.200721E-8
-7.195089E-1	-2.240290E-8
-7.235315E-1	-2.291608E-8
-7.275223E-1	-2.336836E-8
-7.315097E-1	-2.385337E-8
-7.355335E-1	-2.436882E-8
-7.395572E-1	-2.483653E-8
-7.435774E-1	-2.537656E-8
-7.475672E-1	-2.587740E-8
-7.515544E-1	-2.638260E-8
-7.555778E-1	-2.689157E-8
-7.595668E-1	-2.741451E-8
-7.635582E-1	-2.801080E-8
-7.676129E-1	-2.861012E-8
-7.716035E-1	-2.921224E-8
-7.756238E-1	-2.973153E-8
-7.796134E-1	-3.030911E-8
-7.836027E-1	-3.089954E-8
-7.876270E-1	-3.156886E-8
-7.916858E-1	-3.215661E-8
-7.956709E-1	-3.278803E-8
-7.996618E-1	-3.345261E-8
-8.036506E-1	-3.409709E-8
-8.076726E-1	-3.479128E-8
-8.116601E-1	-3.541122E-8
-8.157170E-1	-3.613236E-8
-8.197063E-1	-3.680929E-8
-8.237295E-1	-3.752213E-8
-8.277180E-1	-3.828522E-8
-8.317086E-1	-3.902495E-8
-8.357296E-1	-3.970828E-8
-8.397539E-1	-4.046351E-8
-8.437749E-1	-4.128477E-8
-8.477657E-1	-4.217420E-8
-8.517554E-1	-4.287703E-8
-8.557762E-1	-4.366855E-8
-8.597677E-1	-4.449256E-8
-8.637551E-1	-4.543098E-8
-8.678139E-1	-4.620961E-8
-8.718030E-1	-4.712147E-8
-8.758264E-1	-4.793369E-8
-8.798119E-1	-4.886325E-8
-8.838021E-1	-4.982931E-8
-8.878239E-1	-5.072762E-8
-8.918471E-1	-5.157766E-8
-8.958697E-1	-5.264457E-8
-8.998598E-1	-5.360467E-8
-9.038501E-1	-5.452139E-8
-9.078708E-1	-5.546363E-8
-9.118613E-1	-5.647601E-8
-9.159157E-1	-5.757182E-8
-9.199069E-1	-5.853580E-8
-9.239261E-1	-5.959337E-8
-9.279184E-1	-6.072030E-8
-9.319054E-1	-6.180939E-8
-9.359312E-1	-6.294653E-8
-9.399539E-1	-6.400931E-8
-9.439754E-1	-6.512177E-8
-9.479618E-1	-6.624127E-8
-9.519534E-1	-6.748276E-8
-9.559776E-1	-6.840417E-8
-9.599659E-1	-6.976019E-8
-9.639555E-1	-7.087828E-8
-9.680112E-1	-7.211484E-8
-9.720040E-1	-7.339667E-8
-9.760229E-1	-7.456160E-8
-9.800150E-1	-7.582128E-8
-9.840024E-1	-7.710436E-8
-9.880272E-1	-7.852131E-8
-9.920459E-1	-7.984489E-8
-9.960740E-1	-8.119731E-8
-1.000059E+0	-8.244145E-8
