Voltage (V)	Current (A)
1.499950E+0	4.027023E-7
1.494944E+0	3.941263E-7
1.489943E+0	3.874206E-7
1.484938E+0	3.804760E-7
1.479907E+0	3.730362E-7
1.474898E+0	3.661310E-7
1.469900E+0	3.592643E-7
1.464896E+0	3.519498E-7
1.459892E+0	3.458715E-7
1.454891E+0	3.377856E-7
1.449849E+0	3.313739E-7
1.444852E+0	3.248874E-7
1.439845E+0	3.184392E-7
1.434845E+0	3.118282E-7
1.429840E+0	3.058826E-7
1.424772E+0	2.998839E-7
1.419806E+0	2.939029E-7
1.414801E+0	2.878308E-7
1.409802E+0	2.820470E-7
1.404799E+0	2.764235E-7
1.399791E+0	2.702337E-7
1.394723E+0	2.650155E-7
1.389750E+0	2.594072E-7
1.384749E+0	2.544875E-7
1.379743E+0	2.487398E-7
1.374749E+0	2.432584E-7
1.369741E+0	2.378266E-7
1.364668E+0	2.322624E-7
1.359704E+0	2.275163E-7
1.354701E+0	2.224663E-7
1.349699E+0	2.177274E-7
1.344694E+0	2.129603E-7
1.339694E+0	2.083685E-7
1.334624E+0	2.038569E-7
1.329651E+0	1.986020E-7
1.324650E+0	1.943052E-7
1.319647E+0	1.894048E-7
1.314645E+0	1.852852E-7
1.309642E+0	1.814626E-7
1.304572E+0	1.765124E-7
1.299608E+0	1.730659E-7
1.294602E+0	1.686076E-7
1.289600E+0	1.642860E-7
1.284594E+0	1.602108E-7
1.279597E+0	1.563692E-7
1.274522E+0	1.526413E-7
1.269553E+0	1.481569E-7
1.264551E+0	1.444683E-7
1.259546E+0	1.411245E-7
1.254546E+0	1.373047E-7
1.249542E+0	1.340742E-7
1.244469E+0	1.311567E-7
1.239504E+0	1.275468E-7
1.234502E+0	1.244738E-7
1.229502E+0	1.209671E-7
1.224496E+0	1.176000E-7
1.219498E+0	1.143705E-7
1.214430E+0	1.116224E-7
1.209455E+0	1.080339E-7
1.204453E+0	1.053293E-7
1.199451E+0	1.029039E-7
1.194447E+0	9.979337E-8
1.189442E+0	9.652309E-8
1.184378E+0	9.364730E-8
1.179407E+0	9.150921E-8
1.174405E+0	8.883765E-8
1.169401E+0	8.603286E-8
1.164401E+0	8.394989E-8
1.159399E+0	8.126986E-8
1.154325E+0	7.867617E-8
1.149359E+0	7.698154E-8
1.144359E+0	7.455068E-8
1.139351E+0	7.231665E-8
1.134351E+0	6.995354E-8
1.129346E+0	6.752491E-8
1.124278E+0	6.566646E-8
1.119309E+0	6.375172E-8
1.114306E+0	6.157605E-8
1.109303E+0	5.978111E-8
1.104301E+0	5.767042E-8
1.099297E+0	5.593282E-8
1.094224E+0	5.404397E-8
1.089260E+0	5.238897E-8
1.084256E+0	5.048991E-8
1.079253E+0	4.890581E-8
1.074249E+0	4.742770E-8
1.069246E+0	4.573758E-8
1.064179E+0	4.432305E-8
1.059209E+0	4.295772E-8
1.054205E+0	4.145827E-8
1.049204E+0	3.966267E-8
1.044200E+0	3.838996E-8
1.039201E+0	3.701413E-8
1.034127E+0	3.563798E-8
1.029159E+0	3.445740E-8
1.024158E+0	3.309322E-8
1.019155E+0	3.192003E-8
1.014153E+0	3.083295E-8
1.009152E+0	2.968781E-8
1.004079E+0	2.854728E-8
9.991111E-1	2.742389E-8
9.941109E-1	2.638487E-8
9.891081E-1	2.537380E-8
9.841019E-1	2.435511E-8
9.791000E-1	2.355574E-8
9.740307E-1	2.255312E-8
9.690624E-1	2.162447E-8
9.640577E-1	2.093152E-8
9.590527E-1	2.000556E-8
9.540538E-1	1.908399E-8
9.490479E-1	1.852774E-8
9.439782E-1	1.769890E-8
9.390104E-1	1.700954E-8
9.340100E-1	1.621230E-8
9.290100E-1	1.544524E-8
9.240025E-1	1.487327E-8
9.189997E-1	1.424238E-8
9.139305E-1	1.351269E-8
9.089629E-1	1.296768E-8
9.039598E-1	1.243344E-8
8.989599E-1	1.176040E-8
8.939559E-1	1.128757E-8
8.889521E-1	1.078702E-8
8.838836E-1	1.023414E-8
8.789123E-1	9.737083E-9
8.739154E-1	9.268263E-9
8.689087E-1	8.791955E-9
8.639084E-1	8.349309E-9
8.589051E-1	8.030210E-9
8.538319E-1	7.619318E-9
8.488664E-1	7.174030E-9
8.438618E-1	6.787690E-9
8.388604E-1	6.405742E-9
8.338596E-1	6.068595E-9
8.288527E-1	5.724232E-9
8.237830E-1	5.387334E-9
8.188176E-1	5.143698E-9
8.138157E-1	4.853971E-9
8.088108E-1	4.546438E-9
8.038110E-1	4.325010E-9
7.988105E-1	4.057366E-9
7.937352E-1	3.854411E-9
7.887686E-1	3.611865E-9
7.837633E-1	3.410628E-9
7.787654E-1	3.207174E-9
7.737589E-1	3.018968E-9
7.687573E-1	2.821376E-9
7.636886E-1	2.655377E-9
7.587168E-1	2.475509E-9
7.537185E-1	2.344120E-9
7.487133E-1	2.176274E-9
7.437136E-1	2.045637E-9
7.387117E-1	1.912820E-9
7.336404E-1	1.789807E-9
7.286722E-1	1.691432E-9
7.236671E-1	1.557902E-9
7.186674E-1	1.458563E-9
7.136619E-1	1.357338E-9
7.086617E-1	1.265371E-9
7.035930E-1	1.153463E-9
6.986215E-1	1.081314E-9
6.936212E-1	9.965549E-10
6.886153E-1	9.365143E-10
6.836151E-1	8.582914E-10
6.786083E-1	7.770510E-10
6.735382E-1	7.302503E-10
6.685733E-1	6.855879E-10
6.635692E-1	6.162051E-10
6.585695E-1	5.730499E-10
6.535631E-1	5.397833E-10
6.485618E-1	4.861950E-10
6.434927E-1	4.528865E-10
6.385232E-1	4.138797E-10
6.335226E-1	3.802778E-10
6.285168E-1	3.555159E-10
6.235169E-1	3.243437E-10
6.185125E-1	3.038559E-10
6.134406E-1	2.721389E-10
6.084753E-1	2.460366E-10
6.034716E-1	2.168756E-10
5.984697E-1	2.134398E-10
5.934685E-1	1.849493E-10
5.884668E-1	1.687347E-10
5.833939E-1	1.548246E-10
5.784249E-1	1.449787E-10
5.734226E-1	1.219346E-10
5.684186E-1	1.160272E-10
5.634192E-1	1.017399E-10
5.584146E-1	8.560920E-11
5.533462E-1	7.748113E-11
5.483760E-1	6.499543E-11
5.433731E-1	5.883653E-11
5.383703E-1	5.200705E-11
5.333670E-1	4.861338E-11
5.283675E-1	3.621164E-11
5.232955E-1	2.921462E-11
5.183278E-1	2.313940E-11
5.133260E-1	1.639391E-11
5.083215E-1	1.279066E-11
5.033212E-1	-9.099388E-13
4.983171E-1	3.489313E-12
4.932471E-1	-8.535395E-12
4.882775E-1	-1.058844E-11
4.832743E-1	-1.331178E-11
4.782729E-1	-1.398213E-11
4.732689E-1	-1.787862E-11
4.682704E-1	-1.750159E-11
4.631992E-1	-1.892608E-11
4.582277E-1	-3.149548E-11
4.532261E-1	-2.906537E-11
4.482244E-1	-3.136979E-11
4.432230E-1	-2.768272E-11
4.382161E-1	-3.765449E-11
4.331513E-1	-2.961004E-11
4.281794E-1	-3.472158E-11
4.231772E-1	-3.312946E-11
4.181767E-1	-4.109009E-11
4.131691E-1	-3.673271E-11
4.081685E-1	-4.335258E-11
4.030963E-1	-4.699773E-11
3.981316E-1	-3.966557E-11
3.931262E-1	-4.268222E-11
3.881251E-1	-4.636923E-11
3.831243E-1	-4.226324E-11
3.781197E-1	-3.359036E-11
3.730507E-1	-4.930210E-11
3.680804E-1	-4.578265E-11
3.630790E-1	-4.322692E-11
3.580741E-1	-5.043334E-11
3.530725E-1	-4.557317E-11
3.480725E-1	-4.812894E-11
3.429974E-1	-4.666254E-11
3.380293E-1	-4.930209E-11
3.330282E-1	-4.284981E-11
3.280269E-1	-4.557318E-11
3.230250E-1	-4.838033E-11
3.180197E-1	-4.645303E-11
3.129540E-1	-4.741669E-11
3.079854E-1	-4.624354E-11
3.029799E-1	-5.734650E-11
2.979750E-1	-4.817086E-11
2.929738E-1	-4.955349E-11
2.879729E-1	-4.611785E-11
2.828997E-1	-4.858982E-11
2.779321E-1	-4.532179E-11
2.729282E-1	-4.917640E-11
2.679235E-1	-5.265394E-11
2.629208E-1	-4.586646E-11
2.579214E-1	-5.034955E-11
2.528494E-1	-5.257015E-11
2.478827E-1	-5.277962E-11
2.428832E-1	-4.666252E-11
2.378794E-1	-5.097801E-11
2.328735E-1	-4.821276E-11
2.278741E-1	-4.649495E-11
2.228024E-1	-4.959539E-11
2.178339E-1	-5.336619E-11
2.128292E-1	-4.641115E-11
2.078287E-1	-4.632733E-11
2.028226E-1	-6.187148E-11
1.978184E-1	-4.850604E-11
1.927535E-1	-5.047525E-11
1.877843E-1	-5.407847E-11
1.827825E-1	-5.307290E-11
1.777800E-1	-4.029405E-11
1.727809E-1	-5.039142E-11
1.677727E-1	-5.127129E-11
1.627000E-1	-5.252825E-11
1.577352E-1	-4.846414E-11
1.527305E-1	-5.500023E-11
1.477281E-1	-5.265392E-11
1.427236E-1	-4.905071E-11
1.377209E-1	-5.198356E-11
1.326500E-1	-5.039143E-11
1.276742E-1	-5.143890E-11
1.226781E-1	-4.976299E-11
1.176759E-1	-5.244444E-11
1.126735E-1	-5.227685E-11
1.076703E-1	-4.770997E-11
1.025992E-1	-5.328240E-11
9.763017E-2	-5.416225E-11
9.262461E-2	-4.817087E-11
8.762178E-2	-4.657875E-11
8.262291E-2	-5.462314E-11
7.761852E-2	-5.022384E-11
7.254633E-2	-4.720720E-11
6.757779E-2	-5.361759E-11
6.257804E-2	-5.051714E-11
5.757229E-2	-5.018195E-11
5.257427E-2	-5.537731E-11
4.757018E-2	-5.495832E-11
4.249883E-2	-4.967919E-11
3.753353E-2	-4.708149E-11
3.252664E-2	-5.118751E-11
2.752581E-2	-5.043334E-11
2.252046E-2	-4.699770E-11
1.752028E-2	-5.374329E-11
1.244410E-2	-5.378518E-11
7.475158E-3	-5.039145E-11
2.477505E-3	-5.944141E-11
-2.523451E-3	-8.034943E-11
-7.526169E-3	-5.081043E-11
-1.253224E-2	-5.034955E-11
-1.760395E-2	-5.135511E-11
-2.260317E-2	-5.143889E-11
-2.757622E-2	-4.879934E-11
-3.257920E-2	-5.319862E-11
-3.758686E-2	-5.219307E-11
-4.258479E-2	-5.814257E-11
-4.765876E-2	-5.189978E-11
-5.263144E-2	-5.571249E-11
-5.763221E-2	-5.210924E-11
-6.263189E-2	-4.871552E-11
-6.763919E-2	-4.984677E-11
-7.264594E-2	-5.181598E-11
-7.767756E-2	-5.223495E-11
-8.268385E-2	-5.257017E-11
-8.769128E-2	-5.919001E-11
-9.269122E-2	-5.127131E-11
-9.769626E-2	-5.169029E-11
-1.026985E-1	-5.487454E-11
-1.077403E-1	-5.424604E-11
-1.127390E-1	-4.578267E-11
-1.177437E-1	-5.328242E-11
-1.227491E-1	-5.219306E-11
-1.277468E-1	-5.022387E-11
-1.327569E-1	-5.462315E-11
-1.377902E-1	-5.386898E-11
-1.427957E-1	-5.638286E-11
-1.478008E-1	-5.055905E-11
-1.528067E-1	-5.508401E-11
-1.578068E-1	-5.257016E-11
-1.628103E-1	-5.022384E-11
-1.678539E-1	-5.265394E-11
-1.728545E-1	-5.432987E-11
-1.778589E-1	-5.445557E-11
-1.828644E-1	-4.930211E-11
-1.878666E-1	-5.780739E-11
-1.928722E-1	-5.206738E-11
-1.979046E-1	-4.649492E-11
-2.029102E-1	-5.412036E-11
-2.079144E-1	-5.223495E-11
-2.129178E-1	-4.603409E-11
-2.179219E-1	-5.189980E-11
-2.229237E-1	-5.621526E-11
-2.279651E-1	-4.607598E-11
-2.329653E-1	-5.382710E-11
-2.379683E-1	-5.642477E-11
-2.429761E-1	-5.730463E-11
-2.479777E-1	-5.101991E-11
-2.529473E-1	-5.479074E-11
-2.580156E-1	-5.596387E-11
-2.630204E-1	-5.261204E-11
-2.680196E-1	-4.846415E-11
-2.730217E-1	-5.516783E-11
-2.779970E-1	-5.328242E-11
-2.830012E-1	-5.223497E-11
-2.880737E-1	-6.585180E-11
-2.930734E-1	-5.395277E-11
-2.980806E-1	-5.047526E-11
-3.030480E-1	-5.520973E-11
-3.080531E-1	-5.734652E-11
-3.130581E-1	-4.368779E-11
-3.181272E-1	-5.215119E-11
-3.231331E-1	-6.053076E-11
-3.281009E-1	-5.512591E-11
-3.331023E-1	-5.206736E-11
-3.381062E-1	-5.801687E-11
-3.431091E-1	-5.684374E-11
-3.481839E-1	-5.525162E-11
-3.531506E-1	-5.696943E-11
-3.581554E-1	-5.755601E-11
-3.631577E-1	-5.365949E-11
-3.681597E-1	-5.797498E-11
-3.731649E-1	-5.860346E-11
-3.782027E-1	-6.283515E-11
-3.832084E-1	-5.646667E-11
-3.882096E-1	-6.384069E-11
-3.932131E-1	-6.216478E-11
-3.982140E-1	-5.889675E-11
-4.032166E-1	-6.149440E-11
-4.082541E-1	-6.304464E-11
-4.132559E-1	-6.141061E-11
-4.182644E-1	-6.438537E-11
-4.232664E-1	-6.979019E-11
-4.282691E-1	-6.895223E-11
-4.332745E-1	-6.849137E-11
-4.383108E-1	-7.020917E-11
-4.433173E-1	-7.976275E-11
-4.483176E-1	-7.062816E-11
-4.533248E-1	-7.628464E-11
-4.583250E-1	-8.152276E-11
-4.633288E-1	-8.143895E-11
-4.683669E-1	-8.227705E-11
-4.733682E-1	-8.684470E-11
-4.783719E-1	-9.245997E-11
-4.833744E-1	-8.986185E-11
-4.883792E-1	-1.007571E-10
-4.933830E-1	-9.786570E-11
-4.984179E-1	-1.065819E-10
-5.034252E-1	-1.082581E-10
-5.084244E-1	-1.180220E-10
-5.134303E-1	-1.202849E-10
-5.184326E-1	-1.248106E-10
-5.234392E-1	-1.390164E-10
-5.284744E-1	-1.400640E-10
-5.334754E-1	-1.553173E-10
-5.384788E-1	-1.547726E-10
-5.434803E-1	-1.679308E-10
-5.484853E-1	-1.721632E-10
-5.534531E-1	-1.789518E-10
-5.585252E-1	-1.822624E-10
-5.635298E-1	-2.020834E-10
-5.685327E-1	-2.113023E-10
-5.735376E-1	-2.231616E-10
-5.785052E-1	-2.399654E-10
-5.835111E-1	-2.529140E-10
-5.885838E-1	-2.652342E-10
-5.935845E-1	-2.855999E-10
-5.985903E-1	-3.024877E-10
-6.035553E-1	-3.159809E-10
-6.085615E-1	-3.389451E-10
-6.135617E-1	-3.611967E-10
-6.186351E-1	-3.749414E-10
-6.236376E-1	-4.013831E-10
-6.286055E-1	-4.288731E-10
-6.336118E-1	-4.585416E-10
-6.386122E-1	-4.871626E-10
-6.436172E-1	-5.159935E-10
-6.486525E-1	-5.500622E-10
-6.536575E-1	-5.778034E-10
-6.586621E-1	-6.117463E-10
-6.636643E-1	-6.374760E-10
-6.686665E-1	-6.741847E-10
-6.736677E-1	-7.157964E-10
-6.787074E-1	-7.710687E-10
-6.837088E-1	-8.112554E-10
-6.887115E-1	-8.561364E-10
-6.937180E-1	-9.075107E-10
-6.987203E-1	-9.637053E-10
-7.037249E-1	-1.020404E-9
-7.087603E-1	-1.084560E-9
-7.137661E-1	-1.149680E-9
-7.187694E-1	-1.212915E-9
-7.237714E-1	-1.289014E-9
-7.287771E-1	-1.357109E-9
-7.337773E-1	-1.444355E-9
-7.388151E-1	-1.492797E-9
-7.438171E-1	-1.574765E-9
-7.488204E-1	-1.676552E-9
-7.538239E-1	-1.760319E-9
-7.588257E-1	-1.859423E-9
-7.638316E-1	-1.964524E-9
-7.688658E-1	-2.072889E-9
-7.738720E-1	-2.186495E-9
-7.788753E-1	-2.297332E-9
-7.838744E-1	-2.412821E-9
-7.888808E-1	-2.539583E-9
-7.938840E-1	-2.682186E-9
-7.989203E-1	-2.823824E-9
-8.039233E-1	-2.959347E-9
-8.089278E-1	-3.122481E-9
-8.139315E-1	-3.288344E-9
-8.189320E-1	-3.467823E-9
-8.239014E-1	-3.688911E-9
-8.289687E-1	-3.873168E-9
-8.339750E-1	-4.048917E-9
-8.389780E-1	-4.234137E-9
-8.439795E-1	-4.448439E-9
-8.489522E-1	-4.668316E-9
-8.539549E-1	-4.925148E-9
-8.590271E-1	-5.163381E-9
-8.640294E-1	-5.415318E-9
-8.690347E-1	-5.692722E-9
-8.740024E-1	-5.974826E-9
-8.790031E-1	-6.280023E-9
-8.840086E-1	-6.591165E-9
-8.890781E-1	-6.943499E-9
-8.940792E-1	-7.246811E-9
-8.990472E-1	-7.560054E-9
-9.040556E-1	-7.916324E-9
-9.090574E-1	-8.263469E-9
-9.140589E-1	-8.650671E-9
-9.191310E-1	-9.139450E-9
-9.240971E-1	-9.522873E-9
-9.291037E-1	-9.986350E-9
-9.341047E-1	-1.041243E-8
-9.391082E-1	-1.088411E-8
-9.441125E-1	-1.131444E-8
-9.491490E-1	-1.173479E-8
-9.541535E-1	-1.229334E-8
-9.591543E-1	-1.272475E-8
-9.641595E-1	-1.325506E-8
-9.691659E-1	-1.384194E-8
-9.741645E-1	-1.441394E-8
-9.792042E-1	-1.498327E-8
-9.842058E-1	-1.558675E-8
-9.892102E-1	-1.626572E-8
-9.942111E-1	-1.679712E-8
-9.992171E-1	-1.747543E-8
-1.004221E+0	-1.818735E-8
-1.009255E+0	-1.887226E-8
-1.014260E+0	-1.960878E-8
-1.019261E+0	-2.033361E-8
-1.024266E+0	-2.112183E-8
-1.029268E+0	-2.189613E-8
-1.034269E+0	-2.291602E-8
-1.039308E+0	-2.381570E-8
-1.044312E+0	-2.450588E-8
-1.049314E+0	-2.550105E-8
-1.054315E+0	-2.648066E-8
-1.059320E+0	-2.749008E-8
-1.064325E+0	-2.837733E-8
-1.069361E+0	-2.936109E-8
-1.074366E+0	-3.040894E-8
-1.079368E+0	-3.138204E-8
-1.084372E+0	-3.248368E-8
-1.089372E+0	-3.349481E-8
-1.094378E+0	-3.475423E-8
-1.099414E+0	-3.575287E-8
-1.104416E+0	-3.690001E-8
-1.109420E+0	-3.826472E-8
-1.114421E+0	-3.971731E-8
-1.119426E+0	-4.102913E-8
-1.124398E+0	-4.234900E-8
-1.129468E+0	-4.376695E-8
-1.134471E+0	-4.515300E-8
-1.139473E+0	-4.664025E-8
-1.144479E+0	-4.818445E-8
-1.149445E+0	-4.957463E-8
-1.154447E+0	-5.102501E-8
-1.159522E+0	-5.267594E-8
-1.164522E+0	-5.429851E-8
-1.169523E+0	-5.588195E-8
-1.174494E+0	-5.787154E-8
-1.179499E+0	-5.969012E-8
-1.184500E+0	-6.130504E-8
-1.189574E+0	-6.300737E-8
-1.194576E+0	-6.473136E-8
-1.199545E+0	-6.663491E-8
-1.204546E+0	-6.869431E-8
-1.209548E+0	-7.110533E-8
-1.214553E+0	-7.295285E-8
-1.219624E+0	-7.501448E-8
-1.224592E+0	-7.666457E-8
-1.229599E+0	-7.883025E-8
-1.234599E+0	-8.099621E-8
-1.239603E+0	-8.336374E-8
-1.244602E+0	-8.564987E-8
-1.249640E+0	-8.796032E-8
-1.254646E+0	-9.065463E-8
-1.259645E+0	-9.248492E-8
-1.264650E+0	-9.502737E-8
-1.269653E+0	-9.768834E-8
-1.274656E+0	-1.001059E-7
-1.279693E+0	-1.028329E-7
-1.284698E+0	-1.056472E-7
-1.289702E+0	-1.083211E-7
-1.294702E+0	-1.108938E-7
-1.299707E+0	-1.134838E-7
-1.304708E+0	-1.163460E-7
-1.309743E+0	-1.197565E-7
-1.314748E+0	-1.229854E-7
-1.319752E+0	-1.261623E-7
-1.324756E+0	-1.286712E-7
-1.329754E+0	-1.319564E-7
-1.334764E+0	-1.348292E-7
-1.339797E+0	-1.378397E-7
-1.344803E+0	-1.413778E-7
-1.349808E+0	-1.446441E-7
-1.354810E+0	-1.477827E-7
-1.359813E+0	-1.516686E-7
-1.364817E+0	-1.545383E-7
-1.369850E+0	-1.586703E-7
-1.374855E+0	-1.627768E-7
-1.379856E+0	-1.661451E-7
-1.384861E+0	-1.689983E-7
-1.389861E+0	-1.733699E-7
-1.394867E+0	-1.770718E-7
-1.399901E+0	-1.813834E-7
-1.404906E+0	-1.857412E-7
-1.409911E+0	-1.895275E-7
-1.414913E+0	-1.939024E-7
-1.419917E+0	-1.972961E-7
-1.424883E+0	-2.017424E-7
-1.429960E+0	-2.056179E-7
-1.434955E+0	-2.105630E-7
-1.439962E+0	-2.148420E-7
-1.444968E+0	-2.194330E-7
-1.449935E+0	-2.243266E-7
-1.454939E+0	-2.289502E-7
-1.460009E+0	-2.333065E-7
-1.465012E+0	-2.387409E-7
-1.469980E+0	-2.441049E-7
-1.474983E+0	-2.487848E-7
-1.479990E+0	-2.535747E-7
-1.484988E+0	-2.581992E-7
-1.490062E+0	-2.633570E-7
-1.495033E+0	-2.701179E-7
-1.500035E+0	-2.738603E-7
