Voltage (V)	Current (A)
1.499962E+0	6.037175E-7
1.494954E+0	5.935011E-7
1.489951E+0	5.840777E-7
1.484953E+0	5.736684E-7
1.479914E+0	5.636248E-7
1.474905E+0	5.541743E-7
1.469913E+0	5.444700E-7
1.464908E+0	5.357767E-7
1.459899E+0	5.259777E-7
1.454901E+0	5.169172E-7
1.449863E+0	5.072586E-7
1.444857E+0	4.982148E-7
1.439858E+0	4.899678E-7
1.434847E+0	4.802317E-7
1.429851E+0	4.718364E-7
1.424783E+0	4.633732E-7
1.419810E+0	4.549345E-7
1.414811E+0	4.464200E-7
1.409810E+0	4.380950E-7
1.404809E+0	4.302768E-7
1.399797E+0	4.219117E-7
1.394734E+0	4.133413E-7
1.389757E+0	4.053999E-7
1.384754E+0	3.977540E-7
1.379746E+0	3.905778E-7
1.374757E+0	3.839613E-7
1.369742E+0	3.751189E-7
1.364674E+0	3.680864E-7
1.359712E+0	3.597877E-7
1.354705E+0	3.528567E-7
1.349702E+0	3.460860E-7
1.344704E+0	3.391042E-7
1.339700E+0	3.320717E-7
1.334627E+0	3.255367E-7
1.329658E+0	3.191041E-7
1.324656E+0	3.122092E-7
1.319653E+0	3.063921E-7
1.314656E+0	3.000841E-7
1.309645E+0	2.939444E-7
1.304578E+0	2.878410E-7
1.299612E+0	2.812540E-7
1.294604E+0	2.758357E-7
1.289606E+0	2.689644E-7
1.284601E+0	2.634553E-7
1.279605E+0	2.574444E-7
1.274528E+0	2.516933E-7
1.269555E+0	2.465924E-7
1.264557E+0	2.408244E-7
1.259552E+0	2.350868E-7
1.254551E+0	2.305308E-7
1.249547E+0	2.253116E-7
1.244476E+0	2.200479E-7
1.239507E+0	2.146382E-7
1.234506E+0	2.097683E-7
1.229505E+0	2.047098E-7
1.224501E+0	2.002240E-7
1.219500E+0	1.955613E-7
1.214431E+0	1.903604E-7
1.209459E+0	1.858389E-7
1.204458E+0	1.817118E-7
1.199455E+0	1.767177E-7
1.194451E+0	1.725365E-7
1.189448E+0	1.684687E-7
1.184384E+0	1.641673E-7
1.179412E+0	1.598589E-7
1.174410E+0	1.560139E-7
1.169404E+0	1.519688E-7
1.164406E+0	1.479418E-7
1.159404E+0	1.438605E-7
1.154331E+0	1.404840E-7
1.149363E+0	1.366291E-7
1.144361E+0	1.335053E-7
1.139357E+0	1.296579E-7
1.134355E+0	1.259477E-7
1.129348E+0	1.223640E-7
1.124282E+0	1.190470E-7
1.119312E+0	1.159575E-7
1.114310E+0	1.129491E-7
1.109308E+0	1.099785E-7
1.104307E+0	1.071036E-7
1.099302E+0	1.038063E-7
1.094229E+0	1.007282E-7
1.089266E+0	9.805247E-8
1.084256E+0	9.539414E-8
1.079256E+0	9.220122E-8
1.074255E+0	8.967060E-8
1.069251E+0	8.688348E-8
1.064182E+0	8.433544E-8
1.059210E+0	8.179848E-8
1.054209E+0	7.937539E-8
1.049209E+0	7.763672E-8
1.044204E+0	7.470320E-8
1.039205E+0	7.233820E-8
1.034130E+0	7.016914E-8
1.029165E+0	6.813378E-8
1.024162E+0	6.563503E-8
1.019158E+0	6.384143E-8
1.014155E+0	6.175664E-8
1.009154E+0	5.948672E-8
1.004085E+0	5.765484E-8
9.991160E-1	5.564216E-8
9.941139E-1	5.352647E-8
9.891132E-1	5.158789E-8
9.841081E-1	4.995606E-8
9.791024E-1	4.852082E-8
9.740343E-1	4.663852E-8
9.690664E-1	4.514505E-8
9.640604E-1	4.320044E-8
9.590569E-1	4.183450E-8
9.540575E-1	4.040693E-8
9.490513E-1	3.911144E-8
9.439820E-1	3.771666E-8
9.390144E-1	3.639433E-8
9.340174E-1	3.485902E-8
9.290134E-1	3.361386E-8
9.240082E-1	3.239140E-8
9.190035E-1	3.092453E-8
9.139345E-1	2.981000E-8
9.089643E-1	2.872661E-8
9.039636E-1	2.748405E-8
8.989611E-1	2.633453E-8
8.939593E-1	2.546062E-8
8.889545E-1	2.442999E-8
8.838842E-1	2.356410E-8
8.789168E-1	2.256715E-8
8.739179E-1	2.172251E-8
8.689102E-1	2.081663E-8
8.639116E-1	1.994630E-8
8.589060E-1	1.904991E-8
8.538362E-1	1.820293E-8
8.488716E-1	1.741226E-8
8.438653E-1	1.666098E-8
8.388628E-1	1.595936E-8
8.338618E-1	1.510222E-8
8.288528E-1	1.445497E-8
8.237888E-1	1.377664E-8
8.188171E-1	1.317295E-8
8.138160E-1	1.257151E-8
8.088156E-1	1.202247E-8
8.038144E-1	1.140276E-8
7.988142E-1	1.085792E-8
7.937390E-1	1.032624E-8
7.887738E-1	9.890341E-9
7.837700E-1	9.428218E-9
7.787688E-1	8.928544E-9
7.737648E-1	8.436048E-9
7.687592E-1	8.010137E-9
7.636913E-1	7.590165E-9
7.587205E-1	7.176972E-9
7.537166E-1	6.826320E-9
7.487171E-1	6.450679E-9
7.437183E-1	6.079175E-9
7.387145E-1	5.773238E-9
7.336423E-1	5.367669E-9
7.286764E-1	5.145069E-9
7.236659E-1	4.811639E-9
7.186742E-1	4.516826E-9
7.136637E-1	4.215777E-9
7.086660E-1	3.965448E-9
7.035986E-1	3.768574E-9
6.986253E-1	3.528414E-9
6.936228E-1	3.287669E-9
6.886194E-1	3.089035E-9
6.836157E-1	2.910839E-9
6.786152E-1	2.760223E-9
6.735443E-1	2.556769E-9
6.685733E-1	2.381799E-9
6.635724E-1	2.239309E-9
6.585725E-1	2.075701E-9
6.535658E-1	1.942965E-9
6.485628E-1	1.824227E-9
6.434966E-1	1.705911E-9
6.385229E-1	1.588680E-9
6.335294E-1	1.467015E-9
6.285222E-1	1.377226E-9
6.235170E-1	1.257521E-9
6.185158E-1	1.160783E-9
6.134483E-1	1.088846E-9
6.084777E-1	1.013093E-9
6.034732E-1	9.196609E-10
5.984725E-1	8.629318E-10
5.934726E-1	7.892773E-10
5.884718E-1	7.100913E-10
5.833966E-1	6.623272E-10
5.784282E-1	6.050951E-10
5.734261E-1	5.456837E-10
5.684229E-1	4.977537E-10
5.634183E-1	4.579078E-10
5.584130E-1	4.189428E-10
5.533511E-1	3.854692E-10
5.483811E-1	3.549248E-10
5.433755E-1	3.188931E-10
5.383750E-1	2.925396E-10
5.333702E-1	2.680714E-10
5.283722E-1	2.372769E-10
5.233002E-1	2.093312E-10
5.183317E-1	1.830193E-10
5.133290E-1	1.815948E-10
5.083272E-1	1.482864E-10
5.033267E-1	1.320722E-10
4.983207E-1	1.130087E-10
4.932493E-1	1.055088E-10
4.882830E-1	9.654286E-11
4.832765E-1	7.970008E-11
4.782760E-1	6.574823E-11
4.732750E-1	7.098566E-11
4.682757E-1	4.840268E-11
4.632019E-1	3.989743E-11
4.582345E-1	3.407374E-11
4.532314E-1	2.774735E-11
4.482281E-1	1.505225E-11
4.432257E-1	1.237077E-11
4.382221E-1	1.136531E-11
4.331547E-1	8.908776E-13
4.281828E-1	2.105857E-12
4.231812E-1	-8.703677E-12
4.181781E-1	-1.582633E-11
4.131739E-1	-1.469498E-11
4.081748E-1	-4.639601E-12
4.030987E-1	-3.346515E-11
3.981330E-1	-2.408007E-11
3.931300E-1	-2.894019E-11
3.881285E-1	-4.884149E-11
3.831286E-1	-2.353538E-11
3.781236E-1	-3.023898E-11
3.730550E-1	-3.325563E-11
3.680843E-1	-4.163512E-11
3.630847E-1	-3.731966E-11
3.580794E-1	-4.251493E-11
3.530759E-1	-3.149598E-11
3.480756E-1	-4.301774E-11
3.430031E-1	-4.808732E-11
3.380358E-1	-3.417730E-11
3.330323E-1	-3.949833E-11
3.280303E-1	-5.642495E-11
3.230295E-1	-4.662092E-11
3.180253E-1	-4.197029E-11
3.129569E-1	-5.307315E-11
3.079877E-1	-3.748727E-11
3.029835E-1	-5.617356E-11
2.979837E-1	-5.722097E-11
2.929782E-1	-5.026599E-11
2.879766E-1	-5.500043E-11
2.829035E-1	-5.361779E-11
2.779359E-1	-4.025252E-11
2.729309E-1	-3.924697E-11
2.679298E-1	-4.402323E-11
2.629249E-1	-4.213788E-11
2.579252E-1	-5.060119E-11
2.528567E-1	-4.720748E-11
2.478873E-1	-4.490311E-11
2.428856E-1	-5.914830E-11
2.378810E-1	-4.779408E-11
2.328816E-1	-5.642491E-11
2.278786E-1	-5.470714E-11
2.228075E-1	-5.022408E-11
2.178397E-1	-5.252846E-11
2.128317E-1	-4.557354E-11
2.078336E-1	-5.206758E-11
2.028230E-1	-4.892534E-11
1.978231E-1	-5.416247E-11
1.927579E-1	-4.988894E-11
1.877906E-1	-5.231898E-11
1.827890E-1	-4.272445E-11
1.777845E-1	-5.223521E-11
1.727809E-1	-5.127158E-11
1.677733E-1	-5.118779E-11
1.627045E-1	-4.008493E-11
1.577401E-1	-5.223518E-11
1.527360E-1	-5.919015E-11
1.477318E-1	-5.286366E-11
1.427268E-1	-6.568428E-11
1.377275E-1	-5.550316E-11
1.326549E-1	-5.520989E-11
1.276799E-1	-4.750077E-11
1.226826E-1	-5.106206E-11
1.176815E-1	-4.695605E-11
1.126820E-1	-5.420432E-11
1.076746E-1	-5.789134E-11
1.026012E-1	-4.821307E-11
9.763541E-2	-5.743048E-11
9.262905E-2	-4.557349E-11
8.762478E-2	-6.782107E-11
8.262618E-2	-5.391108E-11
7.762211E-2	-5.340834E-11
7.255191E-2	-4.905096E-11
6.758204E-2	-5.177431E-11
6.258517E-2	-5.977670E-11
5.757594E-2	-4.846441E-11
5.257921E-2	-4.951184E-11
4.757238E-2	-5.076881E-11
4.250550E-2	-6.262575E-11
3.753544E-2	-4.905099E-11
3.252795E-2	-6.229060E-11
2.752929E-2	-5.990243E-11
2.252382E-2	-5.122965E-11
1.752243E-2	-3.744539E-11
1.245052E-2	-5.814271E-11
7.476325E-3	-5.102020E-11
2.482923E-3	-4.875768E-11
-2.518573E-3	-8.474936E-11
-7.523670E-3	-5.671821E-11
-1.252726E-2	-5.445575E-11
-1.759952E-2	-5.667632E-11
-2.260043E-2	-5.655063E-11
-2.757442E-2	-4.871582E-11
-3.257409E-2	-5.663443E-11
-3.758286E-2	-5.537752E-11
-4.258192E-2	-6.120127E-11
-4.765208E-2	-5.537748E-11
-5.262678E-2	-4.067149E-11
-5.762625E-2	-4.955373E-11
-6.262694E-2	-5.244465E-11
-6.763664E-2	-5.684392E-11
-7.264201E-2	-4.419083E-11
-7.767466E-2	-5.198380E-11
-8.268153E-2	-3.857666E-11
-8.768804E-2	-4.821304E-11
-9.268845E-2	-5.730480E-11
-9.769224E-2	-4.829678E-11
-1.026956E-1	-6.815624E-11
-1.077352E-1	-5.604785E-11
-1.127367E-1	-4.825496E-11
-1.177390E-1	-6.358940E-11
-1.227440E-1	-5.177429E-11
-1.277447E-1	-5.646684E-11
-1.327545E-1	-5.650875E-11
-1.377852E-1	-6.237437E-11
-1.427923E-1	-5.814275E-11
-1.477980E-1	-5.805895E-11
-1.528034E-1	-5.705342E-11
-1.578009E-1	-6.061466E-11
-1.628088E-1	-6.115936E-11
-1.678495E-1	-5.604786E-11
-1.728493E-1	-5.093633E-11
-1.778568E-1	-5.403680E-11
-1.828599E-1	-5.868740E-11
-1.878618E-1	-4.741690E-11
-1.928702E-1	-7.628462E-11
-1.978993E-1	-5.231899E-11
-2.029074E-1	-5.399492E-11
-2.079140E-1	-5.479097E-11
-2.129146E-1	-6.178782E-11
-2.179196E-1	-2.852125E-11
-2.229207E-1	-5.386919E-11
-2.279606E-1	-5.257035E-11
-2.329578E-1	-4.519634E-11
-2.379643E-1	-5.931586E-11
-2.429727E-1	-5.458147E-11
-2.479726E-1	-4.616004E-11
-2.529441E-1	-5.139726E-11
-2.580101E-1	-4.716558E-11
-2.630148E-1	-6.195540E-11
-2.680143E-1	-5.244467E-11
-2.730195E-1	-4.762645E-11
-2.779926E-1	-4.247299E-11
-2.829959E-1	-5.236088E-11
-2.880682E-1	-5.910636E-11
-2.930690E-1	-6.325424E-11
-2.980785E-1	-5.877121E-11
-3.030446E-1	-7.888271E-11
-3.080470E-1	-5.734666E-11
-3.130541E-1	-6.756967E-11
-3.181224E-1	-4.364618E-11
-3.231299E-1	-6.371512E-11
-3.280964E-1	-5.713720E-11
-3.330980E-1	-4.657901E-11
-3.381006E-1	-6.564238E-11
-3.431043E-1	-6.220679E-11
-3.481792E-1	-6.480444E-11
-3.531480E-1	-6.865902E-11
-3.581525E-1	-5.583838E-11
-3.631535E-1	-7.029302E-11
-3.681591E-1	-7.372861E-11
-3.731620E-1	-6.979024E-11
-3.782003E-1	-8.227696E-11
-3.832042E-1	-8.307316E-11
-3.882060E-1	-7.670367E-11
-3.932113E-1	-7.343533E-11
-3.982115E-1	-8.428840E-11
-4.032131E-1	-1.004217E-10
-4.082499E-1	-8.625791E-11
-4.132543E-1	-9.208263E-11
-4.182605E-1	-8.743124E-11
-4.232619E-1	-7.607510E-11
-4.282660E-1	-7.892461E-11
-4.332699E-1	-1.001702E-10
-4.383088E-1	-1.021397E-10
-4.433140E-1	-8.797598E-11
-4.483155E-1	-1.218348E-10
-4.533198E-1	-1.269892E-10
-4.583241E-1	-1.202425E-10
-4.633260E-1	-1.485699E-10
-4.683621E-1	-1.555681E-10
-4.733683E-1	-1.546460E-10
-4.783683E-1	-1.687261E-10
-4.833703E-1	-1.668403E-10
-4.883766E-1	-1.827642E-10
-4.933798E-1	-1.818840E-10
-4.984149E-1	-2.278537E-10
-5.034208E-1	-2.474648E-10
-5.084203E-1	-2.456628E-10
-5.134282E-1	-2.607486E-10
-5.184296E-1	-2.695901E-10
-5.234364E-1	-3.060893E-10
-5.284706E-1	-3.142187E-10
-5.334723E-1	-3.442642E-10
-5.384776E-1	-3.463592E-10
-5.434755E-1	-3.923291E-10
-5.484816E-1	-4.074980E-10
-5.534514E-1	-4.254750E-10
-5.585233E-1	-4.813334E-10
-5.635274E-1	-5.014058E-10
-5.685296E-1	-5.278059E-10
-5.735340E-1	-5.570138E-10
-5.785034E-1	-5.824908E-10
-5.835081E-1	-6.284614E-10
-5.885781E-1	-6.777838E-10
-5.935814E-1	-7.245063E-10
-5.985855E-1	-7.597477E-10
-6.035533E-1	-8.032428E-10
-6.085567E-1	-8.514769E-10
-6.135592E-1	-9.122384E-10
-6.186325E-1	-9.885875E-10
-6.236338E-1	-1.041221E-9
-6.286045E-1	-1.109148E-9
-6.336083E-1	-1.190694E-9
-6.386088E-1	-1.252043E-9
-6.436152E-1	-1.338911E-9
-6.486495E-1	-1.420874E-9
-6.536530E-1	-1.499573E-9
-6.586600E-1	-1.609699E-9
-6.636581E-1	-1.678968E-9
-6.686656E-1	-1.802498E-9
-6.736659E-1	-1.915938E-9
-6.787040E-1	-2.018516E-9
-6.837053E-1	-2.146287E-9
-6.887093E-1	-2.287043E-9
-6.937162E-1	-2.437604E-9
-6.987182E-1	-2.589801E-9
-7.037219E-1	-2.736930E-9
-7.087587E-1	-2.892938E-9
-7.137624E-1	-3.051174E-9
-7.187649E-1	-3.219845E-9
-7.237679E-1	-3.380457E-9
-7.287729E-1	-3.566806E-9
-7.337756E-1	-3.757430E-9
-7.388131E-1	-3.957441E-9
-7.438146E-1	-4.165957E-9
-7.488165E-1	-4.374186E-9
-7.538220E-1	-4.608295E-9
-7.588229E-1	-4.894843E-9
-7.638276E-1	-5.137427E-9
-7.688627E-1	-5.401479E-9
-7.738696E-1	-5.746652E-9
-7.788726E-1	-5.998198E-9
-7.838721E-1	-6.268730E-9
-7.888765E-1	-6.588347E-9
-7.938824E-1	-6.858203E-9
-7.989182E-1	-7.209104E-9
-8.039199E-1	-7.548340E-9
-8.089249E-1	-7.913058E-9
-8.139300E-1	-8.324595E-9
-8.189296E-1	-8.644626E-9
-8.238993E-1	-9.089540E-9
-8.289679E-1	-9.487831E-9
-8.339729E-1	-9.857945E-9
-8.389763E-1	-1.042389E-8
-8.439786E-1	-1.085961E-8
-8.489524E-1	-1.136534E-8
-8.539532E-1	-1.187111E-8
-8.590240E-1	-1.242153E-8
-8.640274E-1	-1.303823E-8
-8.690320E-1	-1.354104E-8
-8.740013E-1	-1.409855E-8
-8.790005E-1	-1.470615E-8
-8.840060E-1	-1.533419E-8
-8.890765E-1	-1.606736E-8
-8.940774E-1	-1.677446E-8
-8.990476E-1	-1.743597E-8
-9.040532E-1	-1.815101E-8
-9.090565E-1	-1.899625E-8
-9.140558E-1	-1.976621E-8
-9.191293E-1	-2.063561E-8
-9.240956E-1	-2.140631E-8
-9.291027E-1	-2.221919E-8
-9.341042E-1	-2.310706E-8
-9.391065E-1	-2.396266E-8
-9.441104E-1	-2.495202E-8
-9.491475E-1	-2.587146E-8
-9.541499E-1	-2.686525E-8
-9.591532E-1	-2.788075E-8
-9.641580E-1	-2.883549E-8
-9.691641E-1	-3.002564E-8
-9.741638E-1	-3.120726E-8
-9.792011E-1	-3.227381E-8
-9.842034E-1	-3.361492E-8
-9.892092E-1	-3.479654E-8
-9.942092E-1	-3.596051E-8
-9.992159E-1	-3.722437E-8
-1.004222E+0	-3.873024E-8
-1.009255E+0	-4.004874E-8
-1.014262E+0	-4.122979E-8
-1.019258E+0	-4.274641E-8
-1.024268E+0	-4.462048E-8
-1.029267E+0	-4.618978E-8
-1.034269E+0	-4.795861E-8
-1.039308E+0	-4.940452E-8
-1.044311E+0	-5.101233E-8
-1.049312E+0	-5.297825E-8
-1.054316E+0	-5.459474E-8
-1.059320E+0	-5.664517E-8
-1.064325E+0	-5.862665E-8
-1.069359E+0	-6.033705E-8
-1.074366E+0	-6.250000E-8
-1.079368E+0	-6.466222E-8
-1.084371E+0	-6.700075E-8
-1.089372E+0	-6.913123E-8
-1.094378E+0	-7.126982E-8
-1.099415E+0	-7.340493E-8
-1.104416E+0	-7.513977E-8
-1.109421E+0	-7.706441E-8
-1.114423E+0	-7.942499E-8
-1.119426E+0	-8.223929E-8
-1.124397E+0	-8.477392E-8
-1.129467E+0	-8.741533E-8
-1.134473E+0	-9.010380E-8
-1.139474E+0	-9.267742E-8
-1.144478E+0	-9.544392E-8
-1.149443E+0	-9.841616E-8
-1.154448E+0	-1.004128E-7
-1.159522E+0	-1.035424E-7
-1.164523E+0	-1.061489E-7
-1.169523E+0	-1.089839E-7
-1.174494E+0	-1.120348E-7
-1.179500E+0	-1.151932E-7
-1.184501E+0	-1.179516E-7
-1.189574E+0	-1.212413E-7
-1.194577E+0	-1.245357E-7
-1.199543E+0	-1.277669E-7
-1.204548E+0	-1.311602E-7
-1.209548E+0	-1.346372E-7
-1.214553E+0	-1.381373E-7
-1.219625E+0	-1.414275E-7
-1.224594E+0	-1.452794E-7
-1.229598E+0	-1.488164E-7
-1.234601E+0	-1.526950E-7
-1.239605E+0	-1.564522E-7
-1.244602E+0	-1.600398E-7
-1.249640E+0	-1.637246E-7
-1.254646E+0	-1.680600E-7
-1.259645E+0	-1.720021E-7
-1.264650E+0	-1.753131E-7
-1.269654E+0	-1.800045E-7
-1.274657E+0	-1.845581E-7
-1.279693E+0	-1.893210E-7
-1.284699E+0	-1.947710E-7
-1.289701E+0	-1.988234E-7
-1.294704E+0	-2.039509E-7
-1.299707E+0	-2.084648E-7
-1.304710E+0	-2.126229E-7
-1.309747E+0	-2.167601E-7
-1.314748E+0	-2.219074E-7
-1.319752E+0	-2.258559E-7
-1.324756E+0	-2.310408E-7
-1.329757E+0	-2.373423E-7
-1.334764E+0	-2.419618E-7
-1.339798E+0	-2.475718E-7
-1.344805E+0	-2.525866E-7
-1.349810E+0	-2.576543E-7
-1.354813E+0	-2.629064E-7
-1.359815E+0	-2.699253E-7
-1.364817E+0	-2.751689E-7
-1.369852E+0	-2.798361E-7
-1.374856E+0	-2.862325E-7
-1.379858E+0	-2.916905E-7
-1.384863E+0	-2.981399E-7
-1.389862E+0	-3.038831E-7
-1.394871E+0	-3.100048E-7
-1.399905E+0	-3.157673E-7
-1.404910E+0	-3.224594E-7
-1.409913E+0	-3.289663E-7
-1.414917E+0	-3.348221E-7
-1.419920E+0	-3.416746E-7
-1.424888E+0	-3.482178E-7
-1.429962E+0	-3.548636E-7
-1.434959E+0	-3.598134E-7
-1.439965E+0	-3.665779E-7
-1.444972E+0	-3.748771E-7
-1.449936E+0	-3.813704E-7
-1.454941E+0	-3.892986E-7
-1.460013E+0	-3.957055E-7
-1.465014E+0	-4.042818E-7
-1.469983E+0	-4.100829E-7
-1.474988E+0	-4.176022E-7
-1.479994E+0	-4.259004E-7
-1.484994E+0	-4.327540E-7
-1.490066E+0	-4.397942E-7
-1.495038E+0	-4.488777E-7
-1.500039E+0	-4.550649E-7
