Voltage (V)	Current (A)
1.499965E+0	7.210621E-7
1.494961E+0	7.089683E-7
1.489957E+0	6.975100E-7
1.484954E+0	6.849420E-7
1.479917E+0	6.736649E-7
1.474913E+0	6.615478E-7
1.469913E+0	6.507413E-7
1.464908E+0	6.381989E-7
1.459902E+0	6.283035E-7
1.454903E+0	6.177568E-7
1.449860E+0	6.065899E-7
1.444863E+0	5.971818E-7
1.439858E+0	5.860950E-7
1.434856E+0	5.750767E-7
1.429853E+0	5.653918E-7
1.424783E+0	5.539708E-7
1.419814E+0	5.444833E-7
1.414814E+0	5.345943E-7
1.409811E+0	5.246370E-7
1.404810E+0	5.149845E-7
1.399803E+0	5.068785E-7
1.394731E+0	4.965968E-7
1.389759E+0	4.876570E-7
1.384758E+0	4.781170E-7
1.379753E+0	4.696643E-7
1.374759E+0	4.597906E-7
1.369749E+0	4.512147E-7
1.364677E+0	4.433830E-7
1.359712E+0	4.347837E-7
1.354709E+0	4.261620E-7
1.349707E+0	4.181794E-7
1.344702E+0	4.094614E-7
1.339699E+0	4.012300E-7
1.334631E+0	3.933691E-7
1.329655E+0	3.852513E-7
1.324656E+0	3.779867E-7
1.319655E+0	3.705468E-7
1.314651E+0	3.626399E-7
1.309650E+0	3.549073E-7
1.304579E+0	3.474974E-7
1.299613E+0	3.404893E-7
1.294606E+0	3.329326E-7
1.289606E+0	3.263586E-7
1.284601E+0	3.190548E-7
1.279605E+0	3.127949E-7
1.274531E+0	3.058456E-7
1.269558E+0	2.993795E-7
1.264557E+0	2.928730E-7
1.259552E+0	2.874429E-7
1.254550E+0	2.807620E-7
1.249548E+0	2.743205E-7
1.244477E+0	2.672897E-7
1.239509E+0	2.617565E-7
1.234507E+0	2.554578E-7
1.229507E+0	2.502227E-7
1.224500E+0	2.447485E-7
1.219500E+0	2.390878E-7
1.214433E+0	2.329150E-7
1.209458E+0	2.282804E-7
1.204456E+0	2.223868E-7
1.199455E+0	2.172398E-7
1.194451E+0	2.124355E-7
1.189447E+0	2.068282E-7
1.184382E+0	2.016086E-7
1.179414E+0	1.969056E-7
1.174409E+0	1.921372E-7
1.169406E+0	1.868924E-7
1.164405E+0	1.815434E-7
1.159402E+0	1.780031E-7
1.154330E+0	1.711894E-7
1.149362E+0	1.696193E-7
1.144360E+0	1.654780E-7
1.139355E+0	1.612660E-7
1.134353E+0	1.575590E-7
1.129349E+0	1.532190E-7
1.124279E+0	1.488426E-7
1.119313E+0	1.449608E-7
1.114309E+0	1.407720E-7
1.109306E+0	1.372300E-7
1.104304E+0	1.337784E-7
1.099299E+0	1.297995E-7
1.094229E+0	1.272015E-7
1.089264E+0	1.234630E-7
1.084258E+0	1.207112E-7
1.079254E+0	1.171312E-7
1.074252E+0	1.138800E-7
1.069247E+0	1.107040E-7
1.064180E+0	1.074663E-7
1.059212E+0	1.044307E-7
1.054209E+0	1.015553E-7
1.049207E+0	9.821075E-8
1.044202E+0	9.591243E-8
1.039202E+0	9.288292E-8
1.034129E+0	9.017128E-8
1.029163E+0	8.753262E-8
1.024162E+0	8.485227E-8
1.019157E+0	8.235894E-8
1.014154E+0	7.986763E-8
1.009154E+0	7.768191E-8
1.004081E+0	7.521399E-8
9.991122E-1	7.297417E-8
9.941124E-1	7.076455E-8
9.891097E-1	6.842426E-8
9.841043E-1	6.641342E-8
9.791009E-1	6.435392E-8
9.740320E-1	6.243857E-8
9.690642E-1	6.012534E-8
9.640587E-1	5.812718E-8
9.590536E-1	5.623945E-8
9.540520E-1	5.442324E-8
9.490489E-1	5.250253E-8
9.439821E-1	5.095223E-8
9.390134E-1	4.928382E-8
9.340127E-1	4.731151E-8
9.290102E-1	4.571715E-8
9.240071E-1	4.399739E-8
9.190041E-1	4.247601E-8
9.139342E-1	4.096821E-8
9.089632E-1	3.972155E-8
9.039588E-1	3.825863E-8
8.989596E-1	3.675901E-8
8.939576E-1	3.557230E-8
8.889540E-1	3.426996E-8
8.838834E-1	3.308426E-8
8.789144E-1	3.179565E-8
8.739163E-1	3.063624E-8
8.689103E-1	2.958850E-8
8.639091E-1	2.840589E-8
8.589043E-1	2.749642E-8
8.538336E-1	2.631006E-8
8.488667E-1	2.534063E-8
8.438613E-1	2.447166E-8
8.388610E-1	2.361444E-8
8.338623E-1	2.278623E-8
8.288543E-1	2.166779E-8
8.237864E-1	2.088707E-8
8.188178E-1	2.006704E-8
8.138176E-1	1.920623E-8
8.088125E-1	1.837933E-8
8.038140E-1	1.771156E-8
7.988095E-1	1.695584E-8
7.937366E-1	1.628301E-8
7.887709E-1	1.564281E-8
7.837657E-1	1.494798E-8
7.787648E-1	1.428431E-8
7.737601E-1	1.364797E-8
7.687594E-1	1.312211E-8
7.636895E-1	1.248882E-8
7.587170E-1	1.197792E-8
7.537183E-1	1.143652E-8
7.487133E-1	1.094685E-8
7.437155E-1	1.051779E-8
7.387135E-1	1.004350E-8
7.336413E-1	9.592263E-9
7.286739E-1	9.115517E-9
7.236686E-1	8.678550E-9
7.186683E-1	8.266698E-9
7.136618E-1	7.937716E-9
7.086601E-1	7.551171E-9
7.035918E-1	7.186194E-9
6.986212E-1	6.840619E-9
6.936188E-1	6.534006E-9
6.886162E-1	6.213960E-9
6.836149E-1	5.900604E-9
6.786101E-1	5.617208E-9
6.735393E-1	5.388231E-9
6.685737E-1	5.115105E-9
6.635716E-1	4.852323E-9
6.585701E-1	4.617064E-9
6.535653E-1	4.383861E-9
6.485637E-1	4.156273E-9
6.434953E-1	3.960862E-9
6.385235E-1	3.787990E-9
6.335218E-1	3.546450E-9
6.285193E-1	3.380494E-9
6.235178E-1	3.193293E-9
6.185118E-1	3.028843E-9
6.134425E-1	2.869927E-9
6.084771E-1	2.718760E-9
6.034729E-1	2.565415E-9
5.984703E-1	2.415837E-9
5.934697E-1	2.293959E-9
5.884671E-1	2.180668E-9
5.833959E-1	2.062600E-9
5.784267E-1	1.935314E-9
5.734241E-1	1.826252E-9
5.684178E-1	1.714007E-9
5.634199E-1	1.616219E-9
5.584148E-1	1.523457E-9
5.533466E-1	1.418420E-9
5.483766E-1	1.351049E-9
5.433748E-1	1.255815E-9
5.383730E-1	1.179100E-9
5.333666E-1	1.096561E-9
5.283680E-1	1.041130E-9
5.232965E-1	9.678508E-10
5.183305E-1	9.035379E-10
5.133274E-1	8.372970E-10
5.083221E-1	7.895337E-10
5.033224E-1	7.395918E-10
4.983185E-1	6.888534E-10
4.932483E-1	6.343440E-10
4.882804E-1	5.931172E-10
4.832758E-1	5.516383E-10
4.782738E-1	5.149774E-10
4.732694E-1	4.841820E-10
4.682716E-1	4.478988E-10
4.631995E-1	4.224669E-10
4.582319E-1	3.908341E-10
4.532282E-1	3.563105E-10
4.482253E-1	3.384200E-10
4.432256E-1	2.997904E-10
4.382183E-1	2.921230E-10
4.331524E-1	2.618310E-10
4.281821E-1	2.419716E-10
4.231796E-1	2.222795E-10
4.181784E-1	2.140676E-10
4.131715E-1	1.912333E-10
4.081692E-1	1.764431E-10
4.030981E-1	1.635386E-10
3.981336E-1	1.446848E-10
3.931260E-1	1.368496E-10
3.881263E-1	1.215571E-10
3.831266E-1	1.091554E-10
3.781200E-1	1.011527E-10
3.730515E-1	9.193536E-11
3.680822E-1	7.836040E-11
3.630806E-1	7.207575E-11
3.580747E-1	6.017682E-11
3.530746E-1	5.364081E-11
3.480723E-1	4.714648E-11
3.429988E-1	3.352980E-11
3.380316E-1	3.332033E-11
3.330286E-1	2.598818E-11
3.280266E-1	2.204972E-11
3.230247E-1	1.517850E-11
3.180198E-1	1.819515E-11
3.129542E-1	4.327011E-12
3.079835E-1	3.824191E-12
3.029817E-1	3.048395E-13
2.979774E-1	-6.859686E-12
2.929747E-1	-7.488156E-12
2.879737E-1	-1.251585E-11
2.828998E-1	-1.498788E-11
2.779337E-1	-1.678948E-11
2.729284E-1	-1.947097E-11
2.679247E-1	-2.299034E-11
2.629205E-1	-2.173342E-11
2.579202E-1	-2.349315E-11
2.528516E-1	-3.053195E-11
2.478835E-1	-2.747341E-11
2.428853E-1	-4.037792E-11
2.378788E-1	-3.350670E-11
2.328747E-1	-3.736131E-11
2.278743E-1	-3.497314E-11
2.228032E-1	-3.794786E-11
2.178343E-1	-3.120230E-11
2.128306E-1	-4.125777E-11
2.078310E-1	-3.937237E-11
2.028242E-1	-4.209573E-11
1.978193E-1	-4.754246E-11
1.927535E-1	-4.138353E-11
1.877848E-1	-4.670453E-11
1.827824E-1	-4.695593E-11
1.777809E-1	-4.515432E-11
1.727784E-1	-4.532190E-11
1.677735E-1	-4.720728E-11
1.627026E-1	-4.611793E-11
1.577363E-1	-4.745868E-11
1.527297E-1	-5.131330E-11
1.477298E-1	-4.858992E-11
1.427264E-1	-5.365954E-11
1.377215E-1	-4.695591E-11
1.326498E-1	-5.445561E-11
1.276771E-1	-5.039152E-11
1.226798E-1	-5.043341E-11
1.176758E-1	-4.532189E-11
1.126757E-1	-4.959546E-11
1.076703E-1	-4.909268E-11
1.026012E-1	-5.189985E-11
9.763250E-2	-5.164845E-11
9.262708E-2	-4.879940E-11
8.762370E-2	-5.458129E-11
8.262382E-2	-5.101999E-11
7.761982E-2	-4.875751E-11
7.254615E-2	-5.428803E-11
6.758060E-2	-5.122948E-11
6.257931E-2	-4.536380E-11
5.757292E-2	-4.737488E-11
5.257524E-2	-4.854804E-11
4.757094E-2	-5.097810E-11
4.249973E-2	-5.508408E-11
3.753382E-2	-5.353385E-11
3.252720E-2	-5.034963E-11
2.752714E-2	-5.424612E-11
2.252105E-2	-5.336626E-11
1.752182E-2	-4.473531E-11
1.244505E-2	-5.223505E-11
7.476059E-3	-5.131327E-11
2.477919E-3	-4.775195E-11
-2.521937E-3	-9.074182E-11
-7.524556E-3	-4.896700E-11
-1.253237E-2	-5.420422E-11
-1.760356E-2	-5.177415E-11
-2.260445E-2	-5.324055E-11
-2.757590E-2	-4.678831E-11
-3.257828E-2	-5.474889E-11
-3.758615E-2	-4.913460E-11
-4.258395E-2	-5.189983E-11
-4.765831E-2	-5.303109E-11
-5.263118E-2	-5.307299E-11
-5.763282E-2	-5.516787E-11
-6.263107E-2	-5.541927E-11
-6.764022E-2	-5.340817E-11
-7.264560E-2	-5.290540E-11
-7.767715E-2	-5.244451E-11
-8.268384E-2	-5.047532E-11
-8.768933E-2	-5.143897E-11
-9.269090E-2	-5.219312E-11
-9.769682E-2	-4.997255E-11
-1.026989E-1	-5.504217E-11
-1.077407E-1	-5.076861E-11
-1.127397E-1	-5.810070E-11
-1.177434E-1	-5.177416E-11
-1.227499E-1	-5.525167E-11
-1.277478E-1	-5.298919E-11
-1.327575E-1	-5.277971E-11
-1.377902E-1	-4.926026E-11
-1.427966E-1	-5.424613E-11
-1.478008E-1	-5.416232E-11
-1.528060E-1	-5.500029E-11
-1.578085E-1	-6.103357E-11
-1.628131E-1	-5.554496E-11
-1.678542E-1	-5.529356E-11
-1.728561E-1	-6.032131E-11
-1.778603E-1	-5.558684E-11
-1.828645E-1	-5.336627E-11
-1.878677E-1	-5.470701E-11
-1.928715E-1	-5.604773E-11
-1.979045E-1	-5.751416E-11
-2.029108E-1	-6.069840E-11
-2.079145E-1	-5.885487E-11
-2.129179E-1	-6.203912E-11
-2.179210E-1	-6.266758E-11
-2.229242E-1	-6.270948E-11
-2.279664E-1	-6.505577E-11
-2.329639E-1	-6.610321E-11
-2.379679E-1	-5.927386E-11
-2.429762E-1	-6.668977E-11
-2.479783E-1	-6.840758E-11
-2.529476E-1	-6.237430E-11
-2.580154E-1	-7.494368E-11
-2.630199E-1	-7.154992E-11
-2.680196E-1	-7.012539E-11
-2.730227E-1	-8.089418E-11
-2.779967E-1	-7.465036E-11
-2.830003E-1	-7.804464E-11
-2.880733E-1	-8.361798E-11
-2.930739E-1	-8.005608E-11
-2.980799E-1	-8.730561E-11
-3.030475E-1	-9.103515E-11
-3.080531E-1	-9.057419E-11
-3.130585E-1	-1.039837E-10
-3.181273E-1	-1.035647E-10
-3.231335E-1	-1.069171E-10
-3.280989E-1	-1.072942E-10
-3.331017E-1	-1.187762E-10
-3.381058E-1	-1.125323E-10
-3.431087E-1	-1.247686E-10
-3.481845E-1	-1.341552E-10
-3.531516E-1	-1.385971E-10
-3.581558E-1	-1.459724E-10
-3.631578E-1	-1.524677E-10
-3.681601E-1	-1.582086E-10
-3.731655E-1	-1.635724E-10
-3.782039E-1	-1.738392E-10
-3.832083E-1	-1.809211E-10
-3.882091E-1	-1.956717E-10
-3.932124E-1	-2.030469E-10
-3.982165E-1	-2.152410E-10
-4.032167E-1	-2.251725E-10
-4.082544E-1	-2.400906E-10
-4.132577E-1	-2.474242E-10
-4.182637E-1	-2.675384E-10
-4.232655E-1	-2.783917E-10
-4.282689E-1	-2.966203E-10
-4.332743E-1	-3.135499E-10
-4.383113E-1	-3.279233E-10
-4.433163E-1	-3.531501E-10
-4.483185E-1	-3.710851E-10
-4.533241E-1	-3.924566E-10
-4.583265E-1	-4.187310E-10
-4.633276E-1	-4.455923E-10
-4.683653E-1	-4.746322E-10
-4.733693E-1	-4.978054E-10
-4.783722E-1	-5.238285E-10
-4.833738E-1	-5.537068E-10
-4.883816E-1	-5.818670E-10
-4.933837E-1	-6.145947E-10
-4.984195E-1	-6.526856E-10
-5.034252E-1	-6.906101E-10
-5.084248E-1	-7.248876E-10
-5.134314E-1	-7.715706E-10
-5.184334E-1	-8.097451E-10
-5.234404E-1	-8.548764E-10
-5.284735E-1	-8.951055E-10
-5.334765E-1	-9.485339E-10
-5.384829E-1	-9.931629E-10
-5.434812E-1	-1.054678E-9
-5.484864E-1	-1.107941E-9
-5.534546E-1	-1.169750E-9
-5.585261E-1	-1.238641E-9
-5.635313E-1	-1.314741E-9
-5.685334E-1	-1.384972E-9
-5.735376E-1	-1.444562E-9
-5.785055E-1	-1.531599E-9
-5.835126E-1	-1.601411E-9
-5.885825E-1	-1.679606E-9
-5.935859E-1	-1.769199E-9
-5.985901E-1	-1.853302E-9
-6.035552E-1	-1.954586E-9
-6.085606E-1	-2.054151E-9
-6.135616E-1	-2.172533E-9
-6.186351E-1	-2.274529E-9
-6.236383E-1	-2.414408E-9
-6.286064E-1	-2.521054E-9
-6.336117E-1	-2.671955E-9
-6.386131E-1	-2.779566E-9
-6.436175E-1	-2.931387E-9
-6.486520E-1	-3.071266E-9
-6.536572E-1	-3.233436E-9
-6.586636E-1	-3.386264E-9
-6.636633E-1	-3.554473E-9
-6.686674E-1	-3.743672E-9
-6.736684E-1	-3.903957E-9
-6.787081E-1	-4.110883E-9
-6.837097E-1	-4.309638E-9
-6.887136E-1	-4.495698E-9
-6.937193E-1	-4.681962E-9
-6.987210E-1	-4.900036E-9
-7.037239E-1	-5.144889E-9
-7.087595E-1	-5.377289E-9
-7.137668E-1	-5.614011E-9
-7.187681E-1	-5.865187E-9
-7.237716E-1	-6.122229E-9
-7.287770E-1	-6.399384E-9
-7.337776E-1	-6.715138E-9
-7.388157E-1	-7.006842E-9
-7.438183E-1	-7.320336E-9
-7.488210E-1	-7.692113E-9
-7.538248E-1	-8.013188E-9
-7.588265E-1	-8.392181E-9
-7.638317E-1	-8.740783E-9
-7.688673E-1	-9.127812E-9
-7.738713E-1	-9.512040E-9
-7.788747E-1	-9.912939E-9
-7.838752E-1	-1.039523E-8
-7.888818E-1	-1.091418E-8
-7.938851E-1	-1.130305E-8
-7.989221E-1	-1.172847E-8
-8.039259E-1	-1.222228E-8
-8.089288E-1	-1.274181E-8
-8.139320E-1	-1.329512E-8
-8.189334E-1	-1.383780E-8
-8.239022E-1	-1.443863E-8
-8.289719E-1	-1.506958E-8
-8.339777E-1	-1.567742E-8
-8.389789E-1	-1.628704E-8
-8.439825E-1	-1.691693E-8
-8.489562E-1	-1.762325E-8
-8.539554E-1	-1.826969E-8
-8.590282E-1	-1.896753E-8
-8.640302E-1	-1.974247E-8
-8.690353E-1	-2.053540E-8
-8.740048E-1	-2.137057E-8
-8.790049E-1	-2.221289E-8
-8.840101E-1	-2.303008E-8
-8.890806E-1	-2.391106E-8
-8.940817E-1	-2.478139E-8
-8.990500E-1	-2.567850E-8
-9.040570E-1	-2.670232E-8
-9.090586E-1	-2.766982E-8
-9.140575E-1	-2.869128E-8
-9.191368E-1	-2.970431E-8
-9.240988E-1	-3.081672E-8
-9.291031E-1	-3.198623E-8
-9.341077E-1	-3.305975E-8
-9.391090E-1	-3.409083E-8
-9.441138E-1	-3.525600E-8
-9.491498E-1	-3.652804E-8
-9.541532E-1	-3.778040E-8
-9.591565E-1	-3.896798E-8
-9.641617E-1	-4.041198E-8
-9.691682E-1	-4.159851E-8
-9.741675E-1	-4.323118E-8
-9.792057E-1	-4.453687E-8
-9.842076E-1	-4.586651E-8
-9.892120E-1	-4.773504E-8
-9.942132E-1	-4.938541E-8
-9.992207E-1	-5.099240E-8
-1.004223E+0	-5.281113E-8
-1.009259E+0	-5.460281E-8
-1.014263E+0	-5.602720E-8
-1.019262E+0	-5.786882E-8
-1.024269E+0	-5.986638E-8
-1.029271E+0	-6.182806E-8
-1.034272E+0	-6.388074E-8
-1.039311E+0	-6.570765E-8
-1.044314E+0	-6.808032E-8
-1.049316E+0	-7.018287E-8
-1.054318E+0	-7.225115E-8
-1.059323E+0	-7.492411E-8
-1.064328E+0	-7.738777E-8
-1.069363E+0	-7.986593E-8
-1.074368E+0	-8.246250E-8
-1.079371E+0	-8.516945E-8
-1.084374E+0	-8.765784E-8
-1.089375E+0	-8.988808E-8
-1.094381E+0	-9.259703E-8
-1.099417E+0	-9.533429E-8
-1.104418E+0	-9.867851E-8
-1.109424E+0	-1.014797E-7
-1.114426E+0	-1.040839E-7
-1.119430E+0	-1.072235E-7
-1.124401E+0	-1.098878E-7
-1.129470E+0	-1.128383E-7
-1.134476E+0	-1.164506E-7
-1.139478E+0	-1.196923E-7
-1.144482E+0	-1.229309E-7
-1.149449E+0	-1.260651E-7
-1.154452E+0	-1.292199E-7
-1.159526E+0	-1.322083E-7
-1.164525E+0	-1.356573E-7
-1.169529E+0	-1.393725E-7
-1.174498E+0	-1.426132E-7
-1.179502E+0	-1.473473E-7
-1.184504E+0	-1.511085E-7
-1.189578E+0	-1.543929E-7
-1.194581E+0	-1.581986E-7
-1.199549E+0	-1.630605E-7
-1.204551E+0	-1.672157E-7
-1.209552E+0	-1.715185E-7
-1.214558E+0	-1.757884E-7
-1.219628E+0	-1.800389E-7
-1.224597E+0	-1.836388E-7
-1.229604E+0	-1.879027E-7
-1.234605E+0	-1.921019E-7
-1.239610E+0	-1.971800E-7
-1.244607E+0	-2.018963E-7
-1.249645E+0	-2.074083E-7
-1.254651E+0	-2.125594E-7
-1.259650E+0	-2.174984E-7
-1.264656E+0	-2.217617E-7
-1.269659E+0	-2.269905E-7
-1.274663E+0	-2.335900E-7
-1.279699E+0	-2.392485E-7
-1.284703E+0	-2.427384E-7
-1.289708E+0	-2.479723E-7
-1.294710E+0	-2.531279E-7
-1.299715E+0	-2.599173E-7
-1.304714E+0	-2.650053E-7
-1.309752E+0	-2.715969E-7
-1.314755E+0	-2.763150E-7
-1.319758E+0	-2.830661E-7
-1.324763E+0	-2.893193E-7
-1.329761E+0	-2.940246E-7
-1.334770E+0	-3.000154E-7
-1.339805E+0	-3.076420E-7
-1.344810E+0	-3.139178E-7
-1.349816E+0	-3.202542E-7
-1.354818E+0	-3.272981E-7
-1.359821E+0	-3.328109E-7
-1.364822E+0	-3.396777E-7
-1.369858E+0	-3.459932E-7
-1.374862E+0	-3.535961E-7
-1.379864E+0	-3.611430E-7
-1.384869E+0	-3.684700E-7
-1.389872E+0	-3.747946E-7
-1.394874E+0	-3.817289E-7
-1.399910E+0	-3.904272E-7
-1.404915E+0	-3.966038E-7
-1.409920E+0	-4.054310E-7
-1.414923E+0	-4.131544E-7
-1.419927E+0	-4.214266E-7
-1.424893E+0	-4.272634E-7
-1.429969E+0	-4.362159E-7
-1.434966E+0	-4.443674E-7
-1.439974E+0	-4.538404E-7
-1.444978E+0	-4.617217E-7
-1.449943E+0	-4.688831E-7
-1.454949E+0	-4.784221E-7
-1.460020E+0	-4.868814E-7
-1.465022E+0	-4.949180E-7
-1.469991E+0	-5.041534E-7
-1.474995E+0	-5.127385E-7
-1.480002E+0	-5.212663E-7
-1.485000E+0	-5.294510E-7
-1.490075E+0	-5.407567E-7
-1.495044E+0	-5.501138E-7
-1.500049E+0	-5.596364E-7
