Voltage (V)	Current (A)
-1.000097E+0	-8.589782E-7
-9.961097E-1	-8.511950E-7
-9.920837E-1	-8.431222E-7
-9.880979E-1	-8.351179E-7
-9.840385E-1	-8.273814E-7
-9.800507E-1	-8.194212E-7
-9.760591E-1	-8.113252E-7
-9.720376E-1	-8.033122E-7
-9.680463E-1	-7.959690E-7
-9.640609E-1	-7.876429E-7
-9.600002E-1	-7.800861E-7
-9.560128E-1	-7.726394E-7
-9.519870E-1	-7.649680E-7
-9.479968E-1	-7.573194E-7
-9.440097E-1	-7.493027E-7
-9.399888E-1	-7.420778E-7
-9.359639E-1	-7.347843E-7
-9.319384E-1	-7.266129E-7
-9.279523E-1	-7.195209E-7
-9.239606E-1	-7.121437E-7
-9.199410E-1	-7.049850E-7
-9.159486E-1	-6.975470E-7
-9.118918E-1	-6.901824E-7
-9.079031E-1	-6.829864E-7
-9.038813E-1	-6.756852E-7
-8.998906E-1	-6.683036E-7
-8.959004E-1	-6.613518E-7
-8.918776E-1	-6.543196E-7
-8.878887E-1	-6.473089E-7
-8.838335E-1	-6.403988E-7
-8.798423E-1	-6.333661E-7
-8.758554E-1	-6.267489E-7
-8.718325E-1	-6.195560E-7
-8.678426E-1	-6.127321E-7
-8.638512E-1	-6.062068E-7
-8.597980E-1	-5.993667E-7
-8.558042E-1	-5.925311E-7
-8.517834E-1	-5.855760E-7
-8.477933E-1	-5.790115E-7
-8.438036E-1	-5.728575E-7
-8.397821E-1	-5.661617E-7
-8.357562E-1	-5.593085E-7
-8.317360E-1	-5.534314E-7
-8.277439E-1	-5.468721E-7
-8.237551E-1	-5.406314E-7
-8.197320E-1	-5.343622E-7
-8.157430E-1	-5.279793E-7
-8.116850E-1	-5.219919E-7
-8.076980E-1	-5.153390E-7
-8.036764E-1	-5.095122E-7
-7.996861E-1	-5.033512E-7
-7.956958E-1	-4.973667E-7
-7.917098E-1	-4.909990E-7
-7.876849E-1	-4.854450E-7
-7.836258E-1	-4.790839E-7
-7.796373E-1	-4.731954E-7
-7.756472E-1	-4.676714E-7
-7.716274E-1	-4.615892E-7
-7.676353E-1	-4.561828E-7
-7.636482E-1	-4.501904E-7
-7.595879E-1	-4.443390E-7
-7.555990E-1	-4.386273E-7
-7.515759E-1	-4.328922E-7
-7.475894E-1	-4.272717E-7
-7.435994E-1	-4.220807E-7
-7.395774E-1	-4.164989E-7
-7.355539E-1	-4.111223E-7
-7.315325E-1	-4.057095E-7
-7.275438E-1	-4.001623E-7
-7.235522E-1	-3.948647E-7
-7.195310E-1	-3.899482E-7
-7.155395E-1	-3.849402E-7
-7.114859E-1	-3.792913E-7
-7.074920E-1	-3.745847E-7
-7.035042E-1	-3.694613E-7
-6.994790E-1	-3.648474E-7
-6.954922E-1	-3.593333E-7
-6.915004E-1	-3.543439E-7
-6.874774E-1	-3.495897E-7
-6.834202E-1	-3.443762E-7
-6.794298E-1	-3.396733E-7
-6.754426E-1	-3.349990E-7
-6.714172E-1	-3.303769E-7
-6.674303E-1	-3.252273E-7
-6.634409E-1	-3.203455E-7
-6.593865E-1	-3.164818E-7
-6.553941E-1	-3.119010E-7
-6.513721E-1	-3.067369E-7
-6.473796E-1	-3.025171E-7
-6.433924E-1	-2.984741E-7
-6.393688E-1	-2.936393E-7
-6.353480E-1	-2.897314E-7
-6.313232E-1	-2.851024E-7
-6.273344E-1	-2.805110E-7
-6.233463E-1	-2.764531E-7
-6.193197E-1	-2.720389E-7
-6.153325E-1	-2.682088E-7
-6.112744E-1	-2.638409E-7
-6.072879E-1	-2.598414E-7
-6.032978E-1	-2.555547E-7
-5.992751E-1	-2.517612E-7
-5.952855E-1	-2.477288E-7
-5.912969E-1	-2.438906E-7
-5.872725E-1	-2.397887E-7
-5.832174E-1	-2.359214E-7
-5.792264E-1	-2.321636E-7
-5.752373E-1	-2.286023E-7
-5.712138E-1	-2.247365E-7
-5.672235E-1	-2.208017E-7
-5.632360E-1	-2.176001E-7
-5.591770E-1	-2.137344E-7
-5.551916E-1	-2.099307E-7
-5.511635E-1	-2.066458E-7
-5.471762E-1	-2.027085E-7
-5.431846E-1	-1.993151E-7
-5.391640E-1	-1.959891E-7
-5.351395E-1	-1.928621E-7
-5.311180E-1	-1.890157E-7
-5.271286E-1	-1.860408E-7
-5.231411E-1	-1.828498E-7
-5.191156E-1	-1.793601E-7
-5.151256E-1	-1.761944E-7
-5.110688E-1	-1.728632E-7
-5.070790E-1	-1.697364E-7
-5.030914E-1	-1.666304E-7
-4.990670E-1	-1.634259E-7
-4.950808E-1	-1.602719E-7
-4.910872E-1	-1.575161E-7
-4.870679E-1	-1.543289E-7
-4.830066E-1	-1.515511E-7
-4.790194E-1	-1.487791E-7
-4.750290E-1	-1.454264E-7
-4.710422E-1	-1.426858E-7
-4.670187E-1	-1.399932E-7
-4.630285E-1	-1.370434E-7
-4.589742E-1	-1.345191E-7
-4.549848E-1	-1.313483E-7
-4.509636E-1	-1.287373E-7
-4.469717E-1	-1.260319E-7
-4.429822E-1	-1.235508E-7
-4.389581E-1	-1.209172E-7
-4.349365E-1	-1.181841E-7
-4.309115E-1	-1.156447E-7
-4.269226E-1	-1.132125E-7
-4.229312E-1	-1.106514E-7
-4.189117E-1	-1.083059E-7
-4.149183E-1	-1.058375E-7
-4.108630E-1	-1.035066E-7
-4.068721E-1	-1.011701E-7
-4.028822E-1	-9.871217E-8
-3.988624E-1	-9.641190E-8
-3.948704E-1	-9.416812E-8
-3.908821E-1	-9.190736E-8
-3.868614E-1	-8.961899E-8
-3.828073E-1	-8.741609E-8
-3.788126E-1	-8.524291E-8
-3.748254E-1	-8.319667E-8
-3.708333E-1	-8.106954E-8
-3.668123E-1	-7.901823E-8
-3.628201E-1	-7.698178E-8
-3.587659E-1	-7.485049E-8
-3.547754E-1	-7.299736E-8
-3.507522E-1	-7.108535E-8
-3.467645E-1	-6.917864E-8
-3.427727E-1	-6.736110E-8
-3.387499E-1	-6.531823E-8
-3.347259E-1	-6.347289E-8
-3.307067E-1	-6.162698E-8
-3.267140E-1	-5.984575E-8
-3.227278E-1	-5.812350E-8
-3.187037E-1	-5.638844E-8
-3.147155E-1	-5.472702E-8
-3.106574E-1	-5.294813E-8
-3.066690E-1	-5.128038E-8
-3.026760E-1	-4.969629E-8
-2.986535E-1	-4.811275E-8
-2.946641E-1	-4.655472E-8
-2.906755E-1	-4.506794E-8
-2.866526E-1	-4.357298E-8
-2.826292E-1	-4.206973E-8
-2.786092E-1	-4.061459E-8
-2.746140E-1	-3.922557E-8
-2.706259E-1	-3.779965E-8
-2.666013E-1	-3.643987E-8
-2.626156E-1	-3.513150E-8
-2.585561E-1	-3.380322E-8
-2.545715E-1	-3.245911E-8
-2.505455E-1	-3.118264E-8
-2.465551E-1	-2.999432E-8
-2.425702E-1	-2.886346E-8
-2.385778E-1	-2.774924E-8
-2.345207E-1	-2.654392E-8
-2.304970E-1	-2.542743E-8
-2.265078E-1	-2.436792E-8
-2.225176E-1	-2.331668E-8
-2.184956E-1	-2.230430E-8
-2.145068E-1	-2.128915E-8
-2.104516E-1	-2.032817E-8
-2.064573E-1	-1.935321E-8
-2.024711E-1	-1.847238E-8
-1.984454E-1	-1.755788E-8
-1.944578E-1	-1.670964E-8
-1.904685E-1	-1.585959E-8
-1.864124E-1	-1.504299E-8
-1.824225E-1	-1.428045E-8
-1.783997E-1	-1.351077E-8
-1.744144E-1	-1.278864E-8
-1.704220E-1	-1.209129E-8
-1.663984E-1	-1.141470E-8
-1.624041E-1	-1.076229E-8
-1.583492E-1	-1.013531E-8
-1.543611E-1	-9.530986E-9
-1.503392E-1	-8.976920E-9
-1.463483E-1	-8.411249E-9
-1.423606E-1	-7.903195E-9
-1.383657E-1	-7.407044E-9
-1.343086E-1	-6.924043E-9
-1.302830E-1	-6.468750E-9
-1.262934E-1	-6.040978E-9
-1.223080E-1	-5.642638E-9
-1.182856E-1	-5.251453E-9
-1.142973E-1	-4.886967E-9
-1.102360E-1	-4.519796E-9
-1.062527E-1	-4.201986E-9
-1.022613E-1	-3.869135E-9
-9.823832E-2	-3.577813E-9
-9.424282E-2	-3.306942E-9
-9.025855E-2	-3.023162E-9
-8.619957E-2	-2.774831E-9
-8.220860E-2	-2.538657E-9
-7.818940E-2	-2.319662E-9
-7.419922E-2	-2.105361E-9
-7.020862E-2	-1.908660E-9
-6.618475E-2	-1.728217E-9
-6.219368E-2	-1.556909E-9
-5.813667E-2	-1.393732E-9
-5.415080E-2	-1.241576E-9
-5.015683E-2	-1.099392E-9
-4.613893E-2	-9.714991E-10
-4.214749E-2	-8.472514E-10
-3.816151E-2	-7.352389E-10
-3.410080E-2	-6.427967E-10
-3.007744E-2	-5.491395E-10
-2.608239E-2	-4.616841E-10
-2.209566E-2	-3.831120E-10
-1.807642E-2	-3.155616E-10
-1.408496E-2	-2.420186E-10
-1.003060E-2	-1.822621E-10
-6.038639E-3	-1.228829E-10
-2.045415E-3	-7.046057E-11
1.968234E-3	1.865612E-11
5.952621E-3	3.939560E-11
9.946132E-3	9.168413E-11
1.400133E-2	1.608992E-10
1.802673E-2	2.310779E-10
2.201447E-2	2.974024E-10
2.600139E-2	3.727350E-10
3.002336E-2	4.647008E-10
3.401579E-2	5.525607E-10
3.800106E-2	6.462018E-10
4.205597E-2	7.538797E-10
4.604989E-2	8.684702E-10
5.007027E-2	1.001412E-9
5.406030E-2	1.131336E-9
5.804667E-2	1.283090E-9
6.206944E-2	1.447877E-9
6.612313E-2	1.627448E-9
7.011615E-2	1.807735E-9
7.410096E-2	2.005996E-9
7.812734E-2	2.228600E-9
8.211637E-2	2.458286E-9
8.610549E-2	2.694756E-9
9.016009E-2	2.973795E-9
9.414458E-2	3.255388E-9
9.816997E-2	3.554873E-9
1.021604E-1	3.858005E-9
1.061502E-1	4.206929E-9
1.101719E-1	4.584721E-9
1.142288E-1	4.981329E-9
1.182149E-1	5.382501E-9
1.222049E-1	5.870274E-9
1.262260E-1	6.354076E-9
1.302147E-1	6.880263E-9
1.342040E-1	7.415011E-9
1.382317E-1	8.036687E-9
1.422500E-1	8.671616E-9
1.462733E-1	9.308282E-9
1.502646E-1	1.001657E-8
1.542526E-1	1.073947E-8
1.582764E-1	1.146557E-8
1.622588E-1	1.226427E-8
1.663201E-1	1.307163E-8
1.703092E-1	1.383020E-8
1.743350E-1	1.467909E-8
1.783233E-1	1.552828E-8
1.823105E-1	1.639800E-8
1.863296E-1	1.727859E-8
1.903546E-1	1.821832E-8
1.943748E-1	1.916141E-8
1.983601E-1	2.008379E-8
2.023493E-1	2.105573E-8
2.063726E-1	2.204417E-8
2.103672E-1	2.307167E-8
2.144217E-1	2.412400E-8
2.184122E-1	2.517710E-8
2.224304E-1	2.628061E-8
2.264224E-1	2.740146E-8
2.304040E-1	2.850449E-8
2.344335E-1	2.963665E-8
2.384213E-1	3.081983E-8
2.424797E-1	3.203569E-8
2.464658E-1	3.325420E-8
2.504536E-1	3.447726E-8
2.544740E-1	3.572603E-8
2.584627E-1	3.698249E-8
2.624529E-1	3.822845E-8
2.665055E-1	3.953913E-8
2.705306E-1	4.084554E-8
2.745197E-1	4.219116E-8
2.785098E-1	4.346200E-8
2.825295E-1	4.485386E-8
2.865213E-1	4.622489E-8
2.905764E-1	4.760703E-8
2.945671E-1	4.888235E-8
2.985522E-1	5.040364E-8
3.025774E-1	5.182857E-8
3.065661E-1	5.326392E-8
3.105535E-1	5.470857E-8
3.146143E-1	5.619093E-8
3.186325E-1	5.767561E-8
3.226226E-1	5.916582E-8
3.266102E-1	6.064253E-8
3.306328E-1	6.215491E-8
3.346207E-1	6.369756E-8
3.386754E-1	6.524194E-8
3.426656E-1	6.680343E-8
3.466561E-1	6.837910E-8
3.506768E-1	7.000430E-8
3.546668E-1	7.160352E-8
3.586522E-1	7.323818E-8
3.626769E-1	7.491825E-8
3.667313E-1	7.661819E-8
3.707195E-1	7.834007E-8
3.747117E-1	8.005537E-8
3.787311E-1	8.183203E-8
3.827237E-1	8.361634E-8
3.867085E-1	8.540638E-8
3.907658E-1	8.730186E-8
3.947541E-1	8.917777E-8
3.987767E-1	9.107978E-8
4.027644E-1	9.283252E-8
4.067532E-1	9.482073E-8
4.107740E-1	9.699413E-8
4.148307E-1	9.907721E-8
4.188198E-1	1.011604E-7
4.228094E-1	1.032888E-7
4.268341E-1	1.052857E-7
4.308201E-1	1.076067E-7
4.348110E-1	1.098480E-7
4.388657E-1	1.121933E-7
4.428572E-1	1.145199E-7
4.468763E-1	1.168965E-7
4.508694E-1	1.193536E-7
4.548559E-1	1.218221E-7
4.588805E-1	1.243684E-7
4.628668E-1	1.267468E-7
4.669251E-1	1.294475E-7
4.709097E-1	1.323095E-7
4.749306E-1	1.351335E-7
4.789220E-1	1.379615E-7
4.829108E-1	1.407946E-7
4.869353E-1	1.437029E-7
4.909539E-1	1.468462E-7
4.949789E-1	1.499341E-7
4.989663E-1	1.530546E-7
5.029574E-1	1.562316E-7
5.069780E-1	1.595455E-7
5.109689E-1	1.628472E-7
5.150224E-1	1.663049E-7
5.190151E-1	1.697291E-7
5.230352E-1	1.732724E-7
5.270233E-1	1.768076E-7
5.310122E-1	1.804539E-7
5.350319E-1	1.841808E-7
5.390562E-1	1.879415E-7
5.430755E-1	1.917290E-7
5.470654E-1	1.957048E-7
5.510544E-1	1.996326E-7
5.550793E-1	2.036849E-7
5.590661E-1	2.077075E-7
5.630557E-1	2.118569E-7
5.671116E-1	2.160838E-7
5.711353E-1	2.203914E-7
5.751209E-1	2.246184E-7
5.791115E-1	2.289693E-7
5.831338E-1	2.333833E-7
5.871232E-1	2.378574E-7
5.911797E-1	2.424347E-7
5.951691E-1	2.469863E-7
5.991582E-1	2.515912E-7
6.031772E-1	2.562758E-7
6.071689E-1	2.609961E-7
6.111531E-1	2.657515E-7
6.152115E-1	2.707602E-7
6.192346E-1	2.756545E-7
6.232224E-1	2.805566E-7
6.272122E-1	2.855911E-7
6.312351E-1	2.905872E-7
6.352230E-1	2.956222E-7
6.392813E-1	3.008831E-7
6.432676E-1	3.060382E-7
6.472557E-1	3.112931E-7
6.512784E-1	3.166058E-7
6.552663E-1	3.220166E-7
6.592595E-1	3.272752E-7
6.632786E-1	3.326371E-7
6.673369E-1	3.382052E-7
6.713229E-1	3.437421E-7
6.753128E-1	3.491952E-7
6.793339E-1	3.549119E-7
6.833232E-1	3.604690E-7
6.873114E-1	3.659971E-7
6.913695E-1	3.720438E-7
6.953607E-1	3.777967E-7
6.993804E-1	3.838046E-7
7.033705E-1	3.896673E-7
7.073602E-1	3.953775E-7
7.113788E-1	4.014356E-7
7.154360E-1	4.076418E-7
7.194272E-1	4.136172E-7
7.234144E-1	4.197597E-7
7.274407E-1	4.258805E-7
7.314268E-1	4.320244E-7
7.354167E-1	4.381855E-7
7.394713E-1	4.443956E-7
7.434621E-1	4.509706E-7
7.474815E-1	4.573096E-7
7.514705E-1	4.636594E-7
7.554601E-1	4.702259E-7
7.594814E-1	4.767554E-7
7.634720E-1	4.833006E-7
7.675275E-1	4.897176E-7
7.715180E-1	4.964909E-7
7.755393E-1	5.028913E-7
7.795280E-1	5.098826E-7
7.835155E-1	5.165447E-7
7.875404E-1	5.234115E-7
7.915607E-1	5.302472E-7
7.955872E-1	5.372768E-7
7.995726E-1	5.441394E-7
8.035628E-1	5.511724E-7
8.075842E-1	5.581635E-7
8.115712E-1	5.650867E-7
8.156307E-1	5.721501E-7
8.196163E-1	5.794528E-7
8.236408E-1	5.867331E-7
8.276265E-1	5.939787E-7
8.316211E-1	6.012319E-7
8.356392E-1	6.085498E-7
8.396642E-1	6.158921E-7
8.436859E-1	6.231682E-7
8.476744E-1	6.306062E-7
8.516612E-1	6.379910E-7
8.556860E-1	6.456563E-7
8.596762E-1	6.531766E-7
8.636631E-1	6.609932E-7
8.677214E-1	6.683193E-7
8.717417E-1	6.762420E-7
8.757321E-1	6.842560E-7
8.797174E-1	6.916666E-7
8.837436E-1	6.995539E-7
8.877292E-1	7.074451E-7
8.917880E-1	7.153895E-7
8.957739E-1	7.234852E-7
8.997678E-1	7.314108E-7
9.037863E-1	7.396094E-7
9.077760E-1	7.475114E-7
9.117656E-1	7.554962E-7
9.158190E-1	7.637855E-7
9.198459E-1	7.718118E-7
9.238291E-1	7.801356E-7
9.278229E-1	7.883982E-7
9.318414E-1	7.967381E-7
9.358291E-1	8.050683E-7
9.398882E-1	8.134610E-7
9.438789E-1	8.220063E-7
9.478660E-1	8.303795E-7
9.518915E-1	8.389554E-7
9.558769E-1	8.477363E-7
9.598683E-1	8.561025E-7
9.638888E-1	8.650528E-7
9.679130E-1	8.736727E-7
9.719383E-1	8.826396E-7
9.759247E-1	8.911119E-7
9.799473E-1	8.997967E-7
9.839356E-1	9.086642E-7
9.879259E-1	9.179586E-7
9.919811E-1	9.271191E-7
9.959733E-1	9.359584E-7
9.999918E-1	9.449069E-7
