Voltage (V)	Current (A)
-1.000091E+0	-7.219848E-7
-9.961036E-1	-7.150317E-7
-9.920762E-1	-7.080061E-7
-9.880926E-1	-7.008900E-7
-9.840301E-1	-6.935102E-7
-9.800427E-1	-6.859744E-7
-9.760513E-1	-6.788732E-7
-9.720330E-1	-6.719142E-7
-9.680405E-1	-6.645421E-7
-9.640555E-1	-6.573922E-7
-9.599949E-1	-6.504050E-7
-9.560052E-1	-6.435397E-7
-9.519820E-1	-6.367215E-7
-9.479899E-1	-6.296822E-7
-9.440042E-1	-6.229081E-7
-9.399809E-1	-6.161009E-7
-9.359565E-1	-6.093318E-7
-9.319319E-1	-6.026452E-7
-9.279453E-1	-5.959517E-7
-9.239517E-1	-5.892819E-7
-9.199309E-1	-5.824655E-7
-9.159388E-1	-5.759940E-7
-9.118854E-1	-5.694336E-7
-9.078948E-1	-5.627757E-7
-9.038735E-1	-5.563274E-7
-8.998849E-1	-5.500615E-7
-8.958934E-1	-5.436339E-7
-8.918718E-1	-5.372232E-7
-8.878827E-1	-5.309329E-7
-8.838273E-1	-5.245456E-7
-8.798362E-1	-5.185441E-7
-8.758497E-1	-5.125383E-7
-8.718266E-1	-5.062019E-7
-8.678373E-1	-5.000670E-7
-8.638465E-1	-4.941248E-7
-8.597914E-1	-4.877988E-7
-8.557996E-1	-4.816862E-7
-8.517777E-1	-4.757815E-7
-8.477868E-1	-4.699017E-7
-8.437967E-1	-4.643373E-7
-8.397759E-1	-4.585560E-7
-8.357496E-1	-4.526716E-7
-8.317297E-1	-4.467992E-7
-8.277370E-1	-4.412039E-7
-8.237489E-1	-4.354375E-7
-8.197251E-1	-4.297372E-7
-8.157374E-1	-4.241546E-7
-8.116800E-1	-4.184274E-7
-8.076910E-1	-4.129718E-7
-8.036690E-1	-4.075681E-7
-7.996795E-1	-4.021431E-7
-7.956896E-1	-3.969189E-7
-7.917030E-1	-3.914331E-7
-7.876790E-1	-3.861137E-7
-7.836192E-1	-3.808340E-7
-7.796305E-1	-3.756067E-7
-7.756404E-1	-3.705545E-7
-7.716207E-1	-3.652907E-7
-7.676297E-1	-3.603328E-7
-7.636425E-1	-3.551212E-7
-7.595819E-1	-3.501553E-7
-7.555938E-1	-3.451754E-7
-7.515715E-1	-3.401690E-7
-7.475837E-1	-3.353751E-7
-7.435936E-1	-3.307734E-7
-7.395728E-1	-3.260685E-7
-7.355494E-1	-3.212021E-7
-7.315246E-1	-3.165619E-7
-7.275376E-1	-3.117113E-7
-7.235470E-1	-3.072360E-7
-7.195253E-1	-3.026067E-7
-7.155330E-1	-2.980463E-7
-7.114780E-1	-2.936106E-7
-7.074857E-1	-2.892144E-7
-7.034996E-1	-2.848148E-7
-6.994748E-1	-2.804090E-7
-6.954864E-1	-2.762033E-7
-6.914953E-1	-2.718858E-7
-6.874725E-1	-2.676518E-7
-6.834139E-1	-2.635911E-7
-6.794237E-1	-2.592999E-7
-6.754369E-1	-2.552772E-7
-6.714126E-1	-2.513284E-7
-6.674244E-1	-2.472811E-7
-6.634356E-1	-2.433339E-7
-6.593805E-1	-2.394963E-7
-6.553891E-1	-2.355407E-7
-6.513670E-1	-2.317483E-7
-6.473751E-1	-2.279504E-7
-6.433892E-1	-2.242553E-7
-6.393644E-1	-2.205172E-7
-6.353428E-1	-2.169696E-7
-6.313195E-1	-2.132076E-7
-6.273285E-1	-2.097637E-7
-6.233410E-1	-2.061898E-7
-6.193143E-1	-2.028368E-7
-6.153264E-1	-1.992888E-7
-6.112700E-1	-1.957983E-7
-6.072850E-1	-1.925900E-7
-6.032920E-1	-1.892866E-7
-5.992708E-1	-1.860289E-7
-5.952805E-1	-1.827749E-7
-5.912945E-1	-1.796430E-7
-5.872695E-1	-1.765272E-7
-5.832136E-1	-1.734218E-7
-5.792214E-1	-1.702673E-7
-5.752357E-1	-1.673372E-7
-5.712112E-1	-1.642699E-7
-5.672202E-1	-1.612330E-7
-5.632312E-1	-1.583735E-7
-5.591732E-1	-1.554935E-7
-5.551859E-1	-1.525642E-7
-5.511605E-1	-1.498473E-7
-5.471732E-1	-1.471700E-7
-5.431815E-1	-1.442799E-7
-5.391602E-1	-1.416728E-7
-5.351355E-1	-1.389210E-7
-5.311140E-1	-1.363690E-7
-5.271249E-1	-1.338221E-7
-5.231386E-1	-1.312425E-7
-5.191126E-1	-1.287706E-7
-5.151213E-1	-1.262888E-7
-5.110666E-1	-1.237006E-7
-5.070760E-1	-1.214466E-7
-5.030882E-1	-1.189969E-7
-4.990652E-1	-1.165956E-7
-4.950766E-1	-1.143865E-7
-4.910856E-1	-1.121512E-7
-4.870638E-1	-1.098148E-7
-4.830056E-1	-1.075682E-7
-4.790172E-1	-1.053443E-7
-4.750270E-1	-1.031276E-7
-4.710407E-1	-1.009638E-7
-4.670160E-1	-9.883946E-8
-4.630257E-1	-9.676928E-8
-4.589716E-1	-9.470847E-8
-4.549814E-1	-9.264416E-8
-4.509611E-1	-9.064187E-8
-4.469694E-1	-8.866844E-8
-4.429802E-1	-8.671240E-8
-4.389551E-1	-8.482731E-8
-4.349350E-1	-8.287397E-8
-4.309081E-1	-8.101351E-8
-4.269216E-1	-7.917271E-8
-4.229295E-1	-7.734278E-8
-4.189089E-1	-7.552588E-8
-4.149156E-1	-7.375011E-8
-4.108586E-1	-7.200971E-8
-4.068689E-1	-7.023986E-8
-4.028799E-1	-6.860718E-8
-3.988598E-1	-6.694754E-8
-3.948699E-1	-6.522981E-8
-3.908824E-1	-6.367850E-8
-3.868584E-1	-6.204060E-8
-3.828050E-1	-6.054221E-8
-3.788106E-1	-5.902002E-8
-3.748239E-1	-5.748514E-8
-3.708313E-1	-5.602641E-8
-3.668115E-1	-5.457995E-8
-3.628199E-1	-5.314257E-8
-3.587643E-1	-5.173164E-8
-3.547733E-1	-5.038449E-8
-3.507500E-1	-4.898888E-8
-3.467623E-1	-4.769532E-8
-3.427717E-1	-4.644371E-8
-3.387484E-1	-4.515058E-8
-3.347251E-1	-4.393646E-8
-3.307050E-1	-4.268369E-8
-3.267122E-1	-4.148250E-8
-3.227268E-1	-4.031418E-8
-3.187028E-1	-3.916426E-8
-3.147151E-1	-3.805616E-8
-3.106559E-1	-3.701797E-8
-3.066684E-1	-3.590696E-8
-3.026747E-1	-3.490725E-8
-2.986517E-1	-3.386051E-8
-2.946633E-1	-3.290207E-8
-2.906746E-1	-3.192264E-8
-2.866532E-1	-3.095675E-8
-2.826266E-1	-3.005357E-8
-2.786059E-1	-2.908710E-8
-2.746144E-1	-2.821072E-8
-2.706249E-1	-2.734637E-8
-2.666001E-1	-2.647137E-8
-2.626139E-1	-2.561275E-8
-2.585550E-1	-2.477078E-8
-2.545690E-1	-2.397710E-8
-2.505449E-1	-2.314652E-8
-2.465544E-1	-2.240373E-8
-2.425676E-1	-2.164250E-8
-2.385767E-1	-2.091570E-8
-2.345213E-1	-2.018573E-8
-2.304967E-1	-1.946344E-8
-2.265078E-1	-1.876719E-8
-2.225191E-1	-1.811128E-8
-2.184960E-1	-1.745578E-8
-2.145066E-1	-1.679895E-8
-2.104503E-1	-1.617891E-8
-2.064583E-1	-1.553520E-8
-2.024696E-1	-1.496573E-8
-1.984444E-1	-1.437859E-8
-1.944568E-1	-1.381426E-8
-1.904684E-1	-1.323393E-8
-1.864098E-1	-1.268301E-8
-1.824228E-1	-1.213404E-8
-1.783985E-1	-1.161250E-8
-1.744135E-1	-1.108165E-8
-1.704216E-1	-1.060415E-8
-1.663986E-1	-1.012458E-8
-1.624023E-1	-9.626215E-9
-1.583484E-1	-9.158021E-9
-1.543598E-1	-8.687715E-9
-1.503388E-1	-8.250267E-9
-1.463456E-1	-7.820241E-9
-1.423584E-1	-7.412805E-9
-1.383649E-1	-6.985252E-9
-1.343072E-1	-6.586775E-9
-1.302817E-1	-6.187760E-9
-1.262917E-1	-5.818876E-9
-1.223070E-1	-5.467752E-9
-1.182837E-1	-5.107034E-9
-1.142956E-1	-4.759976E-9
-1.102357E-1	-4.447960E-9
-1.062509E-1	-4.124706E-9
-1.022597E-1	-3.815615E-9
-9.823664E-2	-3.527141E-9
-9.424154E-2	-3.257234E-9
-9.025583E-2	-3.003586E-9
-8.619668E-2	-2.751695E-9
-8.220690E-2	-2.518702E-9
-7.818735E-2	-2.295895E-9
-7.419708E-2	-2.085327E-9
-7.020736E-2	-1.904674E-9
-6.618316E-2	-1.706842E-9
-6.219256E-2	-1.547478E-9
-5.813411E-2	-1.384636E-9
-5.414861E-2	-1.236796E-9
-5.015551E-2	-1.102113E-9
-4.613853E-2	-9.618999E-10
-4.214679E-2	-8.425964E-10
-3.816043E-2	-7.336033E-10
-3.409972E-2	-6.334927E-10
-3.007669E-2	-5.348906E-10
-2.608238E-2	-4.610123E-10
-2.209455E-2	-3.869669E-10
-1.807410E-2	-3.106998E-10
-1.408366E-2	-2.458314E-10
-1.002765E-2	-1.844828E-10
-6.036949E-3	-1.306351E-10
-2.045074E-3	-6.643840E-11
1.969986E-3	1.706375E-11
5.953861E-3	4.149020E-11
9.947520E-3	1.010686E-10
1.400297E-2	1.647532E-10
1.802970E-2	2.215245E-10
2.201626E-2	2.912843E-10
2.600422E-2	3.756243E-10
3.002646E-2	4.545599E-10
3.401784E-2	5.361763E-10
3.800250E-2	6.381141E-10
4.205802E-2	7.498131E-10
4.605149E-2	8.602131E-10
5.007182E-2	9.756421E-10
5.406133E-2	1.118471E-9
5.804909E-2	1.270518E-9
6.207005E-2	1.408487E-9
6.612474E-2	1.580687E-9
7.011948E-2	1.747481E-9
7.410352E-2	1.928943E-9
7.813024E-2	2.128876E-9
8.211923E-2	2.348842E-9
8.610794E-2	2.570352E-9
9.016424E-2	2.802803E-9
9.414823E-2	3.036253E-9
9.817263E-2	3.307374E-9
1.021619E-1	3.567143E-9
1.061532E-1	3.840901E-9
1.101744E-1	4.141142E-9
1.142317E-1	4.438152E-9
1.182169E-1	4.728376E-9
1.222063E-1	5.035364E-9
1.262263E-1	5.366360E-9
1.302168E-1	5.705096E-9
1.342041E-1	6.023055E-9
1.382331E-1	6.377393E-9
1.422509E-1	6.730663E-9
1.462754E-1	7.084461E-9
1.502666E-1	7.444105E-9
1.542516E-1	7.796082E-9
1.582786E-1	8.182632E-9
1.622596E-1	8.559797E-9
1.663212E-1	8.945797E-9
1.703101E-1	9.346679E-9
1.743359E-1	9.753680E-9
1.783224E-1	1.016490E-8
1.823110E-1	1.057901E-8
1.863304E-1	1.099929E-8
1.903568E-1	1.144865E-8
1.943757E-1	1.187664E-8
1.983627E-1	1.230860E-8
2.023506E-1	1.277338E-8
2.063748E-1	1.324844E-8
2.103679E-1	1.369784E-8
2.144217E-1	1.419958E-8
2.184122E-1	1.468097E-8
2.224326E-1	1.516955E-8
2.264231E-1	1.566820E-8
2.304048E-1	1.617629E-8
2.344337E-1	1.669247E-8
2.384231E-1	1.721322E-8
2.424807E-1	1.776620E-8
2.464654E-1	1.832049E-8
2.504528E-1	1.886018E-8
2.544746E-1	1.940620E-8
2.584627E-1	1.997483E-8
2.624537E-1	2.056764E-8
2.665052E-1	2.113796E-8
2.705306E-1	2.174577E-8
2.745178E-1	2.235558E-8
2.785098E-1	2.299060E-8
2.825308E-1	2.362573E-8
2.865208E-1	2.426020E-8
2.905754E-1	2.493417E-8
2.945673E-1	2.561293E-8
2.985508E-1	2.631763E-8
3.025773E-1	2.702266E-8
3.065653E-1	2.775814E-8
3.105560E-1	2.847299E-8
3.146134E-1	2.923762E-8
3.186334E-1	3.003617E-8
3.226209E-1	3.081813E-8
3.266100E-1	3.163043E-8
3.306339E-1	3.247786E-8
3.346197E-1	3.334214E-8
3.386746E-1	3.420759E-8
3.426653E-1	3.512350E-8
3.466566E-1	3.602498E-8
3.506773E-1	3.696384E-8
3.546660E-1	3.791120E-8
3.586541E-1	3.886682E-8
3.626771E-1	3.988685E-8
3.667298E-1	4.091101E-8
3.707209E-1	4.192825E-8
3.747106E-1	4.298821E-8
3.787314E-1	4.406602E-8
3.827224E-1	4.518565E-8
3.867086E-1	4.628431E-8
3.907655E-1	4.744901E-8
3.947541E-1	4.862247E-8
3.987779E-1	4.982454E-8
4.027628E-1	5.104167E-8
4.067507E-1	5.228253E-8
4.107735E-1	5.357451E-8
4.148310E-1	5.487260E-8
4.188204E-1	5.618447E-8
4.228096E-1	5.753539E-8
4.268347E-1	5.893524E-8
4.308203E-1	6.032743E-8
4.348120E-1	6.175034E-8
4.388646E-1	6.320950E-8
4.428556E-1	6.469782E-8
4.468756E-1	6.622133E-8
4.508696E-1	6.777576E-8
4.548545E-1	6.932323E-8
4.588775E-1	7.093660E-8
4.628660E-1	7.259511E-8
4.669227E-1	7.426724E-8
4.709081E-1	7.594546E-8
4.749283E-1	7.768144E-8
4.789209E-1	7.944318E-8
4.829090E-1	8.121096E-8
4.869327E-1	8.303584E-8
4.909532E-1	8.488361E-8
4.949764E-1	8.678445E-8
4.989635E-1	8.869926E-8
5.029560E-1	9.065577E-8
5.069765E-1	9.266205E-8
5.109655E-1	9.468669E-8
5.150216E-1	9.678961E-8
5.190120E-1	9.890135E-8
5.230321E-1	1.010668E-7
5.270206E-1	1.032590E-7
5.310119E-1	1.055178E-7
5.350308E-1	1.077900E-7
5.390542E-1	1.101549E-7
5.430757E-1	1.125053E-7
5.470636E-1	1.148797E-7
5.510523E-1	1.173564E-7
5.550765E-1	1.198601E-7
5.590645E-1	1.224017E-7
5.630545E-1	1.249924E-7
5.671097E-1	1.276669E-7
5.711322E-1	1.303226E-7
5.751185E-1	1.330544E-7
5.791104E-1	1.358277E-7
5.831293E-1	1.386504E-7
5.871205E-1	1.414800E-7
5.911791E-1	1.444853E-7
5.951655E-1	1.474257E-7
5.991566E-1	1.504491E-7
6.031756E-1	1.535728E-7
6.071660E-1	1.567081E-7
6.111518E-1	1.598324E-7
6.152090E-1	1.630751E-7
6.192296E-1	1.663756E-7
6.232219E-1	1.697588E-7
6.272080E-1	1.730735E-7
6.312318E-1	1.765400E-7
6.352186E-1	1.800903E-7
6.392771E-1	1.836587E-7
6.432659E-1	1.872635E-7
6.472535E-1	1.908617E-7
6.512756E-1	1.946185E-7
6.552638E-1	1.983016E-7
6.592526E-1	2.020497E-7
6.632759E-1	2.059474E-7
6.673327E-1	2.099017E-7
6.713206E-1	2.138352E-7
6.753100E-1	2.178552E-7
6.793299E-1	2.218967E-7
6.833210E-1	2.260550E-7
6.873069E-1	2.301870E-7
6.913667E-1	2.344616E-7
6.953567E-1	2.386599E-7
6.993776E-1	2.429841E-7
7.033659E-1	2.473089E-7
7.073537E-1	2.517261E-7
7.113776E-1	2.562291E-7
7.154320E-1	2.606504E-7
7.194234E-1	2.653437E-7
7.234094E-1	2.699369E-7
7.274355E-1	2.745952E-7
7.314216E-1	2.792741E-7
7.354135E-1	2.839525E-7
7.394653E-1	2.887638E-7
7.434559E-1	2.936271E-7
7.474755E-1	2.986183E-7
7.514669E-1	3.034498E-7
7.554525E-1	3.084481E-7
7.594762E-1	3.135582E-7
7.634653E-1	3.185244E-7
7.675186E-1	3.237063E-7
7.715100E-1	3.289041E-7
7.755346E-1	3.340483E-7
7.795223E-1	3.393183E-7
7.835084E-1	3.446328E-7
7.875347E-1	3.500137E-7
7.915524E-1	3.553224E-7
7.955799E-1	3.608153E-7
7.995660E-1	3.663077E-7
8.035570E-1	3.716608E-7
8.075787E-1	3.773070E-7
8.115647E-1	3.828875E-7
8.156245E-1	3.885324E-7
8.196109E-1	3.942278E-7
8.236318E-1	3.999983E-7
8.276195E-1	4.056075E-7
8.316122E-1	4.114341E-7
8.356315E-1	4.171909E-7
8.396574E-1	4.232435E-7
8.436775E-1	4.290910E-7
8.476678E-1	4.350820E-7
8.516556E-1	4.411039E-7
8.556798E-1	4.471417E-7
8.596702E-1	4.534614E-7
8.636553E-1	4.593974E-7
8.677121E-1	4.654353E-7
8.717353E-1	4.716901E-7
8.757233E-1	4.781332E-7
8.797112E-1	4.842777E-7
8.837354E-1	4.906205E-7
8.877226E-1	4.969680E-7
8.917789E-1	5.033500E-7
8.957665E-1	5.096884E-7
8.997583E-1	5.160486E-7
9.037783E-1	5.226804E-7
9.077691E-1	5.292043E-7
9.117567E-1	5.359058E-7
9.158116E-1	5.426399E-7
9.198365E-1	5.493705E-7
9.238244E-1	5.559595E-7
9.278119E-1	5.627834E-7
9.318333E-1	5.696439E-7
9.358227E-1	5.765091E-7
9.398817E-1	5.833671E-7
9.438692E-1	5.904457E-7
9.478567E-1	5.973030E-7
9.518865E-1	6.043581E-7
9.558666E-1	6.113975E-7
9.598607E-1	6.185594E-7
9.638791E-1	6.255282E-7
9.679029E-1	6.326648E-7
9.719256E-1	6.399968E-7
9.759147E-1	6.472649E-7
9.799390E-1	6.545453E-7
9.839244E-1	6.617611E-7
9.879171E-1	6.691040E-7
9.919709E-1	6.766153E-7
9.959643E-1	6.839543E-7
9.999821E-1	6.914977E-7
