Voltage (V)	Current (A)
-1.000097E+0	-8.615040E-7
-9.961108E-1	-8.531841E-7
-9.920837E-1	-8.449468E-7
-9.880973E-1	-8.370845E-7
-9.840366E-1	-8.287252E-7
-9.800493E-1	-8.205067E-7
-9.760583E-1	-8.126869E-7
-9.720353E-1	-8.049963E-7
-9.680460E-1	-7.971184E-7
-9.640587E-1	-7.891145E-7
-9.600008E-1	-7.814939E-7
-9.560115E-1	-7.740502E-7
-9.519879E-1	-7.666748E-7
-9.479960E-1	-7.593774E-7
-9.440088E-1	-7.509711E-7
-9.399875E-1	-7.440354E-7
-9.359642E-1	-7.361023E-7
-9.319388E-1	-7.288748E-7
-9.279518E-1	-7.215489E-7
-9.239593E-1	-7.139834E-7
-9.199386E-1	-7.069696E-7
-9.159452E-1	-6.998060E-7
-9.118907E-1	-6.923136E-7
-9.079025E-1	-6.849727E-7
-9.038808E-1	-6.775748E-7
-8.998908E-1	-6.704993E-7
-8.958991E-1	-6.635603E-7
-8.918779E-1	-6.562619E-7
-8.878872E-1	-6.497845E-7
-8.838330E-1	-6.424083E-7
-8.798413E-1	-6.358313E-7
-8.758542E-1	-6.287456E-7
-8.718321E-1	-6.213372E-7
-8.678434E-1	-6.146936E-7
-8.638516E-1	-6.080236E-7
-8.597969E-1	-6.011916E-7
-8.558050E-1	-5.947407E-7
-8.517838E-1	-5.879509E-7
-8.477921E-1	-5.813454E-7
-8.438023E-1	-5.751240E-7
-8.397819E-1	-5.687043E-7
-8.357556E-1	-5.620035E-7
-8.317371E-1	-5.560035E-7
-8.277437E-1	-5.489330E-7
-8.237549E-1	-5.426475E-7
-8.197321E-1	-5.366157E-7
-8.157431E-1	-5.305936E-7
-8.116851E-1	-5.240965E-7
-8.076972E-1	-5.179821E-7
-8.036759E-1	-5.119258E-7
-7.996877E-1	-5.058419E-7
-7.956960E-1	-4.995711E-7
-7.917088E-1	-4.934023E-7
-7.876842E-1	-4.876688E-7
-7.836257E-1	-4.817222E-7
-7.796371E-1	-4.756806E-7
-7.756469E-1	-4.696814E-7
-7.716261E-1	-4.643309E-7
-7.676355E-1	-4.583378E-7
-7.636470E-1	-4.526912E-7
-7.595870E-1	-4.468189E-7
-7.555991E-1	-4.414096E-7
-7.515764E-1	-4.358376E-7
-7.475883E-1	-4.300226E-7
-7.435997E-1	-4.245997E-7
-7.395790E-1	-4.196487E-7
-7.355537E-1	-4.138385E-7
-7.315308E-1	-4.087458E-7
-7.275419E-1	-4.029446E-7
-7.235516E-1	-3.981403E-7
-7.195291E-1	-3.929631E-7
-7.155389E-1	-3.877575E-7
-7.114840E-1	-3.823942E-7
-7.074912E-1	-3.773744E-7
-7.035021E-1	-3.724362E-7
-6.994786E-1	-3.674034E-7
-6.954922E-1	-3.620284E-7
-6.914992E-1	-3.576305E-7
-6.874775E-1	-3.521390E-7
-6.834195E-1	-3.476355E-7
-6.794296E-1	-3.424772E-7
-6.754423E-1	-3.383067E-7
-6.714185E-1	-3.331150E-7
-6.674288E-1	-3.285478E-7
-6.634403E-1	-3.236513E-7
-6.593862E-1	-3.192610E-7
-6.553946E-1	-3.145015E-7
-6.513711E-1	-3.102193E-7
-6.473790E-1	-3.056855E-7
-6.433926E-1	-3.013066E-7
-6.393685E-1	-2.970652E-7
-6.353461E-1	-2.921324E-7
-6.313231E-1	-2.886995E-7
-6.273327E-1	-2.836385E-7
-6.233453E-1	-2.796510E-7
-6.193193E-1	-2.755108E-7
-6.153319E-1	-2.710483E-7
-6.112744E-1	-2.666861E-7
-6.072881E-1	-2.631683E-7
-6.032969E-1	-2.589285E-7
-5.992734E-1	-2.546264E-7
-5.952845E-1	-2.516542E-7
-5.912982E-1	-2.472256E-7
-5.872728E-1	-2.432709E-7
-5.832159E-1	-2.393684E-7
-5.792230E-1	-2.353889E-7
-5.752371E-1	-2.316004E-7
-5.712143E-1	-2.279198E-7
-5.672246E-1	-2.243573E-7
-5.632343E-1	-2.208953E-7
-5.591761E-1	-2.169768E-7
-5.551893E-1	-2.134357E-7
-5.511632E-1	-2.101499E-7
-5.471746E-1	-2.064964E-7
-5.431840E-1	-2.027132E-7
-5.391629E-1	-1.993475E-7
-5.351388E-1	-1.961782E-7
-5.311168E-1	-1.930555E-7
-5.271273E-1	-1.894127E-7
-5.231404E-1	-1.862740E-7
-5.191174E-1	-1.828371E-7
-5.151239E-1	-1.797233E-7
-5.110688E-1	-1.761963E-7
-5.070793E-1	-1.730423E-7
-5.030924E-1	-1.699896E-7
-4.990682E-1	-1.667990E-7
-4.950799E-1	-1.641387E-7
-4.910871E-1	-1.607318E-7
-4.870671E-1	-1.575794E-7
-4.830068E-1	-1.547691E-7
-4.790196E-1	-1.517393E-7
-4.750287E-1	-1.490158E-7
-4.710432E-1	-1.459066E-7
-4.670181E-1	-1.434088E-7
-4.630269E-1	-1.402187E-7
-4.589735E-1	-1.374445E-7
-4.549834E-1	-1.346425E-7
-4.509628E-1	-1.319223E-7
-4.469708E-1	-1.293481E-7
-4.429842E-1	-1.269441E-7
-4.389570E-1	-1.239499E-7
-4.349358E-1	-1.212235E-7
-4.309109E-1	-1.185782E-7
-4.269215E-1	-1.161613E-7
-4.229310E-1	-1.136131E-7
-4.189099E-1	-1.114288E-7
-4.149185E-1	-1.086233E-7
-4.108628E-1	-1.062286E-7
-4.068710E-1	-1.039774E-7
-4.028811E-1	-1.015215E-7
-3.988613E-1	-9.940005E-8
-3.948708E-1	-9.684639E-8
-3.908825E-1	-9.448429E-8
-3.868599E-1	-9.227006E-8
-3.828066E-1	-9.009197E-8
-3.788128E-1	-8.767999E-8
-3.748239E-1	-8.572674E-8
-3.708325E-1	-8.359506E-8
-3.668124E-1	-8.149235E-8
-3.628208E-1	-7.935640E-8
-3.587653E-1	-7.725525E-8
-3.547752E-1	-7.534904E-8
-3.507516E-1	-7.327426E-8
-3.467649E-1	-7.126216E-8
-3.427725E-1	-6.929181E-8
-3.387491E-1	-6.736762E-8
-3.347268E-1	-6.550376E-8
-3.307064E-1	-6.367920E-8
-3.267136E-1	-6.179376E-8
-3.227272E-1	-6.007635E-8
-3.187045E-1	-5.841864E-8
-3.147151E-1	-5.650448E-8
-3.106573E-1	-5.478425E-8
-3.066705E-1	-5.316906E-8
-3.026774E-1	-5.143837E-8
-2.986538E-1	-4.988770E-8
-2.946640E-1	-4.823535E-8
-2.906751E-1	-4.658049E-8
-2.866531E-1	-4.499727E-8
-2.826295E-1	-4.355803E-8
-2.786090E-1	-4.206160E-8
-2.746150E-1	-4.056739E-8
-2.706258E-1	-3.920498E-8
-2.666004E-1	-3.772736E-8
-2.626158E-1	-3.641609E-8
-2.585558E-1	-3.501458E-8
-2.545706E-1	-3.365679E-8
-2.505450E-1	-3.236586E-8
-2.465548E-1	-3.113704E-8
-2.425691E-1	-2.987771E-8
-2.385779E-1	-2.874540E-8
-2.345222E-1	-2.747800E-8
-2.304966E-1	-2.632602E-8
-2.265075E-1	-2.518217E-8
-2.225196E-1	-2.408070E-8
-2.184963E-1	-2.299580E-8
-2.145057E-1	-2.197516E-8
-2.104516E-1	-2.096512E-8
-2.064573E-1	-1.996525E-8
-2.024701E-1	-1.900389E-8
-1.984447E-1	-1.808455E-8
-1.944577E-1	-1.719684E-8
-1.904688E-1	-1.635932E-8
-1.864120E-1	-1.550991E-8
-1.824216E-1	-1.467872E-8
-1.784005E-1	-1.393411E-8
-1.744139E-1	-1.312853E-8
-1.704224E-1	-1.238095E-8
-1.663982E-1	-1.169328E-8
-1.624049E-1	-1.103928E-8
-1.583484E-1	-1.038229E-8
-1.543605E-1	-9.758745E-9
-1.503393E-1	-9.139771E-9
-1.463471E-1	-8.594291E-9
-1.423602E-1	-8.048988E-9
-1.383651E-1	-7.539335E-9
-1.343077E-1	-7.052868E-9
-1.302828E-1	-6.574140E-9
-1.262933E-1	-6.115620E-9
-1.223079E-1	-5.714004E-9
-1.182845E-1	-5.330827E-9
-1.142969E-1	-4.949448E-9
-1.102351E-1	-4.569370E-9
-1.062522E-1	-4.227804E-9
-1.022605E-1	-3.900862E-9
-9.823744E-2	-3.596172E-9
-9.424236E-2	-3.305645E-9
-9.025812E-2	-3.044494E-9
-8.619729E-2	-2.783635E-9
-8.220709E-2	-2.538701E-9
-7.818697E-2	-2.336509E-9
-7.419953E-2	-2.113869E-9
-7.020807E-2	-1.912893E-9
-6.618401E-2	-1.721387E-9
-6.219402E-2	-1.562904E-9
-5.813658E-2	-1.382334E-9
-5.415000E-2	-1.246228E-9
-5.015653E-2	-1.106307E-9
-4.613923E-2	-9.751456E-10
-4.214705E-2	-8.540816E-10
-3.816237E-2	-7.285764E-10
-3.410091E-2	-6.361763E-10
-3.007703E-2	-5.472120E-10
-2.608357E-2	-4.584157E-10
-2.209670E-2	-3.775391E-10
-1.807668E-2	-3.124189E-10
-1.408614E-2	-2.419767E-10
-1.003019E-2	-1.787002E-10
-6.038890E-3	-1.232600E-10
-2.047172E-3	-6.819809E-11
1.967815E-3	9.983278E-12
5.952202E-3	4.077824E-11
9.946224E-3	9.834604E-11
1.400168E-2	1.544053E-10
1.802810E-2	2.236625E-10
2.201442E-2	3.038970E-10
2.600304E-2	3.735308E-10
3.002393E-2	4.513770E-10
3.401611E-2	5.414575E-10
3.800186E-2	6.418033E-10
4.205680E-2	7.501927E-10
4.604979E-2	8.610960E-10
5.006995E-2	9.982700E-10
5.406036E-2	1.132971E-9
5.804634E-2	1.269852E-9
6.206806E-2	1.438030E-9
6.612403E-2	1.617436E-9
7.011860E-2	1.800699E-9
7.410197E-2	1.985382E-9
7.812903E-2	2.210124E-9
8.211655E-2	2.435578E-9
8.610541E-2	2.684449E-9
9.016108E-2	2.944595E-9
9.414427E-2	3.229164E-9
9.817076E-2	3.544068E-9
1.021590E-1	3.889684E-9
1.061510E-1	4.215567E-9
1.101717E-1	4.562982E-9
1.142291E-1	4.984724E-9
1.182142E-1	5.377685E-9
1.222044E-1	5.834329E-9
1.262238E-1	6.348161E-9
1.302157E-1	6.864307E-9
1.342029E-1	7.428794E-9
1.382296E-1	8.000910E-9
1.422490E-1	8.668133E-9
1.462734E-1	9.332255E-9
1.502638E-1	1.005483E-8
1.542481E-1	1.076801E-8
1.582764E-1	1.148867E-8
1.622589E-1	1.225133E-8
1.663191E-1	1.308358E-8
1.703090E-1	1.388426E-8
1.743331E-1	1.475426E-8
1.783209E-1	1.558665E-8
1.823101E-1	1.644671E-8
1.863306E-1	1.733140E-8
1.903547E-1	1.829163E-8
1.943739E-1	1.920669E-8
1.983603E-1	2.013959E-8
2.023480E-1	2.113955E-8
2.063733E-1	2.211687E-8
2.103652E-1	2.313414E-8
2.144200E-1	2.421267E-8
2.184105E-1	2.529985E-8
2.224306E-1	2.637177E-8
2.264214E-1	2.749527E-8
2.304049E-1	2.862141E-8
2.344329E-1	2.978897E-8
2.384212E-1	3.094468E-8
2.424800E-1	3.213327E-8
2.464658E-1	3.335323E-8
2.504533E-1	3.458224E-8
2.544738E-1	3.582457E-8
2.584623E-1	3.708925E-8
2.624519E-1	3.836188E-8
2.665049E-1	3.966624E-8
2.705293E-1	4.098258E-8
2.745174E-1	4.232320E-8
2.785083E-1	4.362568E-8
2.825290E-1	4.500540E-8
2.865211E-1	4.635975E-8
2.905753E-1	4.779525E-8
2.945667E-1	4.919887E-8
2.985507E-1	5.060322E-8
3.025765E-1	5.201780E-8
3.065650E-1	5.346378E-8
3.105539E-1	5.492333E-8
3.146128E-1	5.638513E-8
3.186309E-1	5.787186E-8
3.226214E-1	5.936940E-8
3.266092E-1	6.087521E-8
3.306327E-1	6.237601E-8
3.346189E-1	6.394389E-8
3.386747E-1	6.549592E-8
3.426636E-1	6.705307E-8
3.466558E-1	6.865707E-8
3.506762E-1	7.028647E-8
3.546652E-1	7.190114E-8
3.586515E-1	7.354862E-8
3.626775E-1	7.520553E-8
3.667304E-1	7.693326E-8
3.707193E-1	7.864277E-8
3.747098E-1	8.037414E-8
3.787301E-1	8.213619E-8
3.827221E-1	8.395028E-8
3.867069E-1	8.576247E-8
3.907646E-1	8.761348E-8
3.947522E-1	8.949288E-8
3.987765E-1	9.138286E-8
4.027618E-1	9.333605E-8
4.067511E-1	9.529406E-8
4.107737E-1	9.730022E-8
4.148297E-1	9.917711E-8
4.188203E-1	1.012311E-7
4.228086E-1	1.035649E-7
4.268334E-1	1.057350E-7
4.308204E-1	1.079394E-7
4.348110E-1	1.101775E-7
4.388653E-1	1.124993E-7
4.428576E-1	1.148388E-7
4.468766E-1	1.172545E-7
4.508691E-1	1.196585E-7
4.548548E-1	1.221240E-7
4.588788E-1	1.247356E-7
4.628652E-1	1.272650E-7
4.669214E-1	1.299886E-7
4.709088E-1	1.327166E-7
4.749305E-1	1.355454E-7
4.789211E-1	1.383166E-7
4.829080E-1	1.412055E-7
4.869338E-1	1.441796E-7
4.909535E-1	1.472189E-7
4.949780E-1	1.503552E-7
4.989638E-1	1.534880E-7
5.029570E-1	1.564450E-7
5.069762E-1	1.599586E-7
5.109679E-1	1.632506E-7
5.150216E-1	1.667228E-7
5.190123E-1	1.700882E-7
5.230316E-1	1.736765E-7
5.270213E-1	1.772526E-7
5.310120E-1	1.808542E-7
5.350301E-1	1.846183E-7
5.390556E-1	1.884220E-7
5.430763E-1	1.922481E-7
5.470648E-1	1.961685E-7
5.510526E-1	2.000982E-7
5.550787E-1	2.041598E-7
5.590652E-1	2.081647E-7
5.630558E-1	2.123299E-7
5.671107E-1	2.165266E-7
5.711359E-1	2.208430E-7
5.751212E-1	2.251156E-7
5.791132E-1	2.294273E-7
5.831321E-1	2.339284E-7
5.871232E-1	2.383862E-7
5.911807E-1	2.428868E-7
5.951666E-1	2.474809E-7
5.991590E-1	2.520745E-7
6.031769E-1	2.567720E-7
6.071679E-1	2.615303E-7
6.111539E-1	2.663189E-7
6.152113E-1	2.711215E-7
6.192347E-1	2.760997E-7
6.232229E-1	2.809586E-7
6.272110E-1	2.859401E-7
6.312332E-1	2.909740E-7
6.352209E-1	2.961452E-7
6.392804E-1	3.014572E-7
6.432686E-1	3.065255E-7
6.472548E-1	3.117371E-7
6.512790E-1	3.170065E-7
6.552675E-1	3.223999E-7
6.592595E-1	3.277374E-7
6.632783E-1	3.331279E-7
6.673366E-1	3.387281E-7
6.713222E-1	3.442017E-7
6.753126E-1	3.497587E-7
6.793320E-1	3.553744E-7
6.833229E-1	3.610093E-7
6.873112E-1	3.666640E-7
6.913691E-1	3.724867E-7
6.953601E-1	3.782609E-7
6.993792E-1	3.842226E-7
7.033709E-1	3.900147E-7
7.073577E-1	3.958638E-7
7.113794E-1	4.020024E-7
7.154337E-1	4.082526E-7
7.194254E-1	4.142058E-7
7.234156E-1	4.201569E-7
7.274405E-1	4.265025E-7
7.314256E-1	4.326706E-7
7.354161E-1	4.389753E-7
7.394710E-1	4.453818E-7
7.434602E-1	4.516715E-7
7.474810E-1	4.579743E-7
7.514693E-1	4.644482E-7
7.554609E-1	4.707675E-7
7.594803E-1	4.773431E-7
7.634714E-1	4.838218E-7
7.675268E-1	4.903623E-7
7.715144E-1	4.969992E-7
7.755388E-1	5.035438E-7
7.795275E-1	5.103657E-7
7.835152E-1	5.171930E-7
7.875392E-1	5.241056E-7
7.915587E-1	5.308528E-7
7.955850E-1	5.378407E-7
7.995721E-1	5.448115E-7
8.035626E-1	5.516347E-7
8.075843E-1	5.587959E-7
8.115714E-1	5.657088E-7
8.156281E-1	5.729996E-7
8.196156E-1	5.800269E-7
8.236400E-1	5.874964E-7
8.276256E-1	5.945175E-7
8.316185E-1	6.014648E-7
8.356386E-1	6.089094E-7
8.396634E-1	6.164514E-7
8.436843E-1	6.238307E-7
8.476741E-1	6.309825E-7
8.516613E-1	6.384807E-7
8.556865E-1	6.460293E-7
8.596771E-1	6.540246E-7
8.636633E-1	6.613290E-7
8.677206E-1	6.692866E-7
8.717420E-1	6.767298E-7
8.757296E-1	6.841978E-7
8.797163E-1	6.920361E-7
8.837438E-1	7.000145E-7
8.877308E-1	7.077535E-7
8.917862E-1	7.159365E-7
8.957751E-1	7.237870E-7
8.997669E-1	7.316400E-7
9.037850E-1	7.397310E-7
9.077754E-1	7.476403E-7
9.117658E-1	7.558593E-7
9.158178E-1	7.641794E-7
9.198442E-1	7.721123E-7
9.238321E-1	7.802133E-7
9.278197E-1	7.883818E-7
9.318420E-1	7.971834E-7
9.358320E-1	8.053520E-7
9.398885E-1	8.139863E-7
9.438764E-1	8.223727E-7
9.478641E-1	8.310325E-7
9.518894E-1	8.395060E-7
9.558756E-1	8.482279E-7
9.598664E-1	8.566719E-7
9.638896E-1	8.655077E-7
9.679142E-1	8.742194E-7
9.719357E-1	8.828239E-7
9.759235E-1	8.916113E-7
9.799483E-1	9.005880E-7
9.839337E-1	9.096473E-7
9.879262E-1	9.188890E-7
9.919804E-1	9.276420E-7
9.959735E-1	9.369424E-7
9.999927E-1	9.459242E-7
