Voltage (V)	Current (A)
-1.000061E+0	-1.014139E-6
-9.960731E-1	-1.002937E-6
-9.920878E-1	-9.911245E-7
-9.881132E-1	-9.797058E-7
-9.840518E-1	-9.681465E-7
-9.800563E-1	-9.567547E-7
-9.760601E-1	-9.457493E-7
-9.720415E-1	-9.341885E-7
-9.680522E-1	-9.229937E-7
-9.640745E-1	-9.119419E-7
-9.600107E-1	-9.005006E-7
-9.560163E-1	-8.895446E-7
-9.519910E-1	-8.785514E-7
-9.479970E-1	-8.677609E-7
-9.440104E-1	-8.568956E-7
-9.399869E-1	-8.461182E-7
-9.359568E-1	-8.353833E-7
-9.319422E-1	-8.246355E-7
-9.279580E-1	-8.139206E-7
-9.239585E-1	-8.035468E-7
-9.199481E-1	-7.930872E-7
-9.159566E-1	-7.827617E-7
-9.118937E-1	-7.723102E-7
-9.079128E-1	-7.621768E-7
-9.038762E-1	-7.518429E-7
-8.998925E-1	-7.416873E-7
-8.959033E-1	-7.315537E-7
-8.918834E-1	-7.216714E-7
-8.878897E-1	-7.117032E-7
-8.838334E-1	-7.017105E-7
-8.798369E-1	-6.919320E-7
-8.758516E-1	-6.823809E-7
-8.718324E-1	-6.726288E-7
-8.678502E-1	-6.631647E-7
-8.638576E-1	-6.537799E-7
-8.597999E-1	-6.441532E-7
-8.558086E-1	-6.347298E-7
-8.517842E-1	-6.253393E-7
-8.477980E-1	-6.161030E-7
-8.438005E-1	-6.069762E-7
-8.397821E-1	-5.977773E-7
-8.357557E-1	-5.888257E-7
-8.317345E-1	-5.798521E-7
-8.277434E-1	-5.711007E-7
-8.237523E-1	-5.623123E-7
-8.197281E-1	-5.536584E-7
-8.157407E-1	-5.450250E-7
-8.116818E-1	-5.362966E-7
-8.076963E-1	-5.279429E-7
-8.036729E-1	-5.195256E-7
-7.996838E-1	-5.111576E-7
-7.956981E-1	-5.029264E-7
-7.917062E-1	-4.948419E-7
-7.876876E-1	-4.867351E-7
-7.836286E-1	-4.786603E-7
-7.796386E-1	-4.706782E-7
-7.756550E-1	-4.629039E-7
-7.716238E-1	-4.550946E-7
-7.676392E-1	-4.474710E-7
-7.636428E-1	-4.399579E-7
-7.595881E-1	-4.322940E-7
-7.555903E-1	-4.249376E-7
-7.515820E-1	-4.175020E-7
-7.475908E-1	-4.102708E-7
-7.435979E-1	-4.031468E-7
-7.395661E-1	-3.960909E-7
-7.355556E-1	-3.890299E-7
-7.315262E-1	-3.820252E-7
-7.275424E-1	-3.752239E-7
-7.235425E-1	-3.685536E-7
-7.195246E-1	-3.617994E-7
-7.155382E-1	-3.552716E-7
-7.114903E-1	-3.486658E-7
-7.074803E-1	-3.422557E-7
-7.035019E-1	-3.359877E-7
-6.994791E-1	-3.297282E-7
-6.954859E-1	-3.235132E-7
-6.914958E-1	-3.174048E-7
-6.874787E-1	-3.114152E-7
-6.834158E-1	-3.053993E-7
-6.794240E-1	-2.995449E-7
-6.754355E-1	-2.938351E-7
-6.714212E-1	-2.881524E-7
-6.674328E-1	-2.825354E-7
-6.634362E-1	-2.770350E-7
-6.593859E-1	-2.715896E-7
-6.553895E-1	-2.662156E-7
-6.513690E-1	-2.610015E-7
-6.473793E-1	-2.557472E-7
-6.433883E-1	-2.506777E-7
-6.393597E-1	-2.455767E-7
-6.353452E-1	-2.406028E-7
-6.313083E-1	-2.356995E-7
-6.273357E-1	-2.309430E-7
-6.233417E-1	-2.262571E-7
-6.193163E-1	-2.215457E-7
-6.153214E-1	-2.169995E-7
-6.112800E-1	-2.124569E-7
-6.072787E-1	-2.080526E-7
-6.032941E-1	-2.037442E-7
-5.992738E-1	-1.994130E-7
-5.952773E-1	-1.952561E-7
-5.912929E-1	-1.911421E-7
-5.872753E-1	-1.871419E-7
-5.832150E-1	-1.831119E-7
-5.792303E-1	-1.792395E-7
-5.752326E-1	-1.754131E-7
-5.712035E-1	-1.716877E-7
-5.672240E-1	-1.680319E-7
-5.632418E-1	-1.644732E-7
-5.591748E-1	-1.608972E-7
-5.551825E-1	-1.574823E-7
-5.511637E-1	-1.540583E-7
-5.471838E-1	-1.507377E-7
-5.431843E-1	-1.474729E-7
-5.391528E-1	-1.442617E-7
-5.351355E-1	-1.411236E-7
-5.311130E-1	-1.381080E-7
-5.271240E-1	-1.351189E-7
-5.231371E-1	-1.321729E-7
-5.191132E-1	-1.293597E-7
-5.151184E-1	-1.265459E-7
-5.110710E-1	-1.238252E-7
-5.070815E-1	-1.211465E-7
-5.030834E-1	-1.186206E-7
-4.990616E-1	-1.160746E-7
-4.950754E-1	-1.135932E-7
-4.910925E-1	-1.111671E-7
-4.870597E-1	-1.087793E-7
-4.830078E-1	-1.064426E-7
-4.790212E-1	-1.042223E-7
-4.750259E-1	-1.020222E-7
-4.710483E-1	-9.987127E-8
-4.670157E-1	-9.777222E-8
-4.630204E-1	-9.572511E-8
-4.589611E-1	-9.365245E-8
-4.549842E-1	-9.178653E-8
-4.509583E-1	-8.979471E-8
-4.469699E-1	-8.797440E-8
-4.429889E-1	-8.618142E-8
-4.389533E-1	-8.438946E-8
-4.349405E-1	-8.260755E-8
-4.309051E-1	-8.093539E-8
-4.269257E-1	-7.928727E-8
-4.229263E-1	-7.768745E-8
-4.189101E-1	-7.603499E-8
-4.149135E-1	-7.449996E-8
-4.108649E-1	-7.295711E-8
-4.068642E-1	-7.147362E-8
-4.028894E-1	-6.998248E-8
-3.988597E-1	-6.851867E-8
-3.948703E-1	-6.720413E-8
-3.908819E-1	-6.582579E-8
-3.868701E-1	-6.447515E-8
-3.828070E-1	-6.312085E-8
-3.788079E-1	-6.181963E-8
-3.748259E-1	-6.058404E-8
-3.708356E-1	-5.928870E-8
-3.668051E-1	-5.804312E-8
-3.628264E-1	-5.683910E-8
-3.587635E-1	-5.563985E-8
-3.547704E-1	-5.442190E-8
-3.507552E-1	-5.326641E-8
-3.467620E-1	-5.213113E-8
-3.427730E-1	-5.099724E-8
-3.387480E-1	-4.990342E-8
-3.347333E-1	-4.881270E-8
-3.307084E-1	-4.771381E-8
-3.267082E-1	-4.662379E-8
-3.227299E-1	-4.559956E-8
-3.187043E-1	-4.452922E-8
-3.147187E-1	-4.354334E-8
-3.106544E-1	-4.251743E-8
-3.066668E-1	-4.154058E-8
-3.026746E-1	-4.055041E-8
-2.986650E-1	-3.959658E-8
-2.946535E-1	-3.861971E-8
-2.906863E-1	-3.768816E-8
-2.866529E-1	-3.678061E-8
-2.826328E-1	-3.582400E-8
-2.786020E-1	-3.491921E-8
-2.746159E-1	-3.403432E-8
-2.706192E-1	-3.322884E-8
-2.666073E-1	-3.226553E-8
-2.626203E-1	-3.142275E-8
-2.585488E-1	-3.062199E-8
-2.545659E-1	-2.975426E-8
-2.505437E-1	-2.891139E-8
-2.465551E-1	-2.810460E-8
-2.425658E-1	-2.731447E-8
-2.385776E-1	-2.651646E-8
-2.345140E-1	-2.572257E-8
-2.304972E-1	-2.499617E-8
-2.265100E-1	-2.423665E-8
-2.225185E-1	-2.353785E-8
-2.184878E-1	-2.283287E-8
-2.144990E-1	-2.204181E-8
-2.104515E-1	-2.135549E-8
-2.064612E-1	-2.068330E-8
-2.024606E-1	-2.000161E-8
-1.984450E-1	-1.936431E-8
-1.944584E-1	-1.869109E-8
-1.904722E-1	-1.812061E-8
-1.864087E-1	-1.749315E-8
-1.824181E-1	-1.689783E-8
-1.784000E-1	-1.625617E-8
-1.744216E-1	-1.568801E-8
-1.704212E-1	-1.512210E-8
-1.663973E-1	-1.456474E-8
-1.624058E-1	-1.405315E-8
-1.583453E-1	-1.348664E-8
-1.543597E-1	-1.296446E-8
-1.503381E-1	-1.244578E-8
-1.463428E-1	-1.198206E-8
-1.423626E-1	-1.146566E-8
-1.383642E-1	-1.099838E-8
-1.343165E-1	-1.058463E-8
-1.302864E-1	-1.007704E-8
-1.262917E-1	-9.636736E-9
-1.223126E-1	-9.192833E-9
-1.182837E-1	-8.792629E-9
-1.142902E-1	-8.346504E-9
-1.102362E-1	-7.949975E-9
-1.062512E-1	-7.575727E-9
-1.022514E-1	-7.175177E-9
-9.823482E-2	-6.824258E-9
-9.424774E-2	-6.485759E-9
-9.025495E-2	-6.108622E-9
-8.619379E-2	-5.740964E-9
-8.220713E-2	-5.444478E-9
-7.818636E-2	-5.107982E-9
-7.419877E-2	-4.812764E-9
-7.019864E-2	-4.523079E-9
-6.618320E-2	-4.177572E-9
-6.219367E-2	-3.893117E-9
-5.813497E-2	-3.595849E-9
-5.415157E-2	-3.348738E-9
-5.016167E-2	-3.033282E-9
-4.614668E-2	-2.783366E-9
-4.214446E-2	-2.535036E-9
-3.816483E-2	-2.236675E-9
-3.409524E-2	-1.997571E-9
-3.007632E-2	-1.741909E-9
-2.608084E-2	-1.496640E-9
-2.209503E-2	-1.265244E-9
-1.808625E-2	-1.048345E-9
-1.407817E-2	-7.654903E-10
-1.002962E-2	-5.182106E-10
-6.026880E-3	-3.262459E-10
-2.045149E-3	-5.877119E-11
1.961524E-3	2.212304E-10
5.954763E-3	3.982480E-10
9.947218E-3	6.424253E-10
1.399723E-2	8.918843E-10
1.801967E-2	1.117544E-9
2.201939E-2	1.397213E-9
2.600439E-2	1.607998E-9
3.002937E-2	1.823311E-9
3.401080E-2	2.096483E-9
3.799511E-2	2.407528E-9
4.206047E-2	2.665033E-9
4.605246E-2	2.892915E-9
5.007387E-2	3.178402E-9
5.406266E-2	3.490706E-9
5.804882E-2	3.758303E-9
6.207308E-2	4.088208E-9
6.613164E-2	4.396241E-9
7.011822E-2	4.701032E-9
7.409841E-2	5.033082E-9
7.813438E-2	5.358079E-9
8.212268E-2	5.680326E-9
8.610048E-2	6.061340E-9
9.016241E-2	6.430317E-9
9.414259E-2	6.806439E-9
9.816489E-2	7.189796E-9
1.021554E-1	7.635833E-9
1.061536E-1	8.058836E-9
1.101795E-1	8.481472E-9
1.142368E-1	8.953645E-9
1.182240E-1	9.417858E-9
1.221964E-1	9.904112E-9
1.262240E-1	1.041775E-8
1.302177E-1	1.093279E-8
1.342023E-1	1.143549E-8
1.382335E-1	1.206859E-8
1.422468E-1	1.265013E-8
1.462724E-1	1.323750E-8
1.502657E-1	1.389903E-8
1.542525E-1	1.453625E-8
1.582696E-1	1.520578E-8
1.622557E-1	1.595309E-8
1.663297E-1	1.671897E-8
1.703099E-1	1.743164E-8
1.743354E-1	1.823219E-8
1.783237E-1	1.900525E-8
1.823144E-1	1.981995E-8
1.863314E-1	2.069507E-8
1.903581E-1	2.156635E-8
1.943803E-1	2.243956E-8
1.983663E-1	2.335837E-8
2.023506E-1	2.425096E-8
2.063780E-1	2.522119E-8
2.103714E-1	2.619640E-8
2.144245E-1	2.717138E-8
2.184014E-1	2.817463E-8
2.224334E-1	2.914678E-8
2.264230E-1	3.018744E-8
2.304101E-1	3.126291E-8
2.344426E-1	3.225979E-8
2.384236E-1	3.341433E-8
2.424771E-1	3.453698E-8
2.464686E-1	3.563880E-8
2.504634E-1	3.676086E-8
2.544794E-1	3.790541E-8
2.584633E-1	3.908906E-8
2.624547E-1	4.020704E-8
2.664982E-1	4.146468E-8
2.705307E-1	4.265154E-8
2.745109E-1	4.386612E-8
2.785134E-1	4.511612E-8
2.825333E-1	4.638069E-8
2.865245E-1	4.767241E-8
2.905781E-1	4.901346E-8
2.945708E-1	5.023914E-8
2.985502E-1	5.162117E-8
3.025816E-1	5.294361E-8
3.065698E-1	5.435795E-8
3.105559E-1	5.567836E-8
3.146259E-1	5.705769E-8
3.186325E-1	5.846868E-8
3.226238E-1	5.985861E-8
3.266151E-1	6.125285E-8
3.306361E-1	6.273297E-8
3.346153E-1	6.417486E-8
3.386768E-1	6.573156E-8
3.426651E-1	6.719615E-8
3.466621E-1	6.871360E-8
3.506679E-1	7.013656E-8
3.546694E-1	7.176173E-8
3.586410E-1	7.334788E-8
3.626781E-1	7.486582E-8
3.667344E-1	7.644978E-8
3.707224E-1	7.803902E-8
3.747077E-1	7.970278E-8
3.787276E-1	8.134393E-8
3.827166E-1	8.302781E-8
3.867075E-1	8.467838E-8
3.907685E-1	8.643455E-8
3.947445E-1	8.820302E-8
3.987788E-1	8.986683E-8
4.027641E-1	9.173159E-8
4.067635E-1	9.356465E-8
4.107740E-1	9.536626E-8
4.148431E-1	9.721420E-8
4.188261E-1	9.910943E-8
4.228091E-1	1.009409E-7
4.268356E-1	1.029275E-7
4.308107E-1	1.048628E-7
4.348139E-1	1.068125E-7
4.388718E-1	1.088293E-7
4.428578E-1	1.109450E-7
4.468804E-1	1.130468E-7
4.508763E-1	1.151945E-7
4.548639E-1	1.172654E-7
4.588819E-1	1.194756E-7
4.628631E-1	1.216296E-7
4.669259E-1	1.239394E-7
4.709100E-1	1.261787E-7
4.749295E-1	1.285096E-7
4.789160E-1	1.309666E-7
4.829065E-1	1.333762E-7
4.869375E-1	1.357173E-7
4.909580E-1	1.382525E-7
4.949836E-1	1.407334E-7
4.989613E-1	1.432800E-7
5.029577E-1	1.459643E-7
5.069891E-1	1.485275E-7
5.109653E-1	1.513025E-7
5.150203E-1	1.538716E-7
5.190135E-1	1.568508E-7
5.230281E-1	1.596814E-7
5.270308E-1	1.625222E-7
5.310125E-1	1.655237E-7
5.350405E-1	1.685982E-7
5.390528E-1	1.716441E-7
5.430768E-1	1.747008E-7
5.470665E-1	1.778539E-7
5.510465E-1	1.810415E-7
5.550815E-1	1.843327E-7
5.590678E-1	1.877307E-7
5.630561E-1	1.910915E-7
5.671124E-1	1.946230E-7
5.711343E-1	1.981546E-7
5.751194E-1	2.016616E-7
5.791066E-1	2.051779E-7
5.831290E-1	2.089643E-7
5.871246E-1	2.126156E-7
5.911800E-1	2.164212E-7
5.951700E-1	2.202567E-7
5.991559E-1	2.241570E-7
6.031771E-1	2.281202E-7
6.071641E-1	2.322955E-7
6.111572E-1	2.364300E-7
6.152102E-1	2.406898E-7
6.192311E-1	2.449684E-7
6.232165E-1	2.491680E-7
6.272058E-1	2.534558E-7
6.312325E-1	2.579886E-7
6.352255E-1	2.624941E-7
6.392769E-1	2.669254E-7
6.432668E-1	2.715995E-7
6.472517E-1	2.762189E-7
6.512909E-1	2.810451E-7
6.552656E-1	2.857633E-7
6.592652E-1	2.907072E-7
6.632804E-1	2.957299E-7
6.673390E-1	3.007692E-7
6.713233E-1	3.057902E-7
6.753271E-1	3.109258E-7
6.793349E-1	3.161950E-7
6.833189E-1	3.215142E-7
6.873121E-1	3.268750E-7
6.913751E-1	3.323016E-7
6.953602E-1	3.377630E-7
6.993766E-1	3.433739E-7
7.033837E-1	3.489010E-7
7.073610E-1	3.546052E-7
7.113782E-1	3.604400E-7
7.154304E-1	3.663355E-7
7.194266E-1	3.721588E-7
7.234005E-1	3.780808E-7
7.274467E-1	3.842126E-7
7.314299E-1	3.902852E-7
7.354187E-1	3.963858E-7
7.394760E-1	4.027271E-7
7.434565E-1	4.089483E-7
7.474797E-1	4.153421E-7
7.514710E-1	4.217943E-7
7.554607E-1	4.282365E-7
7.594767E-1	4.348934E-7
7.634760E-1	4.414927E-7
7.675312E-1	4.483590E-7
7.715183E-1	4.550886E-7
7.755397E-1	4.620218E-7
7.795265E-1	4.688798E-7
7.835086E-1	4.758747E-7
7.875388E-1	4.830647E-7
7.915651E-1	4.901877E-7
7.955781E-1	4.975165E-7
7.995753E-1	5.047634E-7
8.035741E-1	5.120622E-7
8.075899E-1	5.194000E-7
8.115667E-1	5.271201E-7
8.156271E-1	5.346784E-7
8.196101E-1	5.423290E-7
8.236440E-1	5.499787E-7
8.276188E-1	5.577112E-7
8.316093E-1	5.654774E-7
8.356457E-1	5.734293E-7
8.396661E-1	5.815352E-7
8.436856E-1	5.896534E-7
8.476734E-1	5.976364E-7
8.516603E-1	6.058392E-7
8.556859E-1	6.141917E-7
8.596776E-1	6.225176E-7
8.636627E-1	6.309121E-7
8.677199E-1	6.395182E-7
8.717428E-1	6.479286E-7
8.757148E-1	6.564920E-7
8.797100E-1	6.651067E-7
8.837384E-1	6.738784E-7
8.877381E-1	6.827516E-7
8.917912E-1	6.916018E-7
8.957635E-1	7.006500E-7
8.997751E-1	7.096548E-7
9.037850E-1	7.188289E-7
9.077820E-1	7.277614E-7
9.117622E-1	7.370028E-7
9.158165E-1	7.462925E-7
9.198382E-1	7.557831E-7
9.238256E-1	7.651093E-7
9.278250E-1	7.746143E-7
9.318351E-1	7.841298E-7
9.358262E-1	7.937053E-7
9.398949E-1	8.035244E-7
9.438756E-1	8.131518E-7
9.478461E-1	8.229332E-7
9.518879E-1	8.328617E-7
9.558725E-1	8.426546E-7
9.598638E-1	8.527080E-7
9.638848E-1	8.628032E-7
9.679140E-1	8.728577E-7
9.719373E-1	8.831999E-7
9.759201E-1	8.934247E-7
9.799435E-1	9.037101E-7
9.839333E-1	9.140740E-7
9.879264E-1	9.244318E-7
9.919806E-1	9.350393E-7
9.959779E-1	9.455030E-7
9.999955E-1	9.560429E-7
