Voltage (V)	Current (A)
1.499948E+0	2.933294E-7
1.494946E+0	2.869148E-7
1.489940E+0	2.814103E-7
1.484938E+0	2.751250E-7
1.479902E+0	2.686213E-7
1.474897E+0	2.641585E-7
1.469899E+0	2.598169E-7
1.464891E+0	2.543902E-7
1.459889E+0	2.490076E-7
1.454890E+0	2.445830E-7
1.449850E+0	2.386332E-7
1.444849E+0	2.344332E-7
1.439844E+0	2.289590E-7
1.434843E+0	2.234574E-7
1.429842E+0	2.186293E-7
1.424769E+0	2.140155E-7
1.419805E+0	2.093057E-7
1.414801E+0	2.046360E-7
1.409802E+0	1.997055E-7
1.404796E+0	1.961747E-7
1.399792E+0	1.914198E-7
1.394721E+0	1.875532E-7
1.389753E+0	1.824850E-7
1.384750E+0	1.790544E-7
1.379744E+0	1.752639E-7
1.374749E+0	1.711697E-7
1.369743E+0	1.670403E-7
1.364666E+0	1.633630E-7
1.359703E+0	1.596169E-7
1.354699E+0	1.556364E-7
1.349696E+0	1.521435E-7
1.344693E+0	1.489668E-7
1.339691E+0	1.452041E-7
1.334623E+0	1.418504E-7
1.329649E+0	1.378154E-7
1.324649E+0	1.341716E-7
1.319644E+0	1.313322E-7
1.314644E+0	1.277528E-7
1.309643E+0	1.250686E-7
1.304570E+0	1.215964E-7
1.299607E+0	1.188448E-7
1.294603E+0	1.154542E-7
1.289600E+0	1.129932E-7
1.284596E+0	1.093356E-7
1.279599E+0	1.062250E-7
1.274524E+0	1.040200E-7
1.269552E+0	1.012800E-7
1.264549E+0	9.874414E-8
1.259548E+0	9.600128E-8
1.254544E+0	9.292663E-8
1.249543E+0	9.052901E-8
1.244472E+0	8.837791E-8
1.239506E+0	8.599032E-8
1.234501E+0	8.327638E-8
1.229503E+0	8.122145E-8
1.224496E+0	7.822101E-8
1.219497E+0	7.632785E-8
1.214429E+0	7.406509E-8
1.209456E+0	7.207726E-8
1.204454E+0	7.021831E-8
1.199453E+0	6.789025E-8
1.194449E+0	6.606356E-8
1.189442E+0	6.421778E-8
1.184380E+0	6.210905E-8
1.179409E+0	6.083690E-8
1.174405E+0	5.886346E-8
1.169404E+0	5.719984E-8
1.164401E+0	5.496372E-8
1.159400E+0	5.343986E-8
1.154328E+0	5.167219E-8
1.149359E+0	5.054570E-8
1.144359E+0	4.838121E-8
1.139351E+0	4.729372E-8
1.134352E+0	4.553315E-8
1.129350E+0	4.382193E-8
1.124280E+0	4.243607E-8
1.119311E+0	4.135588E-8
1.114306E+0	4.005994E-8
1.109303E+0	3.844384E-8
1.104303E+0	3.732372E-8
1.099300E+0	3.604022E-8
1.094228E+0	3.497744E-8
1.089261E+0	3.396933E-8
1.084255E+0	3.268138E-8
1.079252E+0	3.131076E-8
1.074253E+0	3.034821E-8
1.069247E+0	2.906205E-8
1.064180E+0	2.807092E-8
1.059209E+0	2.703502E-8
1.054208E+0	2.616042E-8
1.049209E+0	2.509494E-8
1.044202E+0	2.429351E-8
1.039203E+0	2.315330E-8
1.034129E+0	2.221375E-8
1.029162E+0	2.158407E-8
1.024161E+0	2.072390E-8
1.019158E+0	1.990110E-8
1.014154E+0	1.897523E-8
1.009154E+0	1.823842E-8
1.004083E+0	1.763602E-8
9.991137E-1	1.693524E-8
9.941137E-1	1.620635E-8
9.891096E-1	1.554210E-8
9.841070E-1	1.497259E-8
9.791015E-1	1.434181E-8
9.740351E-1	1.361799E-8
9.690644E-1	1.316357E-8
9.640603E-1	1.256736E-8
9.590566E-1	1.210197E-8
9.540561E-1	1.161574E-8
9.490506E-1	1.119488E-8
9.439822E-1	1.055083E-8
9.390153E-1	1.014489E-8
9.340152E-1	9.688708E-9
9.290122E-1	9.181999E-9
9.240065E-1	8.895839E-9
9.190032E-1	8.361682E-9
9.139346E-1	7.956246E-9
9.089634E-1	7.604840E-9
9.039623E-1	7.209963E-9
8.989631E-1	6.952755E-9
8.939567E-1	6.414698E-9
8.889542E-1	6.171278E-9
8.838850E-1	5.851263E-9
8.789176E-1	5.566910E-9
8.739166E-1	5.295073E-9
8.689122E-1	4.930484E-9
8.639081E-1	4.649219E-9
8.589091E-1	4.437557E-9
8.538346E-1	4.139329E-9
8.488680E-1	3.880273E-9
8.438644E-1	3.701710E-9
8.388630E-1	3.458365E-9
8.338608E-1	3.252730E-9
8.288538E-1	3.128758E-9
8.237858E-1	2.923166E-9
8.188182E-1	2.685104E-9
8.138180E-1	2.567036E-9
8.088143E-1	2.421612E-9
8.038154E-1	2.280333E-9
7.988120E-1	2.162724E-9
7.937408E-1	2.075998E-9
7.887728E-1	1.863324E-9
7.837659E-1	1.799304E-9
7.787683E-1	1.687439E-9
7.737630E-1	1.610304E-9
7.687635E-1	1.459306E-9
7.636937E-1	1.402911E-9
7.587201E-1	1.325986E-9
7.537192E-1	1.195475E-9
7.487156E-1	1.140003E-9
7.437162E-1	1.098316E-9
7.387159E-1	1.010122E-9
7.336425E-1	9.316462E-10
7.286760E-1	8.830037E-10
7.236698E-1	8.322242E-10
7.186695E-1	7.500620E-10
7.136654E-1	6.945484E-10
7.086656E-1	6.742702E-10
7.035943E-1	6.112136E-10
6.986239E-1	5.691482E-10
6.936210E-1	5.339124E-10
6.886178E-1	5.178240E-10
6.836158E-1	4.888727E-10
6.786130E-1	4.507459E-10
6.735422E-1	4.359561E-10
6.685743E-1	3.909576E-10
6.635725E-1	3.701353E-10
6.585713E-1	3.362395E-10
6.535670E-1	2.895658E-10
6.485637E-1	2.977356E-10
6.434962E-1	2.403360E-10
6.385246E-1	2.301966E-10
6.335241E-1	2.030470E-10
6.285197E-1	2.098762E-10
6.235195E-1	1.778246E-10
6.185161E-1	1.588033E-10
6.134434E-1	1.458985E-10
6.084793E-1	1.519321E-10
6.034740E-1	1.416251E-10
5.984740E-1	1.182881E-10
5.934699E-1	1.102855E-10
5.884689E-1	8.544043E-11
5.833947E-1	7.764742E-11
5.784285E-1	6.755026E-11
5.734259E-1	7.320626E-11
5.684218E-1	5.137765E-11
5.634219E-1	6.172639E-11
5.584180E-1	3.973020E-11
5.533493E-1	3.424166E-11
5.483798E-1	2.628101E-11
5.433758E-1	1.559713E-11
5.383743E-1	1.471725E-11
5.333701E-1	1.857187E-11
5.283701E-1	1.216158E-11
5.233012E-1	4.326671E-12
5.183307E-1	7.762194E-12
5.133292E-1	3.069697E-12
5.083261E-1	-7.949336E-12
5.033246E-1	-1.159443E-11
4.983187E-1	-1.574236E-11
4.932507E-1	-1.658027E-11
4.882812E-1	-1.674789E-11
4.832770E-1	-2.127279E-11
4.782765E-1	-2.211075E-11
4.732719E-1	-1.955493E-11
4.682746E-1	-2.613291E-11
4.632004E-1	-2.743178E-11
4.582338E-1	-2.751555E-11
4.532283E-1	-2.730607E-11
4.482274E-1	-4.100657E-11
4.432255E-1	-3.606265E-11
4.382204E-1	-3.220807E-11
4.331549E-1	-3.572745E-11
4.281825E-1	-3.886980E-11
4.231797E-1	-4.293388E-11
4.181796E-1	-4.129984E-11
4.131750E-1	-3.878595E-11
4.081710E-1	-4.670464E-11
4.031015E-1	-4.251487E-11
3.981336E-1	-4.791969E-11
3.931294E-1	-4.423268E-11
3.881263E-1	-4.741689E-11
3.831288E-1	-4.247298E-11
3.781233E-1	-4.892521E-11
3.730534E-1	-4.821297E-11
3.680843E-1	-4.280817E-11
3.630825E-1	-4.783591E-11
3.580772E-1	-5.215134E-11
3.530758E-1	-5.219323E-11
3.480766E-1	-4.888328E-11
3.430003E-1	-4.892524E-11
3.380334E-1	-4.972126E-11
3.330313E-1	-5.039161E-11
3.280310E-1	-4.741688E-11
3.230301E-1	-4.930227E-11
3.180225E-1	-3.983346E-11
3.129570E-1	-5.181615E-11
3.079874E-1	-4.615997E-11
3.029841E-1	-5.009836E-11
2.979801E-1	-5.646679E-11
2.929755E-1	-4.636948E-11
2.879745E-1	-5.286359E-11
2.829036E-1	-5.169044E-11
2.779351E-1	-5.089443E-11
2.729312E-1	-4.104845E-11
2.679265E-1	-5.236083E-11
2.629237E-1	-5.231893E-11
2.579237E-1	-5.294738E-11
2.528541E-1	-5.856168E-11
2.478852E-1	-4.913470E-11
2.428856E-1	-5.210944E-11
2.378822E-1	-5.202563E-11
2.328768E-1	-4.921850E-11
2.278781E-1	-5.575453E-11
2.228050E-1	-4.632757E-11
2.178377E-1	-4.993075E-11
2.128334E-1	-5.043353E-11
2.078316E-1	-5.898065E-11
2.028227E-1	-5.022407E-11
1.978211E-1	-5.860357E-11
1.927576E-1	-5.294739E-11
1.877864E-1	-5.529365E-11
1.827847E-1	-5.169047E-11
1.777828E-1	-4.678842E-11
1.727831E-1	-4.854814E-11
1.677756E-1	-5.303118E-11
1.627040E-1	-5.085252E-11
1.577383E-1	-4.724931E-11
1.527334E-1	-5.085250E-11
1.477310E-1	-5.181616E-11
1.427270E-1	-5.663438E-11
1.377237E-1	-5.060115E-11
1.326532E-1	-5.353396E-11
1.276779E-1	-5.252843E-11
1.226816E-1	-5.118768E-11
1.176770E-1	-5.332448E-11
1.126762E-1	-4.762639E-11
1.076725E-1	-5.265410E-11
1.026015E-1	-5.939962E-11
9.763541E-2	-5.717905E-11
9.262761E-2	-5.076872E-11
8.762520E-2	-5.453949E-11
8.262659E-2	-4.871572E-11
7.762062E-2	-4.942800E-11
7.255054E-2	-4.804536E-11
6.758248E-2	-5.026594E-11
6.258136E-2	-5.194183E-11
5.757555E-2	-5.118771E-11
5.257852E-2	-5.780749E-11
4.757375E-2	-4.083898E-11
4.250205E-2	-5.755612E-11
3.753649E-2	-5.487467E-11
3.252855E-2	-5.081062E-11
2.752869E-2	-5.382724E-11
2.252405E-2	-5.307308E-11
1.752284E-2	-5.257030E-11
1.244903E-2	-5.097819E-11
7.480299E-3	-5.474897E-11
2.482091E-3	-4.678843E-11
-2.520083E-3	-8.546175E-11
-7.521094E-3	-5.085250E-11
-1.252905E-2	-5.353395E-11
-1.760105E-2	-4.393941E-11
-2.260263E-2	-5.386915E-11
-2.757334E-2	-5.433002E-11
-3.257483E-2	-5.081063E-11
-3.758259E-2	-4.997264E-11
-4.258139E-2	-6.124311E-11
-4.765530E-2	-6.082415E-11
-5.262611E-2	-5.353396E-11
-5.762814E-2	-5.177425E-11
-6.262855E-2	-4.662084E-11
-6.763569E-2	-5.181617E-11
-7.264348E-2	-4.988888E-11
-7.767462E-2	-5.734663E-11
-8.268205E-2	-6.120122E-11
-8.768836E-2	-4.683033E-11
-9.268788E-2	-5.357586E-11
-9.769472E-2	-5.361775E-11
-1.026948E-1	-5.453948E-11
-1.077362E-1	-4.909277E-11
-1.127382E-1	-5.139715E-11
-1.177405E-1	-5.747233E-11
-1.227471E-1	-5.227702E-11
-1.277460E-1	-5.420431E-11
-1.327543E-1	-4.641135E-11
-1.377877E-1	-5.412051E-11
-1.427925E-1	-4.859003E-11
-1.477992E-1	-6.342180E-11
-1.528035E-1	-5.688576E-11
-1.578055E-1	-5.495847E-11
-1.628085E-1	-5.131339E-11
-1.678513E-1	-5.562884E-11
-1.728523E-1	-3.484759E-11
-1.778576E-1	-5.655057E-11
-1.828627E-1	-4.578291E-11
-1.878645E-1	-5.261222E-11
-1.928708E-1	-5.604782E-11
-1.979009E-1	-5.261220E-11
-2.029081E-1	-5.508415E-11
-2.079122E-1	-5.361776E-11
-2.129151E-1	-5.738853E-11
-2.179204E-1	-5.491659E-11
-2.229226E-1	-5.324069E-11
-2.279633E-1	-5.437190E-11
-2.329609E-1	-5.734662E-11
-2.379661E-1	-5.416242E-11
-2.429717E-1	-5.931582E-11
-2.479751E-1	-5.500037E-11
-2.529421E-1	-5.432998E-11
-2.580142E-1	-6.044707E-11
-2.630168E-1	-5.156476E-11
-2.680166E-1	-5.319875E-11
-2.730204E-1	-5.102010E-11
-2.779956E-1	-5.118769E-11
-2.829987E-1	-5.470710E-11
-2.880720E-1	-5.219322E-11
-2.930700E-1	-5.717903E-11
-2.980776E-1	-5.022405E-11
-3.030447E-1	-5.655058E-11
-3.080492E-1	-5.223513E-11
-3.130562E-1	-6.191349E-11
-3.181257E-1	-5.759803E-11
-3.231300E-1	-5.206754E-11
-3.280969E-1	-5.399482E-11
-3.330986E-1	-5.298929E-11
-3.381031E-1	-6.006999E-11
-3.431069E-1	-5.479088E-11
-3.481818E-1	-6.061463E-11
-3.531483E-1	-5.143905E-11
-3.581536E-1	-5.851977E-11
-3.631559E-1	-5.529364E-11
-3.681587E-1	-5.315686E-11
-3.731628E-1	-4.586669E-11
-3.782000E-1	-5.939961E-11
-3.832076E-1	-6.266763E-11
-3.882072E-1	-5.814269E-11
-3.932112E-1	-6.488821E-11
-3.982128E-1	-5.625730E-11
-4.032144E-1	-6.325420E-11
-4.082527E-1	-5.550313E-11
-4.132548E-1	-6.224866E-11
-4.182616E-1	-6.400835E-11
-4.232636E-1	-6.241625E-11
-4.282657E-1	-6.270954E-11
-4.332735E-1	-6.400836E-11
-4.383096E-1	-6.291902E-11
-4.433143E-1	-6.467872E-11
-4.483165E-1	-7.104715E-11
-4.533207E-1	-7.004162E-11
-4.583232E-1	-6.882659E-11
-4.633270E-1	-7.821224E-11
-4.683653E-1	-7.318394E-11
-4.733659E-1	-7.213650E-11
-4.783699E-1	-7.511130E-11
-4.833725E-1	-7.963701E-11
-4.883792E-1	-8.277985E-11
-4.933804E-1	-8.512652E-11
-4.984174E-1	-8.776652E-11
-5.034232E-1	-8.885605E-11
-5.084234E-1	-9.325601E-11
-5.134280E-1	-9.585410E-11
-5.184304E-1	-9.882933E-11
-5.234373E-1	-1.004636E-10
-5.284727E-1	-1.064141E-10
-5.334731E-1	-1.103112E-10
-5.384788E-1	-1.169321E-10
-5.434790E-1	-1.252293E-10
-5.484831E-1	-1.323112E-10
-5.534511E-1	-1.276598E-10
-5.585234E-1	-1.359569E-10
-5.635288E-1	-1.489893E-10
-5.685317E-1	-1.542273E-10
-5.735369E-1	-1.653739E-10
-5.785050E-1	-1.702348E-10
-5.835098E-1	-1.789091E-10
-5.885811E-1	-1.840634E-10
-5.935828E-1	-1.978920E-10
-5.985879E-1	-1.973054E-10
-6.035533E-1	-2.155758E-10
-6.085593E-1	-2.230347E-10
-6.135603E-1	-2.367795E-10
-6.186332E-1	-2.439033E-10
-6.236374E-1	-2.619641E-10
-6.286044E-1	-2.619641E-10
-6.336104E-1	-2.887832E-10
-6.386103E-1	-3.052517E-10
-6.436159E-1	-3.219298E-10
-6.486517E-1	-3.360514E-10
-6.536551E-1	-3.554115E-10
-6.586607E-1	-3.673123E-10
-6.636633E-1	-3.802611E-10
-6.686646E-1	-4.044401E-10
-6.736667E-1	-4.229202E-10
-6.787075E-1	-4.543065E-10
-6.837080E-1	-4.765163E-10
-6.887119E-1	-4.912247E-10
-6.937177E-1	-5.249164E-10
-6.987181E-1	-5.471677E-10
-7.037216E-1	-5.762072E-10
-7.087580E-1	-6.089771E-10
-7.137644E-1	-6.432130E-10
-7.187676E-1	-6.704514E-10
-7.237700E-1	-7.085002E-10
-7.287738E-1	-7.437004E-10
-7.337760E-1	-7.838871E-10
-7.388141E-1	-8.291856E-10
-7.438149E-1	-8.727242E-10
-7.488165E-1	-9.302594E-10
-7.538224E-1	-9.717034E-10
-7.588249E-1	-1.031459E-9
-7.638279E-1	-1.068251E-9
-7.688647E-1	-1.146069E-9
-7.738695E-1	-1.195935E-9
-7.788730E-1	-1.256111E-9
-7.838718E-1	-1.323953E-9
-7.888789E-1	-1.400807E-9
-7.938811E-1	-1.477200E-9
-7.989191E-1	-1.556104E-9
-8.039209E-1	-1.639036E-9
-8.089255E-1	-1.737133E-9
-8.139278E-1	-1.819058E-9
-8.189285E-1	-1.922058E-9
-8.238984E-1	-1.990783E-9
-8.289679E-1	-2.101287E-9
-8.339737E-1	-2.220589E-9
-8.389759E-1	-2.338468E-9
-8.439776E-1	-2.465772E-9
-8.489509E-1	-2.563493E-9
-8.539515E-1	-2.692645E-9
-8.590234E-1	-2.872709E-9
-8.640258E-1	-3.015353E-9
-8.690314E-1	-3.163400E-9
-8.739989E-1	-3.310527E-9
-8.790001E-1	-3.506896E-9
-8.840058E-1	-3.665504E-9
-8.890769E-1	-3.845861E-9
-8.940770E-1	-4.070177E-9
-8.990480E-1	-4.222460E-9
-9.040521E-1	-4.486497E-9
-9.090540E-1	-4.717186E-9
-9.140559E-1	-4.930349E-9
-9.191301E-1	-5.118042E-9
-9.240959E-1	-5.370557E-9
-9.291020E-1	-5.635399E-9
-9.341018E-1	-5.926127E-9
-9.391049E-1	-6.200817E-9
-9.441096E-1	-6.480905E-9
-9.491453E-1	-6.783716E-9
-9.541499E-1	-7.089325E-9
-9.591523E-1	-7.450588E-9
-9.641579E-1	-7.784433E-9
-9.691631E-1	-8.117752E-9
-9.741582E-1	-8.479179E-9
-9.791979E-1	-8.868176E-9
-9.842037E-1	-9.338354E-9
-9.892066E-1	-9.728433E-9
-9.942086E-1	-1.018000E-8
-9.992150E-1	-1.057131E-8
-1.004218E+0	-1.103418E-8
-1.009253E+0	-1.149145E-8
-1.014257E+0	-1.201726E-8
-1.019258E+0	-1.253915E-8
-1.024265E+0	-1.289777E-8
-1.029265E+0	-1.350605E-8
-1.034266E+0	-1.399085E-8
-1.039306E+0	-1.478448E-8
-1.044306E+0	-1.521249E-8
-1.049311E+0	-1.569924E-8
-1.054312E+0	-1.645736E-8
-1.059317E+0	-1.702765E-8
-1.064323E+0	-1.765675E-8
-1.069357E+0	-1.845898E-8
-1.074363E+0	-1.905972E-8
-1.079365E+0	-1.972649E-8
-1.084367E+0	-2.053279E-8
-1.089369E+0	-2.145612E-8
-1.094376E+0	-2.204578E-8
-1.099411E+0	-2.294367E-8
-1.104412E+0	-2.381198E-8
-1.109417E+0	-2.468707E-8
-1.114418E+0	-2.557275E-8
-1.119424E+0	-2.653708E-8
-1.124394E+0	-2.753764E-8
-1.129463E+0	-2.847446E-8
-1.134468E+0	-2.933184E-8
-1.139470E+0	-3.053081E-8
-1.144475E+0	-3.153805E-8
-1.149440E+0	-3.255886E-8
-1.154445E+0	-3.373230E-8
-1.159519E+0	-3.502674E-8
-1.164517E+0	-3.578868E-8
-1.169520E+0	-3.702938E-8
-1.174490E+0	-3.825353E-8
-1.179494E+0	-3.952752E-8
-1.184497E+0	-4.091331E-8
-1.189571E+0	-4.216114E-8
-1.194573E+0	-4.344266E-8
-1.199540E+0	-4.498835E-8
-1.204542E+0	-4.639685E-8
-1.209545E+0	-4.788530E-8
-1.214550E+0	-4.937448E-8
-1.219621E+0	-5.088264E-8
-1.224590E+0	-5.258082E-8
-1.229595E+0	-5.423036E-8
-1.234596E+0	-5.578089E-8
-1.239601E+0	-5.774094E-8
-1.244599E+0	-5.905002E-8
-1.249637E+0	-6.101065E-8
-1.254643E+0	-6.267261E-8
-1.259642E+0	-6.417645E-8
-1.264646E+0	-6.602389E-8
-1.269649E+0	-6.806195E-8
-1.274652E+0	-7.009400E-8
-1.279689E+0	-7.195271E-8
-1.284695E+0	-7.432403E-8
-1.289697E+0	-7.637347E-8
-1.294699E+0	-7.817269E-8
-1.299702E+0	-8.039014E-8
-1.304705E+0	-8.248202E-8
-1.309740E+0	-8.477097E-8
-1.314743E+0	-8.722137E-8
-1.319746E+0	-8.935711E-8
-1.324751E+0	-9.177437E-8
-1.329749E+0	-9.438292E-8
-1.334758E+0	-9.708133E-8
-1.339793E+0	-9.972099E-8
-1.344798E+0	-1.022041E-7
-1.349801E+0	-1.049496E-7
-1.354805E+0	-1.076519E-7
-1.359807E+0	-1.106125E-7
-1.364807E+0	-1.133928E-7
-1.369845E+0	-1.163162E-7
-1.374850E+0	-1.194278E-7
-1.379851E+0	-1.219628E-7
-1.384856E+0	-1.251840E-7
-1.389856E+0	-1.276174E-7
-1.394860E+0	-1.310849E-7
-1.399896E+0	-1.345205E-7
-1.404899E+0	-1.378264E-7
-1.409904E+0	-1.410682E-7
-1.414907E+0	-1.440024E-7
-1.419911E+0	-1.472663E-7
-1.424877E+0	-1.510013E-7
-1.429954E+0	-1.542275E-7
-1.434951E+0	-1.573373E-7
-1.439957E+0	-1.617358E-7
-1.444962E+0	-1.645268E-7
-1.449927E+0	-1.681206E-7
-1.454934E+0	-1.718962E-7
-1.460004E+0	-1.760740E-7
-1.465006E+0	-1.800221E-7
-1.469974E+0	-1.839978E-7
-1.474976E+0	-1.876277E-7
-1.479983E+0	-1.923249E-7
-1.484982E+0	-1.968658E-7
-1.490056E+0	-2.013689E-7
-1.495028E+0	-2.051432E-7
-1.500029E+0	-2.099882E-7
