Voltage (V)	Current (A)
1.499945E+0	1.802168E-7
1.494940E+0	1.762700E-7
1.489938E+0	1.728979E-7
1.484932E+0	1.697568E-7
1.479898E+0	1.651668E-7
1.474894E+0	1.621558E-7
1.469896E+0	1.593537E-7
1.464889E+0	1.551345E-7
1.459885E+0	1.522056E-7
1.454887E+0	1.493154E-7
1.449845E+0	1.458648E-7
1.444845E+0	1.432003E-7
1.439840E+0	1.397204E-7
1.434841E+0	1.361503E-7
1.429838E+0	1.333345E-7
1.424767E+0	1.312034E-7
1.419800E+0	1.279120E-7
1.414799E+0	1.249855E-7
1.409798E+0	1.220797E-7
1.404795E+0	1.194010E-7
1.399788E+0	1.167445E-7
1.394719E+0	1.139063E-7
1.389748E+0	1.112476E-7
1.384745E+0	1.087301E-7
1.379741E+0	1.063378E-7
1.374747E+0	1.036813E-7
1.369739E+0	1.011332E-7
1.364664E+0	9.911607E-8
1.359700E+0	9.627363E-8
1.354696E+0	9.340484E-8
1.349697E+0	9.157227E-8
1.344692E+0	8.897982E-8
1.339690E+0	8.682050E-8
1.334621E+0	8.418780E-8
1.329648E+0	8.187165E-8
1.324647E+0	7.984338E-8
1.319645E+0	7.767672E-8
1.314642E+0	7.576283E-8
1.309639E+0	7.407768E-8
1.304570E+0	7.187857E-8
1.299604E+0	7.023061E-8
1.294601E+0	6.802133E-8
1.289598E+0	6.616074E-8
1.284595E+0	6.476249E-8
1.279598E+0	6.263258E-8
1.274519E+0	6.042156E-8
1.269550E+0	5.875867E-8
1.264549E+0	5.710061E-8
1.259544E+0	5.558588E-8
1.254544E+0	5.369296E-8
1.249541E+0	5.169661E-8
1.244470E+0	5.038430E-8
1.239502E+0	4.870776E-8
1.234501E+0	4.760751E-8
1.229500E+0	4.648860E-8
1.224493E+0	4.455653E-8
1.219495E+0	4.317813E-8
1.214429E+0	4.149427E-8
1.209452E+0	4.065527E-8
1.204452E+0	3.933921E-8
1.199451E+0	3.834393E-8
1.194447E+0	3.701208E-8
1.189441E+0	3.579057E-8
1.184379E+0	3.463802E-8
1.179406E+0	3.370121E-8
1.174402E+0	3.249350E-8
1.169401E+0	3.154935E-8
1.164400E+0	3.065580E-8
1.159399E+0	2.961965E-8
1.154325E+0	2.866603E-8
1.149358E+0	2.785234E-8
1.144358E+0	2.672451E-8
1.139352E+0	2.584165E-8
1.134350E+0	2.490751E-8
1.129344E+0	2.407680E-8
1.124277E+0	2.319389E-8
1.119309E+0	2.244720E-8
1.114304E+0	2.145568E-8
1.109303E+0	2.073984E-8
1.104302E+0	2.012389E-8
1.099299E+0	1.941436E-8
1.094225E+0	1.871383E-8
1.089261E+0	1.806923E-8
1.084256E+0	1.743260E-8
1.079251E+0	1.665938E-8
1.074249E+0	1.603237E-8
1.069247E+0	1.549768E-8
1.064178E+0	1.492837E-8
1.059210E+0	1.436938E-8
1.054204E+0	1.373313E-8
1.049206E+0	1.319497E-8
1.044200E+0	1.263162E-8
1.039202E+0	1.223112E-8
1.034126E+0	1.175579E-8
1.029160E+0	1.122976E-8
1.024160E+0	1.078204E-8
1.019155E+0	1.037375E-8
1.014152E+0	9.966841E-9
1.009153E+0	9.556882E-9
1.004081E+0	9.103250E-9
9.991094E-1	8.728350E-9
9.941125E-1	8.329065E-9
9.891081E-1	7.903256E-9
9.841028E-1	7.619652E-9
9.791023E-1	7.285187E-9
9.740308E-1	6.979616E-9
9.690640E-1	6.618294E-9
9.640608E-1	6.311991E-9
9.590556E-1	6.075599E-9
9.540540E-1	5.853499E-9
9.490490E-1	5.539556E-9
9.439821E-1	5.238397E-9
9.390138E-1	5.064774E-9
9.340116E-1	4.731262E-9
9.290107E-1	4.575826E-9
9.240030E-1	4.280652E-9
9.190033E-1	4.048126E-9
9.139329E-1	3.826318E-9
9.089645E-1	3.685922E-9
9.039595E-1	3.513257E-9
8.989608E-1	3.272429E-9
8.939572E-1	3.113723E-9
8.889509E-1	2.879302E-9
8.838828E-1	2.822657E-9
8.789154E-1	2.645768E-9
8.739138E-1	2.494514E-9
8.689113E-1	2.336057E-9
8.639081E-1	2.166833E-9
8.589059E-1	2.064854E-9
8.538333E-1	1.948461E-9
8.488662E-1	1.782799E-9
8.438636E-1	1.691632E-9
8.388636E-1	1.640767E-9
8.338603E-1	1.490354E-9
8.288550E-1	1.420258E-9
8.237842E-1	1.297917E-9
8.188171E-1	1.214458E-9
8.138163E-1	1.148846E-9
8.088127E-1	1.103764E-9
8.038123E-1	9.939499E-10
7.988113E-1	9.383521E-10
7.937384E-1	8.745845E-10
7.887697E-1	8.181890E-10
7.837659E-1	7.744896E-10
7.787667E-1	6.989484E-10
7.737598E-1	6.780411E-10
7.687590E-1	6.077790E-10
7.636908E-1	5.788279E-10
7.587204E-1	5.233139E-10
7.537184E-1	4.811642E-10
7.487158E-1	4.321022E-10
7.437160E-1	3.990869E-10
7.387148E-1	3.680406E-10
7.336416E-1	3.341448E-10
7.286735E-1	3.047748E-10
7.236696E-1	2.721369E-10
7.186693E-1	2.497633E-10
7.136621E-1	2.237866E-10
7.086642E-1	2.087038E-10
7.035934E-1	1.827689E-10
6.986237E-1	1.621554E-10
6.936200E-1	1.457314E-10
6.886182E-1	1.307321E-10
6.836144E-1	1.191681E-10
6.786110E-1	9.918305E-11
6.735427E-1	9.013329E-11
6.685731E-1	7.986825E-11
6.635701E-1	6.579050E-11
6.585714E-1	5.967353E-11
6.535653E-1	4.798406E-11
6.485648E-1	4.542845E-11
6.434936E-1	2.896251E-11
6.385241E-1	3.063846E-11
6.335223E-1	2.242655E-11
6.285204E-1	1.589056E-11
6.235178E-1	5.793130E-12
6.185119E-1	6.253963E-12
6.134440E-1	2.189991E-12
6.084793E-1	-7.249062E-14
6.034740E-1	-3.047250E-12
5.984740E-1	-1.909401E-11
5.934694E-1	-1.423391E-11
5.884681E-1	-1.188767E-11
5.833943E-1	-1.875889E-11
5.784277E-1	-1.951300E-11
5.734274E-1	-1.829796E-11
5.684204E-1	-2.529493E-11
5.634201E-1	-2.843726E-11
5.584161E-1	-2.826964E-11
5.533457E-1	-3.262698E-11
5.483764E-1	-2.931712E-11
5.433726E-1	-3.891166E-11
5.383726E-1	-2.986175E-11
5.333681E-1	-3.572744E-11
5.283680E-1	-3.551796E-11
5.232990E-1	-4.029427E-11
5.183305E-1	-3.304598E-11
5.133275E-1	-3.824128E-11
5.083241E-1	-4.163499E-11
5.033224E-1	-3.664916E-11
4.983200E-1	-4.796153E-11
4.932499E-1	-4.519627E-11
4.882798E-1	-4.896709E-11
4.832757E-1	-3.761283E-11
4.782740E-1	-4.247294E-11
4.732705E-1	-4.473540E-11
4.682733E-1	-4.473541E-11
4.632001E-1	-4.129979E-11
4.582322E-1	-4.750066E-11
4.532281E-1	-4.825482E-11
4.482253E-1	-4.779394E-11
4.432248E-1	-5.286357E-11
4.382220E-1	-4.440020E-11
4.331527E-1	-4.892518E-11
4.281810E-1	-4.812913E-11
4.231788E-1	-4.917656E-11
4.181790E-1	-4.481919E-11
4.131709E-1	-4.360415E-11
4.081712E-1	-4.460970E-11
4.030996E-1	-4.913466E-11
3.981336E-1	-5.621537E-11
3.931286E-1	-4.791963E-11
3.881255E-1	-4.984693E-11
3.831267E-1	-4.460971E-11
3.781221E-1	-5.076868E-11
3.730522E-1	-4.645323E-11
3.680829E-1	-4.683028E-11
3.630818E-1	-5.353393E-11
3.580777E-1	-4.930225E-11
3.530753E-1	-5.202561E-11
3.480765E-1	-5.206750E-11
3.430011E-1	-5.805887E-11
3.380306E-1	-4.955367E-11
3.330311E-1	-4.896707E-11
3.280296E-1	-4.838049E-11
3.230262E-1	-5.026592E-11
3.180225E-1	-4.808723E-11
3.129550E-1	-5.089439E-11
3.079852E-1	-5.068489E-11
3.029819E-1	-5.089438E-11
2.979770E-1	-5.181616E-11
2.929762E-1	-4.724926E-11
2.879755E-1	-5.537743E-11
2.829031E-1	-4.301759E-11
2.779375E-1	-5.164851E-11
2.729306E-1	-5.219318E-11
2.679261E-1	-5.160663E-11
2.629221E-1	-5.055921E-11
2.579227E-1	-4.963744E-11
2.528555E-1	-5.311494E-11
2.478864E-1	-4.758444E-11
2.428864E-1	-5.898063E-11
2.378809E-1	-4.666271E-11
2.328768E-1	-5.106197E-11
2.278771E-1	-4.905088E-11
2.228046E-1	-5.236080E-11
2.178367E-1	-4.842240E-11
2.128325E-1	-5.227700E-11
2.078314E-1	-4.691410E-11
2.028240E-1	-4.892516E-11
1.978218E-1	-5.424617E-11
1.927568E-1	-4.817101E-11
1.877855E-1	-5.311497E-11
1.827853E-1	-4.988884E-11
1.777842E-1	-5.072679E-11
1.727821E-1	-4.926036E-11
1.677758E-1	-5.286356E-11
1.627032E-1	-4.842241E-11
1.577379E-1	-5.437187E-11
1.527326E-1	-5.378533E-11
1.477307E-1	-5.122956E-11
1.427278E-1	-5.437187E-11
1.377247E-1	-4.946983E-11
1.326515E-1	-5.043351E-11
1.276775E-1	-4.724931E-11
1.226816E-1	-4.946987E-11
1.176777E-1	-5.102005E-11
1.126753E-1	-4.934416E-11
1.076742E-1	-4.955365E-11
1.026017E-1	-5.441379E-11
9.763353E-2	-5.433000E-11
9.262811E-2	-4.779394E-11
8.762424E-2	-5.839407E-11
8.262666E-2	-4.812913E-11
7.762184E-2	-5.340823E-11
7.255045E-2	-4.976314E-11
6.758242E-2	-5.357581E-11
6.258149E-2	-4.829672E-11
5.757434E-2	-5.022401E-11
5.257706E-2	-5.009831E-11
4.757255E-2	-4.528009E-11
4.250255E-2	-5.671813E-11
3.753518E-2	-5.114577E-11
3.253054E-2	-5.248648E-11
2.752907E-2	-4.791964E-11
2.252283E-2	-5.018209E-11
1.752192E-2	-5.206752E-11
1.244779E-2	-5.441378E-11
7.480217E-3	-5.265408E-11
2.481087E-3	-4.624377E-11
-2.520924E-3	-9.292081E-11
-7.522099E-3	-5.030783E-11
-1.252964E-2	-5.479087E-11
-1.760076E-2	-5.189991E-11
-2.260142E-2	-5.420430E-11
-2.757299E-2	-4.146736E-11
-3.257656E-2	-5.520984E-11
-3.758411E-2	-5.198372E-11
-4.258120E-2	-5.030781E-11
-4.765634E-2	-5.453949E-11
-5.262924E-2	-5.311497E-11
-5.762929E-2	-5.671815E-11
-6.263018E-2	-5.231891E-11
-6.763639E-2	-4.930224E-11
-7.264396E-2	-5.131335E-11
-7.767531E-2	-5.156476E-11
-8.268137E-2	-5.043348E-11
-8.768837E-2	-5.365962E-11
-9.268847E-2	-5.437188E-11
-9.769513E-2	-5.001453E-11
-1.026955E-1	-5.562881E-11
-1.077376E-1	-5.395289E-11
-1.127371E-1	-5.680196E-11
-1.177405E-1	-5.018214E-11
-1.227466E-1	-5.420428E-11
-1.277453E-1	-4.653702E-11
-1.327539E-1	-5.889684E-11
-1.377877E-1	-5.169043E-11
-1.427933E-1	-5.139715E-11
-1.477978E-1	-5.550312E-11
-1.528027E-1	-5.365963E-11
-1.578041E-1	-5.701143E-11
-1.628093E-1	-5.269598E-11
-1.678518E-1	-5.445568E-11
-1.728527E-1	-4.984692E-11
-1.778580E-1	-5.445570E-11
-1.828626E-1	-4.473542E-11
-1.878638E-1	-5.365961E-11
-1.928690E-1	-5.567071E-11
-1.978997E-1	-4.842241E-11
-2.029083E-1	-6.275142E-11
-2.079121E-1	-5.307304E-11
-2.129150E-1	-5.349202E-11
-2.179208E-1	-5.629917E-11
-2.229220E-1	-5.361773E-11
-2.279623E-1	-5.051730E-11
-2.329610E-1	-4.896709E-11
-2.379657E-1	-5.696953E-11
-2.429730E-1	-5.047542E-11
-2.479754E-1	-5.977669E-11
-2.529443E-1	-5.227699E-11
-2.580141E-1	-5.357584E-11
-2.630181E-1	-5.265407E-11
-2.680167E-1	-5.294737E-11
-2.730200E-1	-5.194181E-11
-2.779954E-1	-5.206751E-11
-2.830000E-1	-5.131335E-11
-2.880710E-1	-5.755611E-11
-2.930722E-1	-5.663437E-11
-2.980781E-1	-5.458137E-11
-3.030444E-1	-5.248647E-11
-3.080500E-1	-5.298926E-11
-3.130555E-1	-5.114575E-11
-3.181256E-1	-5.826837E-11
-3.231302E-1	-5.022403E-11
-3.280973E-1	-4.875760E-11
-3.330998E-1	-5.265408E-11
-3.381037E-1	-5.483275E-11
-3.431067E-1	-5.127146E-11
-3.481815E-1	-5.642487E-11
-3.531477E-1	-5.248650E-11
-3.581536E-1	-5.378532E-11
-3.631555E-1	-5.382720E-11
-3.681573E-1	-5.906442E-11
-3.731629E-1	-5.621538E-11
-3.782006E-1	-4.921847E-11
-3.832072E-1	-5.223511E-11
-3.882071E-1	-5.512604E-11
-3.932113E-1	-5.575451E-11
-3.982145E-1	-5.579642E-11
-4.032141E-1	-6.111741E-11
-4.082521E-1	-5.416239E-11
-4.132549E-1	-5.579642E-11
-4.182623E-1	-5.625728E-11
-4.232637E-1	-5.466517E-11
-4.282652E-1	-4.305950E-11
-4.332730E-1	-5.324065E-11
-4.383089E-1	-5.349203E-11
-4.433140E-1	-6.262572E-11
-4.483165E-1	-6.178778E-11
-4.533231E-1	-5.763991E-11
-4.583239E-1	-5.814267E-11
-4.633265E-1	-6.061465E-11
-4.683650E-1	-5.546121E-11
-4.733679E-1	-5.613159E-11
-4.783706E-1	-5.864544E-11
-4.833727E-1	-5.877115E-11
-4.883779E-1	-5.747231E-11
-4.933802E-1	-6.442732E-11
-4.984169E-1	-6.442732E-11
-5.034226E-1	-6.530718E-11
-5.084211E-1	-6.006997E-11
-5.134296E-1	-6.589375E-11
-5.184291E-1	-6.811432E-11
-5.234375E-1	-6.798864E-11
-5.284717E-1	-6.534907E-11
-5.334746E-1	-6.643842E-11
-5.384797E-1	-6.635463E-11
-5.434787E-1	-7.025110E-11
-5.484828E-1	-7.280686E-11
-5.534514E-1	-7.611702E-11
-5.585241E-1	-7.657797E-11
-5.635288E-1	-7.377050E-11
-5.685306E-1	-8.060081E-11
-5.735367E-1	-8.244463E-11
-5.785028E-1	-8.034939E-11
-5.835100E-1	-8.231892E-11
-5.885804E-1	-8.617415E-11
-5.935823E-1	-9.539317E-11
-5.985877E-1	-9.392652E-11
-6.035520E-1	-1.041094E-10
-6.085607E-1	-1.037322E-10
-6.135601E-1	-1.009665E-10
-6.186332E-1	-1.105627E-10
-6.236362E-1	-1.119036E-10
-6.286045E-1	-1.101017E-10
-6.336102E-1	-1.213322E-10
-6.386106E-1	-1.241398E-10
-6.436159E-1	-1.310960E-10
-6.486512E-1	-1.453855E-10
-6.536548E-1	-1.481512E-10
-6.586608E-1	-1.598426E-10
-6.636615E-1	-1.643684E-10
-6.686639E-1	-1.721207E-10
-6.736655E-1	-1.844825E-10
-6.787052E-1	-1.931988E-10
-6.837069E-1	-1.986045E-10
-6.887112E-1	-2.138159E-10
-6.937174E-1	-2.231609E-10
-6.987175E-1	-2.402997E-10
-7.037225E-1	-2.565588E-10
-7.087569E-1	-2.669512E-10
-7.137639E-1	-2.815338E-10
-7.187662E-1	-2.935185E-10
-7.237685E-1	-3.139264E-10
-7.287755E-1	-3.303111E-10
-7.337760E-1	-3.561660E-10
-7.388143E-1	-3.802614E-10
-7.438152E-1	-4.044401E-10
-7.488176E-1	-4.211604E-10
-7.538209E-1	-4.580787E-10
-7.588238E-1	-4.869089E-10
-7.638283E-1	-5.086991E-10
-7.688637E-1	-5.410081E-10
-7.738702E-1	-5.671986E-10
-7.788729E-1	-6.085579E-10
-7.838742E-1	-6.397358E-10
-7.888787E-1	-6.848251E-10
-7.938821E-1	-7.284477E-10
-7.989190E-1	-7.667901E-10
-8.039219E-1	-8.253735E-10
-8.089260E-1	-8.657688E-10
-8.139286E-1	-9.179829E-10
-8.189297E-1	-9.678915E-10
-8.238993E-1	-1.032424E-9
-8.289675E-1	-1.080824E-9
-8.339735E-1	-1.145482E-9
-8.389759E-1	-1.218774E-9
-8.439792E-1	-1.283978E-9
-8.489513E-1	-1.364980E-9
-8.539526E-1	-1.434542E-9
-8.590240E-1	-1.522961E-9
-8.640258E-1	-1.622567E-9
-8.690324E-1	-1.705246E-9
-8.740007E-1	-1.804183E-9
-8.789995E-1	-1.922563E-9
-8.840064E-1	-2.010563E-9
-8.890758E-1	-2.117463E-9
-8.940772E-1	-2.205169E-9
-8.990459E-1	-2.338636E-9
-9.040517E-1	-2.468834E-9
-9.090552E-1	-2.588471E-9
-9.140570E-1	-2.714480E-9
-9.191289E-1	-2.877070E-9
-9.240958E-1	-3.024490E-9
-9.291021E-1	-3.166968E-9
-9.341016E-1	-3.340199E-9
-9.391069E-1	-3.512345E-9
-9.441107E-1	-3.690439E-9
-9.491449E-1	-3.843267E-9
-9.541485E-1	-4.042353E-9
-9.591529E-1	-4.262483E-9
-9.641578E-1	-4.458175E-9
-9.691628E-1	-4.706628E-9
-9.741625E-1	-4.955921E-9
-9.792010E-1	-5.177341E-9
-9.842031E-1	-5.447378E-9
-9.892064E-1	-5.707856E-9
-9.942083E-1	-5.959032E-9
-9.992138E-1	-6.256976E-9
-1.004218E+0	-6.617615E-9
-1.009253E+0	-6.911699E-9
-1.014258E+0	-7.232304E-9
-1.019257E+0	-7.597507E-9
-1.024264E+0	-7.888073E-9
-1.029266E+0	-8.269994E-9
-1.034266E+0	-8.596595E-9
-1.039306E+0	-8.976594E-9
-1.044307E+0	-9.375937E-9
-1.049311E+0	-9.808143E-9
-1.054312E+0	-1.023260E-8
-1.059318E+0	-1.063132E-8
-1.064322E+0	-1.113145E-8
-1.069357E+0	-1.161533E-8
-1.074363E+0	-1.208332E-8
-1.079367E+0	-1.260840E-8
-1.084369E+0	-1.310924E-8
-1.089369E+0	-1.365377E-8
-1.094376E+0	-1.418225E-8
-1.099411E+0	-1.470768E-8
-1.104414E+0	-1.530685E-8
-1.109417E+0	-1.586941E-8
-1.114417E+0	-1.642804E-8
-1.119424E+0	-1.708204E-8
-1.124394E+0	-1.767973E-8
-1.129462E+0	-1.841124E-8
-1.134468E+0	-1.907779E-8
-1.139468E+0	-1.977328E-8
-1.144475E+0	-2.051202E-8
-1.149441E+0	-2.120744E-8
-1.154445E+0	-2.198102E-8
-1.159518E+0	-2.275295E-8
-1.164518E+0	-2.357292E-8
-1.169521E+0	-2.440027E-8
-1.174489E+0	-2.509639E-8
-1.179494E+0	-2.592037E-8
-1.184498E+0	-2.679040E-8
-1.189570E+0	-2.754283E-8
-1.194573E+0	-2.845481E-8
-1.199539E+0	-2.940569E-8
-1.204543E+0	-3.031284E-8
-1.209544E+0	-3.134616E-8
-1.214549E+0	-3.237214E-8
-1.219621E+0	-3.345203E-8
-1.224588E+0	-3.447794E-8
-1.229593E+0	-3.556455E-8
-1.234594E+0	-3.651628E-8
-1.239599E+0	-3.744737E-8
-1.244596E+0	-3.872849E-8
-1.249635E+0	-3.994060E-8
-1.254641E+0	-4.111683E-8
-1.259639E+0	-4.234283E-8
-1.264646E+0	-4.370306E-8
-1.269648E+0	-4.482543E-8
-1.274651E+0	-4.599105E-8
-1.279688E+0	-4.736170E-8
-1.284693E+0	-4.879309E-8
-1.289696E+0	-5.003466E-8
-1.294698E+0	-5.156764E-8
-1.299702E+0	-5.291900E-8
-1.304704E+0	-5.436831E-8
-1.309738E+0	-5.579551E-8
-1.314743E+0	-5.723754E-8
-1.319745E+0	-5.886872E-8
-1.324750E+0	-6.031471E-8
-1.329750E+0	-6.197060E-8
-1.334759E+0	-6.368257E-8
-1.339791E+0	-6.560256E-8
-1.344798E+0	-6.703806E-8
-1.349801E+0	-6.903896E-8
-1.354804E+0	-7.069542E-8
-1.359807E+0	-7.236584E-8
-1.364809E+0	-7.419662E-8
-1.369843E+0	-7.632235E-8
-1.374849E+0	-7.793793E-8
-1.379850E+0	-7.990609E-8
-1.384854E+0	-8.196643E-8
-1.389856E+0	-8.367256E-8
-1.394860E+0	-8.589781E-8
-1.399895E+0	-8.789671E-8
-1.404899E+0	-9.005065E-8
-1.409903E+0	-9.225806E-8
-1.414908E+0	-9.451432E-8
-1.419909E+0	-9.657594E-8
-1.424874E+0	-9.881521E-8
-1.429954E+0	-1.012162E-7
-1.434950E+0	-1.035481E-7
-1.439955E+0	-1.059419E-7
-1.444960E+0	-1.086515E-7
-1.449926E+0	-1.110639E-7
-1.454931E+0	-1.134920E-7
-1.460002E+0	-1.160647E-7
-1.465003E+0	-1.185611E-7
-1.469971E+0	-1.210621E-7
-1.474975E+0	-1.240667E-7
-1.479980E+0	-1.272060E-7
-1.484979E+0	-1.299423E-7
-1.490054E+0	-1.324499E-7
-1.495023E+0	-1.355427E-7
-1.500028E+0	-1.383576E-7
