[Header]
TITLE,MPMS RSO Measurement
BYAPP,MPMS Measurement,1.1,Summary
FILEOPENTIME, 1745285610.490000 4/22/2025, 3:33:30 AM

INFO, APPNAME, MPMS MultiVu Application, Revision 1.61,  Build 082

INFO, NAME, CrSBr_Bulk_OOP_axis
INFO, WEIGHT, 0.000
INFO, AREA, 0.000
INFO, LENGTH, 0.000
INFO, SHAPE, 0
INFO, COMMENT, OOP_hard axis
INFO, SEQUENCE FILE: MvsT_specific.seq


INFO, BACKGROUND DATA FILE:, None


STARTUPAXIS,X,4,LINEAR,AUTO,0.000000,0.000000
STARTUPAXIS,Y1,5,LINEAR,AUTO,0.000000,0.000000


STARTUPGROUP,Longitudinal
FIELDGROUP,Longitudinal,1,2,3,4,5,6,7,8,9,10,11,19,20,21,22,23,35
FIELDGROUP,Transverse,1,2,3,4,12,13,14,15,16,17,18,24,25,26,27,28,35

PLOT_APPEARANCE,ALL,HORZ_GRID_ON,VERT_GRID_ON,MARKERS_AND_LINES

[Data]
Time,Comment,Field (Oe),Temperature (K),Long Moment (emu),Long Scan Std Dev,Long Offset (cm),Long Offset Std Dev,Long Algorithm,Long Reg Fit,Long Reg Factor,Trans Moment (emu),Trans Scan Std Dev,Trans Offset (cm),Trans Offset Std Dev,Trans Algorithm,Trans Reg Fit,Trans Reg Factor,Long Moment [w/o ABS] (emu),Long Scan Std Dev [w/o ABS],Long Offset [w/o ABS] (cm),Long Offset Std Dev [w/o ABS],Long Reg Fit [w/o ABS],Trans Moment [w/o ABS] (emu),Trans Scan Std Dev [w/o ABS],Trans Offset [w/o ABS] (cm),Trans Offset Std Dev [w/o ABS],Trans Reg Fit [w/o ABS],RSO Position (deg),Amplitude (cm),Frequency,Cycles to Average,Scans per Measurement,Delta Temp (K),Error,EC Comp. Running,Using ABS,
1745285610.490,,2.500000e+004,1.000279e+001,1.700146e-002,0.000000e+000,8.249449e-003,0.000000e+000,3,9.416538e-001,1.825000e+000,,,,,,,,,,,,,,,,,,0,4.000000e+000,1.000000e+000,5,1,1.860619e-003,0,,0,
1745285685.722,,2.500000e+004,1.107902e+001,1.697863e-002,0.000000e+000,8.086447e-003,0.000000e+000,3,9.410776e-001,1.825000e+000,,,,,,,,,,,,,,,,,,0,4.000000e+000,1.000000e+000,5,1,1.482801e-001,0,,0,
1745285750.323,,2.500000e+004,1.210565e+001,1.691192e-002,0.000000e+000,1.156871e-002,0.000000e+000,3,9.460353e-001,1.825000e+000,,,,,,,,,,,,,,,,,,0,4.000000e+000,1.000000e+000,5,1,1.140594e-001,0,,0,
1745285818.305,,2.500000e+004,1.309026e+001,1.689591e-002,0.000000e+000,1.055018e-002,0.000000e+000,3,9.447340e-001,1.825000e+000,,,,,,,,,,,,,,,,,,0,4.000000e+000,1.000000e+000,5,1,1.478205e-001,0,,0,
1745285877.093,,2.500000e+004,1.408225e+001,1.688877e-002,0.000000e+000,9.669654e-003,0.000000e+000,3,9.431516e-001,1.825000e+000,,,,,,,,,,,,,,,,,,0,4.000000e+000,1.000000e+000,5,1,1.460199e-001,0,,0,
1745285939.610,,2.500000e+004,1.511549e+001,1.685118e-002,0.000000e+000,9.462340e-003,0.000000e+000,3,9.436392e-001,1.825000e+000,,,,,,,,,,,,,,,,,,0,4.000000e+000,1.000000e+000,5,1,1.340103e-001,0,,0,
1745286001.936,,2.500000e+004,1.607822e+001,1.685049e-002,0.000000e+000,7.863771e-003,0.000000e+000,3,9.403726e-001,1.825000e+000,,,,,,,,,,,,,,,,,,0,4.000000e+000,1.000000e+000,5,1,1.444302e-001,0,,0,
1745286066.589,,2.500000e+004,1.709657e+001,1.680117e-002,0.000000e+000,9.488374e-003,0.000000e+000,3,9.432926e-001,1.825000e+000,,,,,,,,,,,,,,,,,,0,4.000000e+000,1.000000e+000,5,1,1.501217e-001,0,,0,
1745286128.288,,2.500000e+004,1.810949e+001,1.676956e-002,0.000000e+000,9.695712e-003,0.000000e+000,3,9.433485e-001,1.825000e+000,,,,,,,,,,,,,,,,,,0,4.000000e+000,1.000000e+000,5,1,1.483707e-001,0,,0,
1745286187.878,,2.500000e+004,1.909752e+001,1.674102e-002,0.000000e+000,9.164413e-003,0.000000e+000,3,9.431860e-001,1.825000e+000,,,,,,,,,,,,,,,,,,0,4.000000e+000,1.000000e+000,5,1,1.302490e-001,0,,0,
1745286246.964,,2.500000e+004,2.009402e+001,1.670326e-002,0.000000e+000,1.013639e-002,0.000000e+000,3,9.442967e-001,1.825000e+000,,,,,,,,,,,,,,,,,,0,4.000000e+000,1.000000e+000,5,1,1.487694e-001,0,,0,
1745286308.857,,2.500000e+004,2.112387e+001,1.669744e-002,0.000000e+000,7.616127e-003,0.000000e+000,3,9.406382e-001,1.825000e+000,,,,,,,,,,,,,,,,,,0,4.000000e+000,1.000000e+000,5,1,1.456203e-001,0,,0,
1745286368.160,,2.500000e+004,2.210368e+001,1.665952e-002,0.000000e+000,9.880747e-003,0.000000e+000,3,9.430478e-001,1.825000e+000,,,,,,,,,,,,,,,,,,0,4.000000e+000,1.000000e+000,5,1,1.439209e-001,0,,0,
1745286427.907,,2.500000e+004,2.308290e+001,1.660054e-002,0.000000e+000,1.132046e-002,0.000000e+000,3,9.455807e-001,1.825000e+000,,,,,,,,,,,,,,,,,,0,4.000000e+000,1.000000e+000,5,1,1.535110e-001,0,,0,
1745286490.711,,2.500000e+004,2.407698e+001,1.662562e-002,0.000000e+000,7.517423e-003,0.000000e+000,3,9.390299e-001,1.825000e+000,,,,,,,,,,,,,,,,,,0,4.000000e+000,1.000000e+000,5,1,1.463909e-001,0,,0,
1745286554.537,,2.500000e+004,2.508389e+001,1.657073e-002,0.000000e+000,8.733342e-003,0.000000e+000,3,9.418600e-001,1.825000e+000,,,,,,,,,,,,,,,,,,0,4.000000e+000,1.000000e+000,5,1,1.274395e-001,0,,0,
1745286617.642,,2.500000e+004,2.609454e+001,1.651531e-002,0.000000e+000,1.071531e-002,0.000000e+000,3,9.447354e-001,1.825000e+000,,,,,,,,,,,,,,,,,,0,4.000000e+000,1.000000e+000,5,1,1.152992e-001,0,,0,
1745286681.782,,2.500000e+004,2.708614e+001,1.649237e-002,0.000000e+000,9.722088e-003,0.000000e+000,3,9.434944e-001,1.825000e+000,,,,,,,,,,,,,,,,,,0,4.000000e+000,1.000000e+000,5,1,1.459293e-001,0,,0,
1745286743.961,,2.500000e+004,2.810310e+001,1.647830e-002,0.000000e+000,9.531183e-003,0.000000e+000,3,9.419995e-001,1.825000e+000,,,,,,,,,,,,,,,,,,0,4.000000e+000,1.000000e+000,5,1,1.519585e-001,0,,0,
1745286803.536,,2.500000e+004,2.909426e+001,1.645326e-002,0.000000e+000,9.307811e-003,0.000000e+000,3,9.416318e-001,1.825000e+000,,,,,,,,,,,,,,,,,,0,4.000000e+000,1.000000e+000,5,1,1.684799e-001,0,,0,
1745286863.217,,2.500000e+004,3.010254e+001,1.643540e-002,0.000000e+000,7.201307e-003,0.000000e+000,3,9.382071e-001,1.825000e+000,,,,,,,,,,,,,,,,,,0,4.000000e+000,1.000000e+000,5,1,1.633816e-001,0,,0,
1745286922.498,,2.500000e+004,3.109443e+001,1.639484e-002,0.000000e+000,8.342331e-003,0.000000e+000,3,9.405140e-001,1.825000e+000,,,,,,,,,,,,,,,,,,0,4.000000e+000,1.000000e+000,5,1,1.463089e-001,0,,0,
1745286984.071,,2.500000e+004,3.211303e+001,1.636287e-002,0.000000e+000,7.384237e-003,0.000000e+000,3,9.390482e-001,1.825000e+000,,,,,,,,,,,,,,,,,,0,4.000000e+000,1.000000e+000,5,1,1.668396e-001,0,,0,
1745287043.050,,2.500000e+004,3.308945e+001,1.634145e-002,0.000000e+000,5.971584e-003,0.000000e+000,3,9.365009e-001,1.825000e+000,,,,,,,,,,,,,,,,,,0,4.000000e+000,1.000000e+000,5,1,1.275711e-001,0,,0,
1745287103.016,,2.500000e+004,3.408642e+001,1.627853e-002,0.000000e+000,9.480318e-003,0.000000e+000,3,9.416172e-001,1.825000e+000,,,,,,,,,,,,,,,,,,0,4.000000e+000,1.000000e+000,5,1,1.638603e-001,0,,0,
1745287164.417,,2.500000e+004,3.510040e+001,1.626640e-002,0.000000e+000,7.876296e-003,0.000000e+000,3,9.389663e-001,1.825000e+000,,,,,,,,,,,,,,,,,,0,4.000000e+000,1.000000e+000,5,1,1.571884e-001,0,,0,
1745287226.820,,2.500000e+004,3.610289e+001,1.621705e-002,0.000000e+000,1.069851e-002,0.000000e+000,3,9.424343e-001,1.825000e+000,,,,,,,,,,,,,,,,,,0,4.000000e+000,1.000000e+000,5,1,1.579819e-001,0,,0,
1745287288.163,,2.500000e+004,3.710706e+001,1.618631e-002,0.000000e+000,8.475905e-003,0.000000e+000,3,9.401414e-001,1.825000e+000,,,,,,,,,,,,,,,,,,0,4.000000e+000,1.000000e+000,5,1,1.399994e-001,0,,0,
1745287350.515,,2.500000e+004,3.810947e+001,1.615132e-002,0.000000e+000,9.232929e-003,0.000000e+000,3,9.407876e-001,1.825000e+000,,,,,,,,,,,,,,,,,,0,4.000000e+000,1.000000e+000,5,1,1.429100e-001,0,,0,
1745287409.446,,2.500000e+004,3.909305e+001,1.611805e-002,0.000000e+000,9.880148e-003,0.000000e+000,3,9.411308e-001,1.825000e+000,,,,,,,,,,,,,,,,,,0,4.000000e+000,1.000000e+000,5,1,1.399574e-001,0,,0,
1745287470.385,,2.500000e+004,4.008858e+001,1.605974e-002,0.000000e+000,1.102051e-002,0.000000e+000,3,9.430944e-001,1.825000e+000,,,,,,,,,,,,,,,,,,0,4.000000e+000,1.000000e+000,5,1,1.687584e-001,0,,0,
1745287529.704,,2.500000e+004,4.109859e+001,1.604499e-002,0.000000e+000,9.774699e-003,0.000000e+000,3,9.409466e-001,1.825000e+000,,,,,,,,,,,,,,,,,,0,4.000000e+000,1.000000e+000,5,1,1.475716e-001,0,,0,
1745287591.531,,2.500000e+004,4.212574e+001,1.600742e-002,0.000000e+000,9.542694e-003,0.000000e+000,3,9.410744e-001,1.825000e+000,,,,,,,,,,,,,,,,,,0,4.000000e+000,1.000000e+000,5,1,1.503220e-001,0,,0,
1745287649.400,,2.500000e+004,4.309688e+001,1.599186e-002,0.000000e+000,7.772971e-003,0.000000e+000,3,9.377303e-001,1.825000e+000,,,,,,,,,,,,,,,,,,0,4.000000e+000,1.000000e+000,5,1,1.431618e-001,0,,0,
1745287710.233,,2.500000e+004,4.409791e+001,1.594913e-002,0.000000e+000,8.285019e-003,0.000000e+000,3,9.387231e-001,1.825000e+000,,,,,,,,,,,,,,,,,,0,4.000000e+000,1.000000e+000,5,1,1.608696e-001,0,,0,
1745287773.114,,2.500000e+004,4.509986e+001,1.592445e-002,0.000000e+000,8.463494e-003,0.000000e+000,3,9.379509e-001,1.825000e+000,,,,,,,,,,,,,,,,,,0,4.000000e+000,1.000000e+000,5,1,1.163788e-001,0,,0,
1745287837.593,,2.500000e+004,4.610214e+001,1.589589e-002,0.000000e+000,7.658574e-003,0.000000e+000,3,9.363943e-001,1.825000e+000,,,,,,,,,,,,,,,,,,0,4.000000e+000,1.000000e+000,5,1,1.521797e-001,0,,0,
1745287898.738,,2.500000e+004,4.707326e+001,1.585617e-002,0.000000e+000,6.814876e-003,0.000000e+000,3,9.365941e-001,1.825000e+000,,,,,,,,,,,,,,,,,,0,4.000000e+000,1.000000e+000,5,1,1.426201e-001,0,,0,
1745287962.284,,2.500000e+004,4.810993e+001,1.581097e-002,0.000000e+000,8.019707e-003,0.000000e+000,3,9.381629e-001,1.825000e+000,,,,,,,,,,,,,,,,,,0,4.000000e+000,1.000000e+000,5,1,1.295891e-001,0,,0,
1745288023.518,,2.500000e+004,4.910095e+001,1.576669e-002,0.000000e+000,9.087102e-003,0.000000e+000,3,9.395060e-001,1.825000e+000,,,,,,,,,,,,,,,,,,0,4.000000e+000,1.000000e+000,5,1,1.398430e-001,0,,0,
1745288084.951,,2.500000e+004,5.011728e+001,1.572737e-002,0.000000e+000,9.147616e-003,0.000000e+000,3,9.394858e-001,1.825000e+000,,,,,,,,,,,,,,,,,,0,4.000000e+000,1.000000e+000,5,1,1.356125e-001,0,,0,
1745288144.355,,2.500000e+004,5.110418e+001,1.570569e-002,0.000000e+000,7.977867e-003,0.000000e+000,3,9.373209e-001,1.825000e+000,,,,,,,,,,,,,,,,,,0,4.000000e+000,1.000000e+000,5,1,1.353798e-001,0,,0,
1745288203.847,,2.500000e+004,5.208437e+001,1.564281e-002,0.000000e+000,1.043884e-002,0.000000e+000,3,9.406471e-001,1.825000e+000,,,,,,,,,,,,,,,,,,0,4.000000e+000,1.000000e+000,5,1,1.557884e-001,0,,0,
1745288264.069,,2.500000e+004,5.310363e+001,1.560988e-002,0.000000e+000,1.009853e-002,0.000000e+000,3,9.400095e-001,1.825000e+000,,,,,,,,,,,,,,,,,,0,4.000000e+000,1.000000e+000,5,1,1.326981e-001,0,,0,
1745288323.984,,2.500000e+004,5.410609e+001,1.558416e-002,0.000000e+000,8.364788e-003,0.000000e+000,3,9.379021e-001,1.825000e+000,,,,,,,,,,,,,,,,,,0,4.000000e+000,1.000000e+000,5,1,1.437607e-001,0,,0,
1745288384.849,,2.500000e+004,5.510835e+001,1.553063e-002,0.000000e+000,9.881018e-003,0.000000e+000,3,9.397422e-001,1.825000e+000,,,,,,,,,,,,,,,,,,0,4.000000e+000,1.000000e+000,5,1,1.605301e-001,0,,0,
1745288445.111,,2.500000e+004,5.608746e+001,1.550539e-002,0.000000e+000,8.679978e-003,0.000000e+000,3,9.377367e-001,1.825000e+000,,,,,,,,,,,,,,,,,,0,4.000000e+000,1.000000e+000,5,1,1.543694e-001,0,,0,
1745288507.009,,2.500000e+004,5.710603e+001,1.548494e-002,0.000000e+000,7.655886e-003,0.000000e+000,3,9.355947e-001,1.825000e+000,,,,,,,,,,,,,,,,,,0,4.000000e+000,1.000000e+000,5,1,1.534500e-001,0,,0,
1745288568.242,,2.500000e+004,5.810075e+001,1.544032e-002,0.000000e+000,7.458878e-003,0.000000e+000,3,9.358258e-001,1.825000e+000,,,,,,,,,,,,,,,,,,0,4.000000e+000,1.000000e+000,5,1,1.309509e-001,0,,0,
1745288630.078,,2.500000e+004,5.909004e+001,1.538504e-002,0.000000e+000,9.960881e-003,0.000000e+000,3,9.386453e-001,1.825000e+000,,,,,,,,,,,,,,,,,,0,4.000000e+000,1.000000e+000,5,1,1.564903e-001,0,,0,
1745288693.285,,2.500000e+004,6.010675e+001,1.534234e-002,0.000000e+000,9.255983e-003,0.000000e+000,3,9.381389e-001,1.825000e+000,,,,,,,,,,,,,,,,,,0,4.000000e+000,1.000000e+000,5,1,1.732407e-001,0,,0,
1745288753.302,,2.500000e+004,6.109645e+001,1.531827e-002,0.000000e+000,8.750763e-003,0.000000e+000,3,9.368900e-001,1.825000e+000,,,,,,,,,,,,,,,,,,0,4.000000e+000,1.000000e+000,5,1,1.529083e-001,0,,0,
1745288813.798,,2.500000e+004,6.208552e+001,1.526022e-002,0.000000e+000,1.023592e-002,0.000000e+000,3,9.389627e-001,1.825000e+000,,,,,,,,,,,,,,,,,,0,4.000000e+000,1.000000e+000,5,1,1.355400e-001,0,,0,
1745288875.729,,2.500000e+004,6.312391e+001,1.523497e-002,0.000000e+000,8.991138e-003,0.000000e+000,3,9.367586e-001,1.825000e+000,,,,,,,,,,,,,,,,,,0,4.000000e+000,1.000000e+000,5,1,1.349106e-001,0,,0,
1745288933.821,,2.500000e+004,6.409391e+001,1.519832e-002,0.000000e+000,8.517876e-003,0.000000e+000,3,9.358460e-001,1.825000e+000,,,,,,,,,,,,,,,,,,0,4.000000e+000,1.000000e+000,5,1,1.474762e-001,0,,0,
1745288995.221,,2.500000e+004,6.512751e+001,1.517166e-002,0.000000e+000,7.888710e-003,0.000000e+000,3,9.342751e-001,1.825000e+000,,,,,,,,,,,,,,,,,,0,4.000000e+000,1.000000e+000,5,1,1.212006e-001,0,,0,
1745289054.492,,2.500000e+004,6.609852e+001,1.512718e-002,0.000000e+000,8.187239e-003,0.000000e+000,3,9.346808e-001,1.825000e+000,,,,,,,,,,,,,,,,,,0,4.000000e+000,1.000000e+000,5,1,1.457367e-001,0,,0,
1745289116.968,,2.500000e+004,6.710144e+001,1.509218e-002,0.000000e+000,7.381961e-003,0.000000e+000,3,9.329134e-001,1.825000e+000,,,,,,,,,,,,,,,,,,0,4.000000e+000,1.000000e+000,5,1,1.421127e-001,0,,0,
1745289179.389,,2.500000e+004,6.809756e+001,1.500281e-002,0.000000e+000,1.073916e-002,0.000000e+000,3,9.389085e-001,1.825000e+000,,,,,,,,,,,,,,,,,,0,4.000000e+000,1.000000e+000,5,1,1.230698e-001,0,,0,
1745289240.613,,2.500000e+004,6.907387e+001,1.500795e-002,0.000000e+000,7.208592e-003,0.000000e+000,3,9.326227e-001,1.825000e+000,,,,,,,,,,,,,,,,,,0,4.000000e+000,1.000000e+000,5,1,1.466751e-001,0,,0,
1745289305.446,,2.500000e+004,7.010736e+001,1.495686e-002,0.000000e+000,8.412181e-003,0.000000e+000,3,9.342241e-001,1.825000e+000,,,,,,,,,,,,,,,,,,0,4.000000e+000,1.000000e+000,5,1,1.160202e-001,0,,0,
1745289366.572,,2.500000e+004,7.108488e+001,1.491315e-002,0.000000e+000,7.852835e-003,0.000000e+000,3,9.335093e-001,1.825000e+000,,,,,,,,,,,,,,,,,,0,4.000000e+000,1.000000e+000,5,1,1.213989e-001,0,,0,
1745289427.948,,2.500000e+004,7.209482e+001,1.486517e-002,0.000000e+000,7.542822e-003,0.000000e+000,3,9.335351e-001,1.825000e+000,,,,,,,,,,,,,,,,,,0,4.000000e+000,1.000000e+000,5,1,1.463547e-001,0,,0,
1745289487.882,,2.500000e+004,7.308488e+001,1.482899e-002,0.000000e+000,7.508492e-003,0.000000e+000,3,9.322430e-001,1.825000e+000,,,,,,,,,,,,,,,,,,0,4.000000e+000,1.000000e+000,5,1,1.468964e-001,0,,0,
1745289547.525,,2.500000e+004,7.410060e+001,1.477979e-002,0.000000e+000,8.649924e-003,0.000000e+000,3,9.338049e-001,1.825000e+000,,,,,,,,,,,,,,,,,,0,4.000000e+000,1.000000e+000,5,1,1.358566e-001,0,,0,
1745289608.092,,2.500000e+004,7.511490e+001,1.473088e-002,0.000000e+000,9.315263e-003,0.000000e+000,3,9.344279e-001,1.825000e+000,,,,,,,,,,,,,,,,,,0,4.000000e+000,1.000000e+000,5,1,1.507645e-001,0,,0,
1745289667.167,,2.500000e+004,7.611321e+001,1.468962e-002,0.000000e+000,8.039832e-003,0.000000e+000,3,9.327670e-001,1.825000e+000,,,,,,,,,,,,,,,,,,0,4.000000e+000,1.000000e+000,5,1,1.601715e-001,0,,0,
1745289725.455,,2.500000e+004,7.709064e+001,1.464326e-002,0.000000e+000,8.484049e-003,0.000000e+000,3,9.332100e-001,1.825000e+000,,,,,,,,,,,,,,,,,,0,4.000000e+000,1.000000e+000,5,1,1.574478e-001,0,,0,
1745289788.868,,2.500000e+004,7.811444e+001,1.458138e-002,0.000000e+000,9.486935e-003,0.000000e+000,3,9.348947e-001,1.825000e+000,,,,,,,,,,,,,,,,,,0,4.000000e+000,1.000000e+000,5,1,1.230850e-001,0,,0,
1745289849.146,,2.500000e+004,7.909264e+001,1.457207e-002,0.000000e+000,7.219602e-003,0.000000e+000,3,9.302484e-001,1.825000e+000,,,,,,,,,,,,,,,,,,0,4.000000e+000,1.000000e+000,5,1,1.514206e-001,0,,0,
1745289911.992,,2.500000e+004,8.009383e+001,1.450371e-002,0.000000e+000,8.749039e-003,0.000000e+000,3,9.331377e-001,1.825000e+000,,,,,,,,,,,,,,,,,,0,4.000000e+000,1.000000e+000,5,1,1.381912e-001,0,,0,
1745289975.585,,2.500000e+004,8.110623e+001,1.446779e-002,0.000000e+000,7.741388e-003,0.000000e+000,3,9.307576e-001,1.825000e+000,,,,,,,,,,,,,,,,,,0,4.000000e+000,1.000000e+000,5,1,1.310501e-001,0,,0,
1745290037.897,,2.500000e+004,8.210420e+001,1.441274e-002,0.000000e+000,7.370385e-003,0.000000e+000,3,9.307016e-001,1.825000e+000,,,,,,,,,,,,,,,,,,0,4.000000e+000,1.000000e+000,5,1,1.474533e-001,0,,0,
1745290098.612,,2.500000e+004,8.309138e+001,1.433306e-002,0.000000e+000,1.151043e-002,0.000000e+000,3,9.363093e-001,1.825000e+000,,,,,,,,,,,,,,,,,,0,4.000000e+000,1.000000e+000,5,1,1.644440e-001,0,,0,
1745290158.914,,2.500000e+004,8.409682e+001,1.432179e-002,0.000000e+000,8.317218e-003,0.000000e+000,3,9.311766e-001,1.825000e+000,,,,,,,,,,,,,,,,,,0,4.000000e+000,1.000000e+000,5,1,1.641998e-001,0,,0,
1745290219.657,,2.500000e+004,8.511375e+001,1.428256e-002,0.000000e+000,7.757202e-003,0.000000e+000,3,9.297749e-001,1.825000e+000,,,,,,,,,,,,,,,,,,0,4.000000e+000,1.000000e+000,5,1,1.675644e-001,0,,0,
1745290277.982,,2.500000e+004,8.609023e+001,1.422125e-002,0.000000e+000,7.854246e-003,0.000000e+000,3,9.304511e-001,1.825000e+000,,,,,,,,,,,,,,,,,,0,4.000000e+000,1.000000e+000,5,1,1.671143e-001,0,,0,
1745290338.623,,2.500000e+004,8.711601e+001,1.416884e-002,0.000000e+000,8.438088e-003,0.000000e+000,3,9.310399e-001,1.825000e+000,,,,,,,,,,,,,,,,,,0,4.000000e+000,1.000000e+000,5,1,1.439819e-001,0,,0,
1745290399.486,,2.500000e+004,8.811242e+001,1.411435e-002,0.000000e+000,8.828227e-003,0.000000e+000,3,9.311846e-001,1.825000e+000,,,,,,,,,,,,,,,,,,0,4.000000e+000,1.000000e+000,5,1,1.737823e-001,0,,0,
1745290458.480,,2.500000e+004,8.908347e+001,1.406541e-002,0.000000e+000,8.807783e-003,0.000000e+000,3,9.312016e-001,1.825000e+000,,,,,,,,,,,,,,,,,,0,4.000000e+000,1.000000e+000,5,1,1.415939e-001,0,,0,
1745290520.221,,2.500000e+004,9.008200e+001,1.401545e-002,0.000000e+000,9.679650e-003,0.000000e+000,3,9.316721e-001,1.825000e+000,,,,,,,,,,,,,,,,,,0,4.000000e+000,1.000000e+000,5,1,1.242294e-001,0,,0,
1745290582.727,,2.500000e+004,9.110358e+001,1.396649e-002,0.000000e+000,7.843444e-003,0.000000e+000,3,9.297804e-001,1.825000e+000,,,,,,,,,,,,,,,,,,0,4.000000e+000,1.000000e+000,5,1,1.306915e-001,0,,0,
1745290643.711,,2.500000e+004,9.209282e+001,1.392717e-002,0.000000e+000,6.539518e-003,0.000000e+000,3,9.266477e-001,1.825000e+000,,,,,,,,,,,,,,,,,,0,4.000000e+000,1.000000e+000,5,1,1.663742e-001,0,,0,
1745290703.589,,2.500000e+004,9.307909e+001,1.387813e-002,0.000000e+000,7.362978e-003,0.000000e+000,3,9.271159e-001,1.825000e+000,,,,,,,,,,,,,,,,,,0,4.000000e+000,1.000000e+000,5,1,1.355209e-001,0,,0,
1745290765.519,,2.500000e+004,9.410060e+001,1.377901e-002,0.000000e+000,1.125294e-002,0.000000e+000,3,9.336709e-001,1.825000e+000,,,,,,,,,,,,,,,,,,0,4.000000e+000,1.000000e+000,5,1,1.639175e-001,0,,0,
1745290824.003,,2.500000e+004,9.507974e+001,1.373387e-002,0.000000e+000,1.106142e-002,0.000000e+000,3,9.326517e-001,1.825000e+000,,,,,,,,,,,,,,,,,,0,4.000000e+000,1.000000e+000,5,1,1.580429e-001,0,,0,
1745290883.940,,2.500000e+004,9.609414e+001,1.371173e-002,0.000000e+000,8.745093e-003,0.000000e+000,3,9.283488e-001,1.825000e+000,,,,,,,,,,,,,,,,,,0,4.000000e+000,1.000000e+000,5,1,1.609192e-001,0,,0,
1745290944.532,,2.500000e+004,9.711335e+001,1.365211e-002,0.000000e+000,8.208757e-003,0.000000e+000,3,9.281712e-001,1.825000e+000,,,,,,,,,,,,,,,,,,0,4.000000e+000,1.000000e+000,5,1,1.274261e-001,0,,0,
1745291003.744,,2.500000e+004,9.809785e+001,1.359888e-002,0.000000e+000,8.250015e-003,0.000000e+000,3,9.277080e-001,1.825000e+000,,,,,,,,,,,,,,,,,,0,4.000000e+000,1.000000e+000,5,1,1.527557e-001,0,,0,
1745291062.823,,2.500000e+004,9.910416e+001,1.353082e-002,0.000000e+000,8.239678e-003,0.000000e+000,3,9.279806e-001,1.825000e+000,,,,,,,,,,,,,,,,,,0,4.000000e+000,1.000000e+000,5,1,1.413116e-001,0,,0,
1745291121.567,,2.500000e+004,1.001090e+002,1.344659e-002,0.000000e+000,1.224356e-002,0.000000e+000,3,9.328902e-001,1.825000e+000,,,,,,,,,,,,,,,,,,0,4.000000e+000,1.000000e+000,5,1,9.580231e-002,0,,0,
1745291183.480,,2.500000e+004,1.010930e+002,1.342256e-002,0.000000e+000,9.538501e-003,0.000000e+000,3,9.284240e-001,1.825000e+000,,,,,,,,,,,,,,,,,,0,4.000000e+000,1.000000e+000,5,1,1.555023e-001,0,,0,
1745291245.787,,2.500000e+004,1.020898e+002,1.335801e-002,0.000000e+000,1.060288e-002,0.000000e+000,3,9.295888e-001,1.825000e+000,,,,,,,,,,,,,,,,,,0,4.000000e+000,1.000000e+000,5,1,1.333008e-001,0,,0,
1745291307.231,,2.500000e+004,1.030869e+002,1.329520e-002,0.000000e+000,1.060819e-002,0.000000e+000,3,9.295747e-001,1.825000e+000,,,,,,,,,,,,,,,,,,0,4.000000e+000,1.000000e+000,5,1,1.403961e-001,0,,0,
1745291370.400,,2.500000e+004,1.041020e+002,1.324782e-002,0.000000e+000,8.944754e-003,0.000000e+000,3,9.271433e-001,1.825000e+000,,,,,,,,,,,,,,,,,,0,4.000000e+000,1.000000e+000,5,1,1.832047e-001,0,,0,
1745291431.088,,2.500000e+004,1.050916e+002,1.318971e-002,0.000000e+000,8.047472e-003,0.000000e+000,3,9.258493e-001,1.825000e+000,,,,,,,,,,,,,,,,,,0,4.000000e+000,1.000000e+000,5,1,1.756973e-001,0,,0,
1745291491.727,,2.500000e+004,1.061198e+002,1.310233e-002,0.000000e+000,1.065423e-002,0.000000e+000,3,9.295441e-001,1.825000e+000,,,,,,,,,,,,,,,,,,0,4.000000e+000,1.000000e+000,5,1,1.730957e-001,0,,0,
1745291552.614,,2.500000e+004,1.071266e+002,1.306112e-002,0.000000e+000,9.109678e-003,0.000000e+000,3,9.265158e-001,1.825000e+000,,,,,,,,,,,,,,,,,,0,4.000000e+000,1.000000e+000,5,1,1.597977e-001,0,,0,
1745291609.937,,2.500000e+004,1.080730e+002,1.299231e-002,0.000000e+000,9.786586e-003,0.000000e+000,3,9.271196e-001,1.825000e+000,,,,,,,,,,,,,,,,,,0,4.000000e+000,1.000000e+000,5,1,1.241989e-001,0,,0,
1745291670.678,,2.500000e+004,1.091040e+002,1.293415e-002,0.000000e+000,1.004986e-002,0.000000e+000,3,9.263396e-001,1.825000e+000,,,,,,,,,,,,,,,,,,0,4.000000e+000,1.000000e+000,5,1,1.645050e-001,0,,0,
1745291730.362,,2.500000e+004,1.101061e+002,1.288131e-002,0.000000e+000,7.466199e-003,0.000000e+000,3,9.229631e-001,1.825000e+000,,,,,,,,,,,,,,,,,,0,4.000000e+000,1.000000e+000,5,1,1.278992e-001,0,,0,
1745291792.001,,2.500000e+004,1.111344e+002,1.281083e-002,0.000000e+000,8.217772e-003,0.000000e+000,3,9.234294e-001,1.825000e+000,,,,,,,,,,,,,,,,,,0,4.000000e+000,1.000000e+000,5,1,1.467056e-001,0,,0,
1745291850.446,,2.500000e+004,1.121006e+002,1.273862e-002,0.000000e+000,9.388918e-003,0.000000e+000,3,9.245944e-001,1.825000e+000,,,,,,,,,,,,,,,,,,0,4.000000e+000,1.000000e+000,5,1,1.372986e-001,0,,0,
1745291913.016,,2.500000e+004,1.130857e+002,1.264866e-002,0.000000e+000,1.077653e-002,0.000000e+000,3,9.270762e-001,1.825000e+000,,,,,,,,,,,,,,,,,,0,4.000000e+000,1.000000e+000,5,1,1.454010e-001,0,,0,
1745291974.257,,2.500000e+004,1.140763e+002,1.259771e-002,0.000000e+000,8.820876e-003,0.000000e+000,3,9.235976e-001,1.825000e+000,,,,,,,,,,,,,,,,,,0,4.000000e+000,1.000000e+000,5,1,1.358032e-001,0,,0,
1745292034.915,,2.500000e+004,1.150768e+002,1.252243e-002,0.000000e+000,9.419085e-003,0.000000e+000,3,9.238447e-001,1.825000e+000,,,,,,,,,,,,,,,,,,0,4.000000e+000,1.000000e+000,5,1,1.259995e-001,0,,0,
1745292096.378,,2.500000e+004,1.160751e+002,1.246625e-002,0.000000e+000,8.208108e-003,0.000000e+000,3,9.213141e-001,1.825000e+000,,,,,,,,,,,,,,,,,,0,4.000000e+000,1.000000e+000,5,1,1.524963e-001,0,,0,
1745292156.710,,2.500000e+004,1.171046e+002,1.238549e-002,0.000000e+000,9.188035e-003,0.000000e+000,3,9.224989e-001,1.825000e+000,,,,,,,,,,,,,,,,,,0,4.000000e+000,1.000000e+000,5,1,1.487045e-001,0,,0,
1745292217.237,,2.500000e+004,1.180944e+002,1.232348e-002,0.000000e+000,7.244004e-003,0.000000e+000,3,9.193451e-001,1.825000e+000,,,,,,,,,,,,,,,,,,0,4.000000e+000,1.000000e+000,5,1,9.439850e-002,0,,0,
1745292274.759,,2.500000e+004,1.190867e+002,1.226885e-002,0.000000e+000,6.153644e-003,0.000000e+000,3,9.159502e-001,1.825000e+000,,,,,,,,,,,,,,,,,,0,4.000000e+000,1.000000e+000,5,1,1.404953e-001,0,,0,
1745292337.608,,2.500000e+004,1.201332e+002,1.217958e-002,0.000000e+000,6.686189e-003,0.000000e+000,3,9.170113e-001,1.825000e+000,,,,,,,,,,,,,,,,,,0,4.000000e+000,1.000000e+000,5,1,1.492004e-001,0,,0,
1745292397.505,,2.500000e+004,1.210945e+002,1.210930e-002,0.000000e+000,6.915483e-003,0.000000e+000,3,9.168914e-001,1.825000e+000,,,,,,,,,,,,,,,,,,0,4.000000e+000,1.000000e+000,5,1,1.382980e-001,0,,0,
1745292461.977,,2.500000e+004,1.221066e+002,1.201848e-002,0.000000e+000,9.294244e-003,0.000000e+000,3,9.193320e-001,1.825000e+000,,,,,,,,,,,,,,,,,,0,4.000000e+000,1.000000e+000,5,1,1.604996e-001,0,,0,
1745292525.443,,2.500000e+004,1.230867e+002,1.193856e-002,0.000000e+000,9.929931e-003,0.000000e+000,3,9.198045e-001,1.825000e+000,,,,,,,,,,,,,,,,,,0,4.000000e+000,1.000000e+000,5,1,1.154022e-001,0,,0,
1745292590.658,,2.500000e+004,1.240710e+002,1.186487e-002,0.000000e+000,8.867538e-003,0.000000e+000,3,9.181572e-001,1.825000e+000,,,,,,,,,,,,,,,,,,0,4.000000e+000,1.000000e+000,5,1,1.308975e-001,0,,0,
1745292655.894,,2.500000e+004,1.250803e+002,1.177847e-002,0.000000e+000,9.810421e-003,0.000000e+000,3,9.187782e-001,1.825000e+000,,,,,,,,,,,,,,,,,,0,4.000000e+000,1.000000e+000,5,1,1.118011e-001,0,,0,
1745292718.031,,2.500000e+004,1.260940e+002,1.169984e-002,0.000000e+000,1.022103e-002,0.000000e+000,3,9.182142e-001,1.825000e+000,,,,,,,,,,,,,,,,,,0,4.000000e+000,1.000000e+000,5,1,1.560974e-001,0,,0,
1745292775.006,,2.500000e+004,1.270663e+002,1.161180e-002,0.000000e+000,9.646645e-003,0.000000e+000,3,9.175605e-001,1.825000e+000,,,,,,,,,,,,,,,,,,0,4.000000e+000,1.000000e+000,5,1,5.750275e-002,0,,0,
1745292838.241,,2.500000e+004,1.281082e+002,1.152172e-002,0.000000e+000,1.008001e-002,0.000000e+000,3,9.176365e-001,1.825000e+000,,,,,,,,,,,,,,,,,,0,4.000000e+000,1.000000e+000,5,1,1.457062e-001,0,,0,
1745292896.516,,2.500000e+004,1.290793e+002,1.142494e-002,0.000000e+000,1.185867e-002,0.000000e+000,3,9.188824e-001,1.825000e+000,,,,,,,,,,,,,,,,,,0,4.000000e+000,1.000000e+000,5,1,1.990967e-001,0,,0,
1745292963.475,,2.500000e+004,1.301117e+002,1.133425e-002,0.000000e+000,1.037768e-002,0.000000e+000,3,9.163486e-001,1.825000e+000,,,,,,,,,,,,,,,,,,0,4.000000e+000,1.000000e+000,5,1,1.643982e-001,0,,0,
1745293020.557,,2.500000e+004,1.310909e+002,1.126233e-002,0.000000e+000,8.335795e-003,0.000000e+000,3,9.115705e-001,1.825000e+000,,,,,,,,,,,,,,,,,,0,4.000000e+000,1.000000e+000,5,1,1.474915e-001,0,,0,
1745293079.837,,2.500000e+004,1.320956e+002,1.116301e-002,0.000000e+000,8.648401e-003,0.000000e+000,3,9.122818e-001,1.825000e+000,,,,,,,,,,,,,,,,,,0,4.000000e+000,1.000000e+000,5,1,1.417084e-001,0,,0,
1745293140.522,,2.500000e+004,1.331113e+002,1.105506e-002,0.000000e+000,9.993671e-003,0.000000e+000,3,9.137027e-001,1.825000e+000,,,,,,,,,,,,,,,,,,0,4.000000e+000,1.000000e+000,5,1,1.396027e-001,0,,0,
1745293201.555,,2.500000e+004,1.341105e+002,1.098277e-002,0.000000e+000,8.046783e-003,0.000000e+000,3,9.081092e-001,1.825000e+000,,,,,,,,,,,,,,,,,,0,4.000000e+000,1.000000e+000,5,1,1.336060e-001,0,,0,
1745293263.771,,2.500000e+004,1.350883e+002,1.087384e-002,0.000000e+000,8.939784e-003,0.000000e+000,3,9.091268e-001,1.825000e+000,,,,,,,,,,,,,,,,,,0,4.000000e+000,1.000000e+000,5,1,1.311035e-001,0,,0,
1745293327.568,,2.500000e+004,1.360983e+002,1.077455e-002,0.000000e+000,9.005237e-003,0.000000e+000,3,9.084636e-001,1.825000e+000,,,,,,,,,,,,,,,,,,0,4.000000e+000,1.000000e+000,5,1,1.528931e-001,0,,0,
1745293390.138,,2.500000e+004,1.371064e+002,1.065002e-002,0.000000e+000,1.069338e-002,0.000000e+000,3,9.103211e-001,1.825000e+000,,,,,,,,,,,,,,,,,,0,4.000000e+000,1.000000e+000,5,1,1.222992e-001,0,,0,
1745293452.877,,2.500000e+004,1.381189e+002,1.054870e-002,0.000000e+000,1.016938e-002,0.000000e+000,3,9.082491e-001,1.825000e+000,,,,,,,,,,,,,,,,,,0,4.000000e+000,1.000000e+000,5,1,1.401978e-001,0,,0,
1745293511.140,,2.500000e+004,1.390833e+002,1.045861e-002,0.000000e+000,9.295115e-003,0.000000e+000,3,9.048661e-001,1.825000e+000,,,,,,,,,,,,,,,,,,0,4.000000e+000,1.000000e+000,5,1,1.377106e-001,0,,0,
1745293572.871,,2.500000e+004,1.401098e+002,1.035072e-002,0.000000e+000,9.061007e-003,0.000000e+000,3,9.018581e-001,1.825000e+000,,,,,,,,,,,,,,,,,,0,4.000000e+000,1.000000e+000,5,1,1.520996e-001,0,,0,
1745293632.495,,2.500000e+004,1.411210e+002,1.020020e-002,0.000000e+000,1.220923e-002,0.000000e+000,3,9.073071e-001,1.825000e+000,,,,,,,,,,,,,,,,,,0,4.000000e+000,1.000000e+000,5,1,1.282959e-001,0,,0,
1745293691.306,,2.500000e+004,1.420819e+002,1.010413e-002,0.000000e+000,1.064086e-002,0.000000e+000,3,9.026586e-001,1.825000e+000,,,,,,,,,,,,,,,,,,0,4.000000e+000,1.000000e+000,5,1,1.425934e-001,0,,0,
1745293752.215,,2.500000e+004,1.430822e+002,9.957055e-003,0.000000e+000,1.337552e-002,0.000000e+000,3,9.057909e-001,1.825000e+000,,,,,,,,,,,,,,,,,,0,4.000000e+000,1.000000e+000,5,1,1.444092e-001,0,,0,
1745293816.267,,2.500000e+004,1.440999e+002,9.831146e-003,0.000000e+000,1.259448e-002,0.000000e+000,3,9.034623e-001,1.825000e+000,,,,,,,,,,,,,,,,,,0,4.000000e+000,1.000000e+000,5,1,1.461029e-001,0,,0,
1745293878.371,,2.500000e+004,1.451003e+002,9.720283e-003,0.000000e+000,1.084836e-002,0.000000e+000,3,8.990738e-001,1.825000e+000,,,,,,,,,,,,,,,,,,0,4.000000e+000,1.000000e+000,5,1,1.434937e-001,0,,0,
1745293940.850,,2.500000e+004,1.460924e+002,9.593282e-003,0.000000e+000,9.764815e-003,0.000000e+000,3,8.957310e-001,1.825000e+000,,,,,,,,,,,,,,,,,,0,4.000000e+000,1.000000e+000,5,1,1.541901e-001,0,,0,
1745294003.150,,2.500000e+004,1.470941e+002,9.440728e-003,0.000000e+000,1.239921e-002,0.000000e+000,3,8.987602e-001,1.825000e+000,,,,,,,,,,,,,,,,,,0,4.000000e+000,1.000000e+000,5,1,1.423950e-001,0,,0,
1745294065.277,,2.500000e+004,1.480985e+002,9.300618e-003,0.000000e+000,1.308891e-002,0.000000e+000,3,8.974729e-001,1.825000e+000,,,,,,,,,,,,,,,,,,0,4.000000e+000,1.000000e+000,5,1,1.673126e-001,0,,0,
1745294124.569,,2.500000e+004,1.490822e+002,9.186225e-003,0.000000e+000,1.151226e-002,0.000000e+000,3,8.917264e-001,1.825000e+000,,,,,,,,,,,,,,,,,,0,4.000000e+000,1.000000e+000,5,1,1.362915e-001,0,,0,
1745294186.677,,2.500000e+004,1.501295e+002,9.023088e-003,0.000000e+000,1.229131e-002,0.000000e+000,3,8.916572e-001,1.825000e+000,,,,,,,,,,,,,,,,,,0,4.000000e+000,1.000000e+000,5,1,1.522980e-001,0,,0,
1745294245.588,,2.500000e+004,1.511080e+002,8.866731e-003,0.000000e+000,1.446871e-002,0.000000e+000,3,8.923840e-001,1.825000e+000,,,,,,,,,,,,,,,,,,0,4.000000e+000,1.000000e+000,5,1,1.491089e-001,0,,0,
1745294304.131,,2.500000e+004,1.520880e+002,8.719920e-003,0.000000e+000,1.386004e-002,0.000000e+000,3,8.889827e-001,1.825000e+000,,,,,,,,,,,,,,,,,,0,4.000000e+000,1.000000e+000,5,1,1.557007e-001,0,,0,
1745294365.309,,2.500000e+004,1.531210e+002,8.580084e-003,0.000000e+000,1.151442e-002,0.000000e+000,3,8.821626e-001,1.825000e+000,,,,,,,,,,,,,,,,,,0,4.000000e+000,1.000000e+000,5,1,1.477051e-001,0,,0,
1745294425.075,,2.500000e+004,1.540891e+002,8.429127e-003,0.000000e+000,1.337352e-002,0.000000e+000,3,8.815976e-001,1.825000e+000,,,,,,,,,,,,,,,,,,0,4.000000e+000,1.000000e+000,5,1,1.244965e-001,0,,0,
1745294488.041,,2.500000e+004,1.551034e+002,8.264549e-003,0.000000e+000,1.401019e-002,0.000000e+000,3,8.800369e-001,1.825000e+000,,,,,,,,,,,,,,,,,,0,4.000000e+000,1.000000e+000,5,1,1.410065e-001,0,,0,
1745294550.645,,2.500000e+004,1.560938e+002,8.090856e-003,0.000000e+000,1.558861e-002,0.000000e+000,3,8.796905e-001,1.825000e+000,,,,,,,,,,,,,,,,,,0,4.000000e+000,1.000000e+000,5,1,1.477051e-001,0,,0,
1745294613.100,,2.500000e+004,1.570824e+002,7.926950e-003,0.000000e+000,1.539064e-002,0.000000e+000,3,8.759519e-001,1.825000e+000,,,,,,,,,,,,,,,,,,0,4.000000e+000,1.000000e+000,5,1,1.596985e-001,0,,0,
1745294677.066,,2.500000e+004,1.581003e+002,7.763966e-003,0.000000e+000,1.402709e-002,0.000000e+000,3,8.706892e-001,1.825000e+000,,,,,,,,,,,,,,,,,,0,4.000000e+000,1.000000e+000,5,1,1.354980e-001,0,,0,
1745294738.640,,2.500000e+004,1.590982e+002,7.600739e-003,0.000000e+000,1.485911e-002,0.000000e+000,3,8.668211e-001,1.825000e+000,,,,,,,,,,,,,,,,,,0,4.000000e+000,1.000000e+000,5,1,1.421967e-001,0,,0,
1745294798.775,,2.500000e+004,1.600807e+002,7.402645e-003,0.000000e+000,2.249786e-002,0.000000e+000,3,8.738821e-001,1.825000e+000,,,,,,,,,,,,,,,,,,0,4.000000e+000,1.000000e+000,5,1,1.492004e-001,0,,0,
1745294860.658,,2.500000e+004,1.611116e+002,7.242246e-003,0.000000e+000,1.964769e-002,0.000000e+000,3,8.657291e-001,1.825000e+000,,,,,,,,,,,,,,,,,,0,4.000000e+000,1.000000e+000,5,1,1.132050e-001,0,,0,
1745294919.438,,2.500000e+004,1.621003e+002,7.072577e-003,0.000000e+000,2.011082e-002,0.000000e+000,3,8.621482e-001,1.825000e+000,,,,,,,,,,,,,,,,,,0,4.000000e+000,1.000000e+000,5,1,1.415100e-001,0,,0,
1745294978.107,,2.500000e+004,1.630909e+002,6.893560e-003,0.000000e+000,2.404671e-002,0.000000e+000,3,8.623117e-001,1.825000e+000,,,,,,,,,,,,,,,,,,0,4.000000e+000,1.000000e+000,5,1,1.431122e-001,0,,0,
1745295039.490,,2.500000e+004,1.641174e+002,6.738856e-003,0.000000e+000,1.774133e-002,0.000000e+000,3,8.481987e-001,1.825000e+000,,,,,,,,,,,,,,,,,,0,4.000000e+000,1.000000e+000,5,1,1.502075e-001,0,,0,
1745295097.521,,2.500000e+004,1.650907e+002,6.564186e-003,0.000000e+000,2.066038e-002,0.000000e+000,3,8.471399e-001,1.825000e+000,,,,,,,,,,,,,,,,,,0,4.000000e+000,1.000000e+000,5,1,1.405945e-001,0,,0,
1745295158.171,,2.500000e+004,1.660855e+002,6.382001e-003,0.000000e+000,2.418720e-002,0.000000e+000,3,8.473336e-001,1.825000e+000,,,,,,,,,,,,,,,,,,0,4.000000e+000,1.000000e+000,5,1,1.421051e-001,0,,0,
1745295229.662,,2.500000e+004,1.672549e+002,6.084586e-003,0.000000e+000,1.766400e-002,0.000000e+000,3,9.646907e-001,1.825000e+000,,,,,,,,,,,,,,,,,,0,4.000000e+000,1.000000e+000,5,1,1.380005e-001,0,,0,
1745295281.233,,2.500000e+004,1.680900e+002,5.939778e-003,0.000000e+000,1.846181e-002,0.000000e+000,3,9.635940e-001,1.825000e+000,,,,,,,,,,,,,,,,,,0,4.000000e+000,1.000000e+000,5,1,1.452026e-001,0,,0,
1745295343.842,,2.500000e+004,1.691230e+002,5.772795e-003,0.000000e+000,1.910210e-002,0.000000e+000,3,9.612084e-001,1.825000e+000,,,,,,,,,,,,,,,,,,0,4.000000e+000,1.000000e+000,5,1,1.350098e-001,0,,0,
1745295403.858,,2.500000e+004,1.700902e+002,5.604152e-003,0.000000e+000,2.101584e-002,0.000000e+000,3,9.625841e-001,1.825000e+000,,,,,,,,,,,,,,,,,,0,4.000000e+000,1.000000e+000,5,1,1.601105e-001,0,,0,
1745295462.867,,2.500000e+004,1.710733e+002,5.450769e-003,0.000000e+000,2.088867e-002,0.000000e+000,3,9.584873e-001,1.825000e+000,,,,,,,,,,,,,,,,,,0,4.000000e+000,1.000000e+000,5,1,1.376953e-001,0,,0,
1745295524.668,,2.500000e+004,1.720968e+002,5.280210e-003,0.000000e+000,2.277222e-002,0.000000e+000,3,9.592735e-001,1.825000e+000,,,,,,,,,,,,,,,,,,0,4.000000e+000,1.000000e+000,5,1,1.391907e-001,0,,0,
1745295583.752,,2.500000e+004,1.730883e+002,5.128038e-003,0.000000e+000,2.421544e-002,0.000000e+000,3,9.574518e-001,1.825000e+000,,,,,,,,,,,,,,,,,,0,4.000000e+000,1.000000e+000,5,1,1.528931e-001,0,,0,
1745295644.673,,2.500000e+004,1.741086e+002,4.968070e-003,0.000000e+000,2.560777e-002,0.000000e+000,3,9.572355e-001,1.825000e+000,,,,,,,,,,,,,,,,,,0,4.000000e+000,1.000000e+000,5,1,1.421051e-001,0,,0,
1745295704.157,,2.500000e+004,1.750898e+002,4.823942e-003,0.000000e+000,2.555788e-002,0.000000e+000,3,9.519567e-001,1.825000e+000,,,,,,,,,,,,,,,,,,0,4.000000e+000,1.000000e+000,5,1,1.434937e-001,0,,0,
1745295766.266,,2.500000e+004,1.761186e+002,4.675543e-003,0.000000e+000,2.725770e-002,0.000000e+000,3,9.509460e-001,1.825000e+000,,,,,,,,,,,,,,,,,,0,4.000000e+000,1.000000e+000,5,1,1.324005e-001,0,,0,
1745295826.698,,2.500000e+004,1.770945e+002,4.531042e-003,0.000000e+000,2.987413e-002,0.000000e+000,3,9.523172e-001,1.825000e+000,,,,,,,,,,,,,,,,,,0,4.000000e+000,1.000000e+000,5,1,1.463928e-001,0,,0,
1745295887.582,,2.500000e+004,1.780833e+002,4.395857e-003,0.000000e+000,2.990993e-002,0.000000e+000,3,9.469196e-001,1.825000e+000,,,,,,,,,,,,,,,,,,0,4.000000e+000,1.000000e+000,5,1,1.415100e-001,0,,0,
1745295950.276,,2.500000e+004,1.790982e+002,4.260216e-003,0.000000e+000,3.034565e-002,0.000000e+000,3,9.434401e-001,1.825000e+000,,,,,,,,,,,,,,,,,,0,4.000000e+000,1.000000e+000,5,1,1.428986e-001,0,,0,
1745296010.656,,2.500000e+004,1.800907e+002,4.127413e-003,0.000000e+000,3.381397e-002,0.000000e+000,3,9.458011e-001,1.825000e+000,,,,,,,,,,,,,,,,,,0,4.000000e+000,1.000000e+000,5,1,1.444092e-001,0,,0,
1745296073.130,,2.500000e+004,1.811228e+002,3.996222e-003,0.000000e+000,3.530509e-002,0.000000e+000,3,9.436888e-001,1.825000e+000,,,,,,,,,,,,,,,,,,0,4.000000e+000,1.000000e+000,5,1,1.524963e-001,0,,0,
1745296132.979,,2.500000e+004,1.821053e+002,3.870650e-003,0.000000e+000,3.800372e-002,0.000000e+000,3,9.441700e-001,1.825000e+000,,,,,,,,,,,,,,,,,,0,4.000000e+000,1.000000e+000,5,1,1.473083e-001,0,,0,
1745296191.558,,2.500000e+004,1.830835e+002,3.755943e-003,0.000000e+000,3.757646e-002,0.000000e+000,3,9.373280e-001,1.825000e+000,,,,,,,,,,,,,,,,,,0,4.000000e+000,1.000000e+000,5,1,1.419067e-001,0,,0,
1745296252.476,,2.500000e+004,1.841160e+002,3.634658e-003,0.000000e+000,4.180344e-002,0.000000e+000,3,9.408466e-001,1.825000e+000,,,,,,,,,,,,,,,,,,0,4.000000e+000,1.000000e+000,5,1,1.434021e-001,0,,0,
1745296312.023,,2.500000e+004,1.850935e+002,3.519097e-003,0.000000e+000,4.555117e-002,0.000000e+000,3,9.428359e-001,1.825000e+000,,,,,,,,,,,,,,,,,,0,4.000000e+000,1.000000e+000,5,1,1.240997e-001,0,,0,
1745296373.734,,2.500000e+004,1.861014e+002,3.413513e-003,0.000000e+000,4.537160e-002,0.000000e+000,3,9.362553e-001,1.825000e+000,,,,,,,,,,,,,,,,,,0,4.000000e+000,1.000000e+000,5,1,1.601105e-001,0,,0,
1745296435.205,,2.500000e+004,1.870843e+002,3.309911e-003,0.000000e+000,4.798225e-002,0.000000e+000,3,9.355133e-001,1.825000e+000,,,,,,,,,,,,,,,,,,0,4.000000e+000,1.000000e+000,5,1,1.547089e-001,0,,0,
1745296497.139,,2.500000e+004,1.880659e+002,3.214510e-003,0.000000e+000,4.701563e-002,0.000000e+000,3,9.262745e-001,1.825000e+000,,,,,,,,,,,,,,,,,,0,4.000000e+000,1.000000e+000,5,1,1.277008e-001,0,,0,
1745296563.239,,2.500000e+004,1.891069e+002,3.112319e-003,0.000000e+000,5.136321e-002,0.000000e+000,3,9.297597e-001,1.825000e+000,,,,,,,,,,,,,,,,,,0,4.000000e+000,1.000000e+000,5,1,1.289978e-001,0,,0,
1745296625.617,,2.500000e+004,1.900970e+002,3.022805e-003,0.000000e+000,5.135895e-002,0.000000e+000,3,9.215823e-001,1.825000e+000,,,,,,,,,,,,,,,,,,0,4.000000e+000,1.000000e+000,5,1,1.374969e-001,0,,0,
1745296688.395,,2.500000e+004,1.911074e+002,2.930589e-003,0.000000e+000,5.548925e-002,0.000000e+000,3,9.232676e-001,1.825000e+000,,,,,,,,,,,,,,,,,,0,4.000000e+000,1.000000e+000,5,1,1.241913e-001,0,,0,
1745296748.274,,2.500000e+004,1.920983e+002,2.844449e-003,0.000000e+000,5.727512e-002,0.000000e+000,3,9.203987e-001,1.825000e+000,,,,,,,,,,,,,,,,,,0,4.000000e+000,1.000000e+000,5,1,1.401062e-001,0,,0,
1745296809.308,,2.500000e+004,1.931021e+002,2.757885e-003,0.000000e+000,5.943467e-002,0.000000e+000,3,9.172461e-001,1.825000e+000,,,,,,,,,,,,,,,,,,0,4.000000e+000,1.000000e+000,5,1,1.638031e-001,0,,0,
1745296868.682,,2.500000e+004,1.941043e+002,2.677895e-003,0.000000e+000,6.224035e-002,0.000000e+000,3,9.152558e-001,1.825000e+000,,,,,,,,,,,,,,,,,,0,4.000000e+000,1.000000e+000,5,1,1.804047e-001,0,,0,
1745296927.578,,2.500000e+004,1.950970e+002,2.601862e-003,0.000000e+000,6.434067e-002,0.000000e+000,3,9.111949e-001,1.825000e+000,,,,,,,,,,,,,,,,,,0,4.000000e+000,1.000000e+000,5,1,1.593018e-001,0,,0,
1745296988.449,,2.500000e+004,1.961143e+002,2.522801e-003,0.000000e+000,6.901866e-002,0.000000e+000,3,9.129900e-001,1.825000e+000,,,,,,,,,,,,,,,,,,0,4.000000e+000,1.000000e+000,5,1,1.530914e-001,0,,0,
1745297047.982,,2.500000e+004,1.970872e+002,2.452850e-003,0.000000e+000,7.014830e-002,0.000000e+000,3,9.066718e-001,1.825000e+000,,,,,,,,,,,,,,,,,,0,4.000000e+000,1.000000e+000,5,1,1.468964e-001,0,,0,
1745297110.216,,2.500000e+004,1.980767e+002,2.383561e-003,0.000000e+000,7.316382e-002,0.000000e+000,3,9.043589e-001,1.825000e+000,,,,,,,,,,,,,,,,,,0,4.000000e+000,1.000000e+000,5,1,1.403046e-001,0,,0,
1745297173.406,,2.500000e+004,1.990753e+002,2.316817e-003,0.000000e+000,7.537292e-002,0.000000e+000,3,9.012765e-001,1.825000e+000,,,,,,,,,,,,,,,,,,0,4.000000e+000,1.000000e+000,5,1,1.337891e-001,0,,0,
1745297237.651,,2.500000e+004,2.000790e+002,2.252762e-003,0.000000e+000,7.927918e-002,0.000000e+000,3,8.997864e-001,1.825000e+000,,,,,,,,,,,,,,,,,,0,4.000000e+000,1.000000e+000,5,1,1.190948e-001,0,,0,
1745297300.922,,2.500000e+004,2.010762e+002,2.186795e-003,0.000000e+000,8.444472e-002,0.000000e+000,3,9.020894e-001,1.825000e+000,,,,,,,,,,,,,,,,,,0,4.000000e+000,1.000000e+000,5,1,1.521912e-001,0,,0,
1745297363.943,,2.500000e+004,2.021026e+002,2.128373e-003,0.000000e+000,8.305908e-002,0.000000e+000,3,8.898658e-001,1.825000e+000,,,,,,,,,,,,,,,,,,0,4.000000e+000,1.000000e+000,5,1,1.455994e-001,0,,0,
1745297423.468,,2.500000e+004,2.030773e+002,2.071970e-003,0.000000e+000,8.406867e-002,0.000000e+000,3,8.828785e-001,1.825000e+000,,,,,,,,,,,,,,,,,,0,4.000000e+000,1.000000e+000,5,1,1.304932e-001,0,,0,
1745297484.579,,2.500000e+004,2.041019e+002,2.012690e-003,0.000000e+000,9.136262e-002,0.000000e+000,3,8.893942e-001,1.825000e+000,,,,,,,,,,,,,,,,,,0,4.000000e+000,1.000000e+000,5,1,1.318054e-001,0,,0,
1745297542.882,,2.500000e+004,2.050943e+002,1.962338e-003,0.000000e+000,9.424035e-002,0.000000e+000,3,8.846901e-001,1.825000e+000,,,,,,,,,,,,,,,,,,0,4.000000e+000,1.000000e+000,5,1,1.329041e-001,0,,0,
1745297602.949,,2.500000e+004,2.060915e+002,1.909110e-003,0.000000e+000,9.611166e-002,0.000000e+000,3,8.787327e-001,1.825000e+000,,,,,,,,,,,,,,,,,,0,4.000000e+000,1.000000e+000,5,1,1.591949e-001,0,,0,
1745297664.399,,2.500000e+004,2.070988e+002,1.858797e-003,0.000000e+000,9.828956e-002,0.000000e+000,3,8.737743e-001,1.825000e+000,,,,,,,,,,,,,,,,,,0,4.000000e+000,1.000000e+000,5,1,1.437988e-001,0,,0,
1745297725.284,,2.500000e+004,2.080842e+002,1.810793e-003,0.000000e+000,1.014415e-001,0.000000e+000,3,8.697500e-001,1.825000e+000,,,,,,,,,,,,,,,,,,0,4.000000e+000,1.000000e+000,5,1,1.449890e-001,0,,0,
1745297789.440,,2.500000e+004,2.091043e+002,1.762162e-003,0.000000e+000,1.041517e-001,0.000000e+000,3,8.639837e-001,1.825000e+000,,,,,,,,,,,,,,,,,,0,4.000000e+000,1.000000e+000,5,1,1.291962e-001,0,,0,
1745297851.312,,2.500000e+004,2.100902e+002,1.714104e-003,0.000000e+000,1.152501e-001,0.000000e+000,3,8.768627e-001,1.825000e+000,,,,,,,,,,,,,,,,,,0,4.000000e+000,1.000000e+000,5,1,1.476898e-001,0,,0,
1745297913.722,,2.500000e+004,2.110892e+002,1.676941e-003,0.000000e+000,1.157806e-001,0.000000e+000,3,8.641669e-001,1.825000e+000,,,,,,,,,,,,,,,,,,0,4.000000e+000,1.000000e+000,5,1,1.227112e-001,0,,0,
1745297976.977,,2.500000e+004,2.121060e+002,1.631680e-003,0.000000e+000,1.166999e-001,0.000000e+000,3,8.581792e-001,1.825000e+000,,,,,,,,,,,,,,,,,,0,4.000000e+000,1.000000e+000,5,1,1.325989e-001,0,,0,
1745298037.561,,2.500000e+004,2.131096e+002,1.591025e-003,0.000000e+000,1.203101e-001,0.000000e+000,3,8.545914e-001,1.825000e+000,,,,,,,,,,,,,,,,,,0,4.000000e+000,1.000000e+000,5,1,1.158905e-001,0,,0,
1745298105.679,,2.500000e+004,2.142256e+002,1.523980e-003,0.000000e+000,1.187237e-001,0.000000e+000,3,9.250060e-001,1.825000e+000,,,,,,,,,,,,,,,,,,0,4.000000e+000,1.000000e+000,5,1,1.620941e-001,0,,0,
1745298157.997,,2.500000e+004,2.151071e+002,1.490989e-003,0.000000e+000,1.213944e-001,0.000000e+000,3,9.214429e-001,1.825000e+000,,,,,,,,,,,,,,,,,,0,4.000000e+000,1.000000e+000,5,1,1.542969e-001,0,,0,
1745298216.464,,2.500000e+004,2.160916e+002,1.454881e-003,0.000000e+000,1.258964e-001,0.000000e+000,3,9.215683e-001,1.825000e+000,,,,,,,,,,,,,,,,,,0,4.000000e+000,1.000000e+000,5,1,1.373901e-001,0,,0,
1745298275.748,,2.500000e+004,2.170706e+002,1.419394e-003,0.000000e+000,1.299329e-001,0.000000e+000,3,9.202871e-001,1.825000e+000,,,,,,,,,,,,,,,,,,0,4.000000e+000,1.000000e+000,5,1,1.293030e-001,0,,0,
1745298338.007,,2.500000e+004,2.181139e+002,1.384613e-003,0.000000e+000,1.345201e-001,0.000000e+000,3,9.201637e-001,1.825000e+000,,,,,,,,,,,,,,,,,,0,4.000000e+000,1.000000e+000,5,1,1.396942e-001,0,,0,
1745298398.506,,2.500000e+004,2.191100e+002,1.352600e-003,0.000000e+000,1.342395e-001,0.000000e+000,3,9.059541e-001,1.825000e+000,,,,,,,,,,,,,,,,,,0,4.000000e+000,1.000000e+000,5,1,1.315002e-001,0,,0,
1745298458.345,,2.500000e+004,2.200816e+002,1.320414e-003,0.000000e+000,1.412798e-001,0.000000e+000,3,9.126613e-001,1.825000e+000,,,,,,,,,,,,,,,,,,0,4.000000e+000,1.000000e+000,5,1,1.325989e-001,0,,0,
1745298519.928,,2.500000e+004,2.210994e+002,1.290096e-003,0.000000e+000,1.457936e-001,0.000000e+000,3,9.114794e-001,1.825000e+000,,,,,,,,,,,,,,,,,,0,4.000000e+000,1.000000e+000,5,1,1.338043e-001,0,,0,
1745298580.728,,2.500000e+004,2.221068e+002,1.258788e-003,0.000000e+000,1.479338e-001,0.000000e+000,3,9.033846e-001,1.825000e+000,,,,,,,,,,,,,,,,,,0,4.000000e+000,1.000000e+000,5,1,1.156006e-001,0,,0,
1745298640.881,,2.500000e+004,2.231227e+002,1.230049e-003,0.000000e+000,1.552093e-001,0.000000e+000,3,9.098086e-001,1.825000e+000,,,,,,,,,,,,,,,,,,0,4.000000e+000,1.000000e+000,5,1,1.360931e-001,0,,0,
1745298699.699,,2.500000e+004,2.240984e+002,1.202566e-003,0.000000e+000,1.578300e-001,0.000000e+000,3,9.026983e-001,1.825000e+000,,,,,,,,,,,,,,,,,,0,4.000000e+000,1.000000e+000,5,1,1.371002e-001,0,,0,
1745298759.064,,2.500000e+004,2.250871e+002,1.175735e-003,0.000000e+000,1.622567e-001,0.000000e+000,3,9.005842e-001,1.825000e+000,,,,,,,,,,,,,,,,,,0,4.000000e+000,1.000000e+000,5,1,1.481018e-001,0,,0,
1745298819.448,,2.500000e+004,2.260988e+002,1.149699e-003,0.000000e+000,1.676450e-001,0.000000e+000,3,9.004555e-001,1.825000e+000,,,,,,,,,,,,,,,,,,0,4.000000e+000,1.000000e+000,5,1,1.692963e-001,0,,0,
1745298879.453,,2.500000e+004,2.270939e+002,1.123717e-003,0.000000e+000,1.706754e-001,0.000000e+000,3,8.948739e-001,1.825000e+000,,,,,,,,,,,,,,,,,,0,4.000000e+000,1.000000e+000,5,1,1.405945e-001,0,,0,
1745298940.867,,2.500000e+004,2.281125e+002,1.099779e-003,0.000000e+000,1.730383e-001,0.000000e+000,3,8.867602e-001,1.825000e+000,,,,,,,,,,,,,,,,,,0,4.000000e+000,1.000000e+000,5,1,1.215057e-001,0,,0,
1745299001.851,,2.500000e+004,2.290936e+002,1.076434e-003,0.000000e+000,1.800761e-001,0.000000e+000,3,8.911405e-001,1.825000e+000,,,,,,,,,,,,,,,,,,0,4.000000e+000,1.000000e+000,5,1,1.327972e-001,0,,0,
1745299066.169,,2.500000e+004,2.301084e+002,1.052240e-003,0.000000e+000,1.813864e-001,0.000000e+000,3,8.781459e-001,1.825000e+000,,,,,,,,,,,,,,,,,,0,4.000000e+000,1.000000e+000,5,1,1.131897e-001,0,,0,
1745299127.608,,2.500000e+004,2.310901e+002,1.031883e-003,0.000000e+000,1.888502e-001,0.000000e+000,3,8.822769e-001,1.825000e+000,,,,,,,,,,,,,,,,,,0,4.000000e+000,1.000000e+000,5,1,1.557007e-001,0,,0,
1745299191.039,,2.500000e+004,2.320797e+002,1.008750e-003,0.000000e+000,1.944587e-001,0.000000e+000,3,8.815573e-001,1.825000e+000,,,,,,,,,,,,,,,,,,0,4.000000e+000,1.000000e+000,5,1,1.360016e-001,0,,0,
1745299255.301,,2.500000e+004,2.330961e+002,9.881528e-004,0.000000e+000,1.957084e-001,0.000000e+000,3,8.691597e-001,1.825000e+000,,,,,,,,,,,,,,,,,,0,4.000000e+000,1.000000e+000,5,1,1.535950e-001,0,,0,
1745299316.577,,2.500000e+004,2.340998e+002,9.684017e-004,0.000000e+000,2.047699e-001,0.000000e+000,3,8.769594e-001,1.825000e+000,,,,,,,,,,,,,,,,,,0,4.000000e+000,1.000000e+000,5,1,1.594086e-001,0,,0,
1745299378.328,,2.500000e+004,2.351140e+002,9.478329e-004,0.000000e+000,2.100023e-001,0.000000e+000,3,8.747286e-001,1.825000e+000,,,,,,,,,,,,,,,,,,0,4.000000e+000,1.000000e+000,5,1,1.607971e-001,0,,0,
1745299436.689,,2.500000e+004,2.360772e+002,9.291669e-004,0.000000e+000,2.127438e-001,0.000000e+000,3,8.661225e-001,1.825000e+000,,,,,,,,,,,,,,,,,,0,4.000000e+000,1.000000e+000,5,1,1.511993e-001,0,,0,
1745299495.990,,2.500000e+004,2.370806e+002,9.105502e-004,0.000000e+000,2.216065e-001,0.000000e+000,3,8.713479e-001,1.825000e+000,,,,,,,,,,,,,,,,,,0,4.000000e+000,1.000000e+000,5,1,1.416016e-001,0,,0,
1745299556.650,,2.500000e+004,2.381031e+002,8.927959e-004,0.000000e+000,2.208616e-001,0.000000e+000,3,8.531933e-001,1.825000e+000,,,,,,,,,,,,,,,,,,0,4.000000e+000,1.000000e+000,5,1,1.536865e-001,0,,0,
1745299616.715,,2.500000e+004,2.391010e+002,8.738844e-004,0.000000e+000,2.248565e-001,0.000000e+000,3,8.470795e-001,1.825000e+000,,,,,,,,,,,,,,,,,,0,4.000000e+000,1.000000e+000,5,1,1.661072e-001,0,,0,
1745299677.097,,2.500000e+004,2.400844e+002,8.576282e-004,0.000000e+000,2.317099e-001,0.000000e+000,3,8.475350e-001,1.825000e+000,,,,,,,,,,,,,,,,,,0,4.000000e+000,1.000000e+000,5,1,1.338043e-001,0,,0,
1745299739.082,,2.500000e+004,2.411093e+002,8.406190e-004,0.000000e+000,2.335817e-001,0.000000e+000,3,8.350064e-001,1.825000e+000,,,,,,,,,,,,,,,,,,0,4.000000e+000,1.000000e+000,5,1,1.687012e-001,0,,0,
1745299800.441,,2.500000e+004,2.420803e+002,8.238372e-004,0.000000e+000,2.388430e-001,0.000000e+000,3,8.310208e-001,1.825000e+000,,,,,,,,,,,,,,,,,,0,4.000000e+000,1.000000e+000,5,1,1.473999e-001,0,,0,
1745299863.608,,2.500000e+004,2.431044e+002,8.116141e-004,0.000000e+000,2.491071e-001,0.000000e+000,3,8.420184e-001,1.825000e+000,,,,,,,,,,,,,,,,,,0,4.000000e+000,1.000000e+000,5,1,1.484985e-001,0,,0,
1745299923.680,,2.500000e+004,2.440793e+002,7.966151e-004,0.000000e+000,2.534394e-001,0.000000e+000,3,8.342891e-001,1.825000e+000,,,,,,,,,,,,,,,,,,0,4.000000e+000,1.000000e+000,5,1,1.265869e-001,0,,0,
1745299983.996,,2.500000e+004,2.450790e+002,7.827510e-004,0.000000e+000,2.592786e-001,0.000000e+000,3,8.319562e-001,1.825000e+000,,,,,,,,,,,,,,,,,,0,4.000000e+000,1.000000e+000,5,1,1.392975e-001,0,,0,
1745300056.104,,2.500000e+004,2.462563e+002,7.534075e-004,0.000000e+000,2.642314e-001,0.000000e+000,3,8.406531e-001,1.825000e+000,,,,,,,,,,,,,,,,,,0,4.000000e+000,1.000000e+000,5,1,1.640015e-001,0,,0,
1745300107.058,,2.500000e+004,2.471021e+002,7.418239e-004,0.000000e+000,2.698979e-001,0.000000e+000,3,8.382673e-001,1.825000e+000,,,,,,,,,,,,,,,,,,0,4.000000e+000,1.000000e+000,5,1,1.649933e-001,0,,0,
1745300167.769,,2.500000e+004,2.481256e+002,7.287132e-004,0.000000e+000,2.760605e-001,0.000000e+000,3,8.349926e-001,1.825000e+000,,,,,,,,,,,,,,,,,,0,4.000000e+000,1.000000e+000,5,1,1.306915e-001,0,,0,
1745300226.422,,2.500000e+004,2.490796e+002,7.160755e-004,0.000000e+000,2.805394e-001,0.000000e+000,3,8.286586e-001,1.825000e+000,,,,,,,,,,,,,,,,,,0,4.000000e+000,1.000000e+000,5,1,1.316986e-001,0,,0,
1745300288.582,,2.500000e+004,2.500826e+002,7.041338e-004,0.000000e+000,2.875595e-001,0.000000e+000,3,8.260986e-001,1.825000e+000,,,,,,,,,,,,,,,,,,0,4.000000e+000,1.000000e+000,5,1,1.206055e-001,0,,0,
1745300352.603,,2.500000e+004,2.510995e+002,6.918666e-004,0.000000e+000,2.932040e-001,0.000000e+000,3,8.221963e-001,1.825000e+000,,,,,,,,,,,,,,,,,,0,4.000000e+000,1.000000e+000,5,1,1.457977e-001,0,,0,
1745300415.435,,2.500000e+004,2.520814e+002,6.801929e-004,0.000000e+000,2.993722e-001,0.000000e+000,3,8.170633e-001,1.825000e+000,,,,,,,,,,,,,,,,,,0,4.000000e+000,1.000000e+000,5,1,1.345978e-001,0,,0,
1745300479.919,,2.500000e+004,2.530892e+002,6.692167e-004,0.000000e+000,3.067000e-001,0.000000e+000,3,8.157160e-001,1.825000e+000,,,,,,,,,,,,,,,,,,0,4.000000e+000,1.000000e+000,5,1,1.358032e-001,0,,0,
1745300545.467,,2.500000e+004,2.541109e+002,6.581203e-004,0.000000e+000,3.131886e-001,0.000000e+000,3,8.111523e-001,1.825000e+000,,,,,,,,,,,,,,,,,,0,4.000000e+000,1.000000e+000,5,1,1.492004e-001,0,,0,
1745300609.048,,2.500000e+004,2.551093e+002,6.477794e-004,0.000000e+000,3.191498e-001,0.000000e+000,3,8.069767e-001,1.825000e+000,,,,,,,,,,,,,,,,,,0,4.000000e+000,1.000000e+000,5,1,1.253052e-001,0,,0,
1745300669.541,,2.500000e+004,2.560962e+002,6.378603e-004,0.000000e+000,3.260315e-001,0.000000e+000,3,8.030344e-001,1.825000e+000,,,,,,,,,,,,,,,,,,0,4.000000e+000,1.000000e+000,5,1,1.387939e-001,0,,0,
1745300732.300,,2.500000e+004,2.571158e+002,6.274565e-004,0.000000e+000,3.320121e-001,0.000000e+000,3,7.975752e-001,1.825000e+000,,,,,,,,,,,,,,,,,,0,4.000000e+000,1.000000e+000,5,1,1.526184e-001,0,,0,
1745300791.070,,2.500000e+004,2.581047e+002,6.184725e-004,0.000000e+000,3.403552e-001,0.000000e+000,3,7.961404e-001,1.825000e+000,,,,,,,,,,,,,,,,,,0,4.000000e+000,1.000000e+000,5,1,1.408997e-001,0,,0,
1745300849.922,,2.500000e+004,2.590947e+002,6.089350e-004,0.000000e+000,3.464025e-001,0.000000e+000,3,7.903872e-001,1.825000e+000,,,,,,,,,,,,,,,,,,0,4.000000e+000,1.000000e+000,5,1,1.418762e-001,0,,0,
1745300909.352,,2.500000e+004,2.601112e+002,6.001192e-004,0.000000e+000,3.532952e-001,0.000000e+000,3,7.870193e-001,1.825000e+000,,,,,,,,,,,,,,,,,,0,4.000000e+000,1.000000e+000,5,1,1.300049e-001,0,,0,
1745300968.729,,2.500000e+004,2.610962e+002,5.912428e-004,0.000000e+000,3.601905e-001,0.000000e+000,3,7.818431e-001,1.825000e+000,,,,,,,,,,,,,,,,,,0,4.000000e+000,1.000000e+000,5,1,1.177979e-001,0,,0,
1745301028.288,,2.500000e+004,2.620751e+002,5.833961e-004,0.000000e+000,3.676213e-001,0.000000e+000,3,7.785422e-001,1.825000e+000,,,,,,,,,,,,,,,,,,0,4.000000e+000,1.000000e+000,5,1,1.318054e-001,0,,0,
1745301092.280,,2.500000e+004,2.631142e+002,5.748293e-004,0.000000e+000,3.741650e-001,0.000000e+000,3,7.727547e-001,1.825000e+000,,,,,,,,,,,,,,,,,,0,4.000000e+000,1.000000e+000,5,1,1.461792e-001,0,,0,
1745301157.539,,2.500000e+004,2.640847e+002,5.672261e-004,0.000000e+000,3.834957e-001,0.000000e+000,3,7.712913e-001,1.825000e+000,,,,,,,,,,,,,,,,,,0,4.000000e+000,1.000000e+000,5,1,1.607056e-001,0,,0,
1745301220.729,,2.500000e+004,2.651066e+002,5.587427e-004,0.000000e+000,3.899258e-001,0.000000e+000,3,7.649546e-001,1.825000e+000,,,,,,,,,,,,,,,,,,0,4.000000e+000,1.000000e+000,5,1,1.619873e-001,0,,0,
1745301280.065,,2.500000e+004,2.660889e+002,5.521720e-004,0.000000e+000,3.981178e-001,0.000000e+000,3,7.623973e-001,1.825000e+000,,,,,,,,,,,,,,,,,,0,4.000000e+000,1.000000e+000,5,1,1.496887e-001,0,,0,
1745301340.694,,2.500000e+004,2.670925e+002,5.452873e-004,0.000000e+000,4.060918e-001,0.000000e+000,3,7.582952e-001,1.825000e+000,,,,,,,,,,,,,,,,,,0,4.000000e+000,1.000000e+000,5,1,1.371155e-001,0,,0,
1745301402.101,,2.500000e+004,2.681107e+002,5.379417e-004,0.000000e+000,4.130397e-001,0.000000e+000,3,7.537227e-001,1.825000e+000,,,,,,,,,,,,,,,,,,0,4.000000e+000,1.000000e+000,5,1,1.657104e-001,0,,0,
1745301460.389,,2.500000e+004,2.691020e+002,5.314600e-004,0.000000e+000,4.198395e-001,0.000000e+000,3,7.471933e-001,1.825000e+000,,,,,,,,,,,,,,,,,,0,4.000000e+000,1.000000e+000,5,1,1.529846e-001,0,,0,
1745301520.423,,2.500000e+004,2.701148e+002,5.254595e-004,0.000000e+000,4.292658e-001,0.000000e+000,3,7.453861e-001,1.825000e+000,,,,,,,,,,,,,,,,,,0,4.000000e+000,1.000000e+000,5,1,1.401978e-001,0,,0,
1745301579.518,,2.500000e+004,2.711072e+002,5.195435e-004,0.000000e+000,4.367412e-001,0.000000e+000,3,7.405822e-001,1.825000e+000,,,,,,,,,,,,,,,,,,0,4.000000e+000,1.000000e+000,5,1,1.553955e-001,0,,0,
1745301641.295,,2.500000e+004,2.721141e+002,5.130262e-004,0.000000e+000,4.442340e-001,0.000000e+000,3,7.356384e-001,1.825000e+000,,,,,,,,,,,,,,,,,,0,4.000000e+000,1.000000e+000,5,1,1.566162e-001,0,,0,
1745301700.019,,2.500000e+004,2.730856e+002,5.075741e-004,0.000000e+000,4.516810e-001,0.000000e+000,3,7.300283e-001,1.825000e+000,,,,,,,,,,,,,,,,,,0,4.000000e+000,1.000000e+000,5,1,1.576843e-001,0,,0,
1745301764.530,,2.500000e+004,2.741293e+002,5.019254e-004,0.000000e+000,4.603328e-001,0.000000e+000,3,7.259570e-001,1.825000e+000,,,,,,,,,,,,,,,,,,0,4.000000e+000,1.000000e+000,5,1,1.445007e-001,0,,0,
1745301825.999,,2.500000e+004,2.750937e+002,4.966957e-004,0.000000e+000,4.680035e-001,0.000000e+000,3,7.211875e-001,1.825000e+000,,,,,,,,,,,,,,,,,,0,4.000000e+000,1.000000e+000,5,1,1.310120e-001,0,,0,
1745301888.532,,2.500000e+004,2.760944e+002,4.920564e-004,0.000000e+000,4.768497e-001,0.000000e+000,3,7.180687e-001,1.825000e+000,,,,,,,,,,,,,,,,,,0,4.000000e+000,1.000000e+000,5,1,1.466064e-001,0,,0,
1745301951.456,,2.500000e+004,2.771246e+002,4.869006e-004,0.000000e+000,4.849812e-001,0.000000e+000,3,7.133804e-001,1.825000e+000,,,,,,,,,,,,,,,,,,0,4.000000e+000,1.000000e+000,5,1,1.181946e-001,0,,0,
1745302010.565,,2.500000e+004,2.780883e+002,4.827722e-004,0.000000e+000,4.938604e-001,0.000000e+000,3,7.106123e-001,1.825000e+000,,,,,,,,,,,,,,,,,,0,4.000000e+000,1.000000e+000,5,1,1.191101e-001,0,,0,
1745302071.304,,2.500000e+004,2.791037e+002,4.784471e-004,0.000000e+000,5.026740e-001,0.000000e+000,3,7.063829e-001,1.825000e+000,,,,,,,,,,,,,,,,,,0,4.000000e+000,1.000000e+000,5,1,1.497803e-001,0,,0,
1745302132.584,,2.500000e+004,2.801267e+002,4.739365e-004,0.000000e+000,5.108190e-001,0.000000e+000,3,7.024754e-001,1.825000e+000,,,,,,,,,,,,,,,,,,0,4.000000e+000,1.000000e+000,5,1,1.510010e-001,0,,0,
1745302191.124,,2.500000e+004,2.811041e+002,4.696028e-004,0.000000e+000,5.183912e-001,0.000000e+000,3,6.973670e-001,1.825000e+000,,,,,,,,,,,,,,,,,,0,4.000000e+000,1.000000e+000,5,1,1.367798e-001,0,,0,
1745302250.388,,2.500000e+004,2.821114e+002,4.661264e-004,0.000000e+000,5.271162e-001,0.000000e+000,3,6.938528e-001,1.825000e+000,,,,,,,,,,,,,,,,,,0,4.000000e+000,1.000000e+000,5,1,1.377869e-001,0,,0,
1745302310.240,,2.500000e+004,2.831030e+002,4.617056e-004,0.000000e+000,5.344514e-001,0.000000e+000,3,6.882000e-001,1.825000e+000,,,,,,,,,,,,,,,,,,0,4.000000e+000,1.000000e+000,5,1,1.543274e-001,0,,0,
1745302369.271,,2.500000e+004,2.840861e+002,4.582794e-004,0.000000e+000,5.436626e-001,0.000000e+000,3,6.850434e-001,1.825000e+000,,,,,,,,,,,,,,,,,,0,4.000000e+000,1.000000e+000,5,1,1.708984e-001,0,,0,
1745302431.972,,2.500000e+004,2.851151e+002,4.547681e-004,0.000000e+000,5.523980e-001,0.000000e+000,3,6.820047e-001,1.825000e+000,,,,,,,,,,,,,,,,,,0,4.000000e+000,1.000000e+000,5,1,1.407776e-001,0,,0,
1745302492.702,,2.500000e+004,2.861046e+002,4.515317e-004,0.000000e+000,5.610061e-001,0.000000e+000,3,6.785647e-001,1.825000e+000,,,,,,,,,,,,,,,,,,0,4.000000e+000,1.000000e+000,5,1,1.418152e-001,0,,0,
1745302553.889,,2.500000e+004,2.871010e+002,4.486671e-004,0.000000e+000,5.695847e-001,0.000000e+000,3,6.748632e-001,1.825000e+000,,,,,,,,,,,,,,,,,,0,4.000000e+000,1.000000e+000,5,1,1.745911e-001,0,,0,
1745302614.488,,2.500000e+004,2.881124e+002,4.447777e-004,0.000000e+000,5.771757e-001,0.000000e+000,3,6.700883e-001,1.825000e+000,,,,,,,,,,,,,,,,,,0,4.000000e+000,1.000000e+000,5,1,1.278992e-001,0,,0,
1745302673.853,,2.500000e+004,2.890829e+002,4.418480e-004,0.000000e+000,5.853553e-001,0.000000e+000,3,6.644158e-001,1.825000e+000,,,,,,,,,,,,,,,,,,0,4.000000e+000,1.000000e+000,5,1,1.448975e-001,0,,0,
1745302736.833,,2.500000e+004,2.901166e+002,4.386928e-004,0.000000e+000,5.932316e-001,0.000000e+000,3,6.614267e-001,1.825000e+000,,,,,,,,,,,,,,,,,,0,4.000000e+000,1.000000e+000,5,1,1.459045e-001,0,,0,
1745302795.414,,2.500000e+004,2.911008e+002,4.365244e-004,0.000000e+000,6.023504e-001,0.000000e+000,3,6.595604e-001,1.825000e+000,,,,,,,,,,,,,,,,,,0,4.000000e+000,1.000000e+000,5,1,1.468811e-001,0,,0,
1745302856.265,,2.500000e+004,2.920793e+002,4.339341e-004,0.000000e+000,6.097739e-001,0.000000e+000,3,6.550988e-001,1.825000e+000,,,,,,,,,,,,,,,,,,0,4.000000e+000,1.000000e+000,5,1,1.559753e-001,0,,0,
1745302920.924,,2.500000e+004,2.931100e+002,4.312843e-004,0.000000e+000,6.181179e-001,0.000000e+000,3,6.533190e-001,1.825000e+000,,,,,,,,,,,,,,,,,,0,4.000000e+000,1.000000e+000,5,1,1.240845e-001,0,,0,
1745302983.792,,2.500000e+004,2.941024e+002,4.291895e-004,0.000000e+000,6.266930e-001,0.000000e+000,3,6.502054e-001,1.825000e+000,,,,,,,,,,,,,,,,,,0,4.000000e+000,1.000000e+000,5,1,1.666870e-001,0,,0,
1745303046.584,,2.500000e+004,2.950847e+002,4.265485e-004,0.000000e+000,6.349564e-001,0.000000e+000,3,6.446961e-001,1.825000e+000,,,,,,,,,,,,,,,,,,0,4.000000e+000,1.000000e+000,5,1,1.425171e-001,0,,0,
1745303108.799,,2.500000e+004,2.960905e+002,4.237165e-004,0.000000e+000,6.418467e-001,0.000000e+000,3,6.408480e-001,1.825000e+000,,,,,,,,,,,,,,,,,,0,4.000000e+000,1.000000e+000,5,1,1.181946e-001,0,,0,
1745303170.894,,2.500000e+004,2.970991e+002,4.217495e-004,0.000000e+000,6.503862e-001,0.000000e+000,3,6.366816e-001,1.825000e+000,,,,,,,,,,,,,,,,,,0,4.000000e+000,1.000000e+000,5,1,1.529846e-001,0,,0,
1745303230.722,,2.500000e+004,2.980773e+002,4.198393e-004,0.000000e+000,6.584743e-001,0.000000e+000,3,6.350750e-001,1.825000e+000,,,,,,,,,,,,,,,,,,0,4.000000e+000,1.000000e+000,5,1,1.540833e-001,0,,0,
1745303292.075,,2.500000e+004,2.990911e+002,4.173602e-004,0.000000e+000,6.653396e-001,0.000000e+000,3,6.319020e-001,1.825000e+000,,,,,,,,,,,,,,,,,,0,4.000000e+000,1.000000e+000,5,1,1.723938e-001,0,,0,
1745303583.369,,2.500000e+004,3.001641e+002,4.144233e-004,0.000000e+000,6.748850e-001,0.000000e+000,3,6.276098e-001,1.825000e+000,,,,,,,,,,,,,,,,,,0,4.000000e+000,1.000000e+000,5,1,3.469849e-002,0,,0,
