Voltage (V)	Current (A)
9.999665E-1	2.498869E-6
9.959502E-1	2.480933E-6
9.919471E-1	2.462331E-6
9.879741E-1	2.444250E-6
9.839074E-1	2.424682E-6
9.799296E-1	2.407477E-6
9.759072E-1	2.389167E-6
9.718974E-1	2.371200E-6
9.678874E-1	2.352938E-6
9.639069E-1	2.335048E-6
9.598442E-1	2.315652E-6
9.558536E-1	2.298372E-6
9.518641E-1	2.280849E-6
9.478503E-1	2.263091E-6
9.438556E-1	2.245054E-6
9.398658E-1	2.227319E-6
9.358028E-1	2.210845E-6
9.318268E-1	2.192314E-6
9.277942E-1	2.175208E-6
9.238106E-1	2.157888E-6
9.198074E-1	2.140102E-6
9.157962E-1	2.122766E-6
9.117528E-1	2.105911E-6
9.077519E-1	2.089087E-6
9.037646E-1	2.071569E-6
8.997486E-1	2.054028E-6
8.957451E-1	2.037132E-6
8.917695E-1	2.020980E-6
8.877361E-1	2.003091E-6
8.837183E-1	1.987099E-6
8.796917E-1	1.969169E-6
8.757118E-1	1.953342E-6
8.717258E-1	1.936319E-6
8.677096E-1	1.920260E-6
8.637109E-1	1.903276E-6
8.596544E-1	1.886502E-6
8.556643E-1	1.870680E-6
8.516436E-1	1.854526E-6
8.474113E-1	1.838128E-6
8.436655E-1	1.821631E-6
8.396344E-1	1.805536E-6
8.356059E-1	1.789709E-6
8.316001E-1	1.773181E-6
8.276064E-1	1.757794E-6
8.236233E-1	1.741567E-6
8.196130E-1	1.726148E-6
8.156143E-1	1.710478E-6
8.115409E-1	1.694604E-6
8.075720E-1	1.678979E-6
8.035420E-1	1.663575E-6
7.995546E-1	1.647575E-6
7.955540E-1	1.632976E-6
7.915554E-1	1.617136E-6
7.875575E-1	1.601983E-6
7.835013E-1	1.587155E-6
7.795137E-1	1.572083E-6
7.755225E-1	1.556691E-6
7.714996E-1	1.541229E-6
7.675106E-1	1.526175E-6
7.635290E-1	1.511952E-6
7.594653E-1	1.496910E-6
7.554461E-1	1.481751E-6
7.514620E-1	1.467343E-6
7.474710E-1	1.452561E-6
7.434479E-1	1.438515E-6
7.394578E-1	1.423806E-6
7.353936E-1	1.409731E-6
7.314200E-1	1.395327E-6
7.274218E-1	1.381177E-6
7.233929E-1	1.366756E-6
7.194148E-1	1.353080E-6
7.154300E-1	1.339268E-6
7.113692E-1	1.325143E-6
7.073540E-1	1.310931E-6
7.033589E-1	1.297337E-6
6.993684E-1	1.283396E-6
6.953504E-1	1.269588E-6
6.913537E-1	1.255882E-6
6.873655E-1	1.242676E-6
6.833108E-1	1.228944E-6
6.793193E-1	1.215787E-6
6.753028E-1	1.202545E-6
6.713175E-1	1.189299E-6
6.673238E-1	1.176005E-6
6.633026E-1	1.162833E-6
6.592493E-1	1.149793E-6
6.552606E-1	1.136321E-6
6.512706E-1	1.123962E-6
6.472434E-1	1.111027E-6
6.432714E-1	1.097901E-6
6.392753E-1	1.085330E-6
6.352198E-1	1.072553E-6
6.312135E-1	1.060575E-6
6.272094E-1	1.047617E-6
6.232185E-1	1.035650E-6
6.192284E-1	1.023541E-6
6.152100E-1	1.011190E-6
6.111938E-1	9.988820E-7
6.071932E-1	9.869462E-7
6.032025E-1	9.750312E-7
5.991794E-1	9.630028E-7
5.951959E-1	9.508434E-7
5.912076E-1	9.393357E-7
5.871790E-1	9.272547E-7
5.831591E-1	9.157567E-7
5.791410E-1	9.042209E-7
5.751490E-1	8.928226E-7
5.711634E-1	8.814760E-7
5.671440E-1	8.701184E-7
5.631492E-1	8.589457E-7
5.590919E-1	8.471710E-7
5.551032E-1	8.363671E-7
5.510757E-1	8.252637E-7
5.470909E-1	8.144744E-7
5.430984E-1	8.032592E-7
5.390830E-1	7.923648E-7
5.350507E-1	7.815812E-7
5.310311E-1	7.714033E-7
5.270466E-1	7.605295E-7
5.230430E-1	7.503413E-7
5.190369E-1	7.397008E-7
5.150397E-1	7.294445E-7
5.109900E-1	7.188572E-7
5.069990E-1	7.088096E-7
5.029685E-1	6.985532E-7
4.989741E-1	6.883913E-7
4.949931E-1	6.785388E-7
4.909709E-1	6.685326E-7
4.869892E-1	6.585968E-7
4.829320E-1	6.486609E-7
4.789522E-1	6.391046E-7
4.749549E-1	6.293229E-7
4.709270E-1	6.196772E-7
4.669423E-1	6.104028E-7
4.629496E-1	6.010836E-7
4.589081E-1	5.915885E-7
4.548773E-1	5.821263E-7
4.508960E-1	5.729731E-7
4.468954E-1	5.639886E-7
4.428703E-1	5.548868E-7
4.388786E-1	5.458219E-7
4.348267E-1	5.368709E-7
4.308361E-1	5.281140E-7
4.268584E-1	5.192941E-7
4.228208E-1	5.104816E-7
4.188316E-1	5.020937E-7
4.148457E-1	4.934778E-7
4.107811E-1	4.849229E-7
4.067675E-1	4.765295E-7
4.027856E-1	4.681776E-7
3.988039E-1	4.597445E-7
3.947680E-1	4.515911E-7
3.907689E-1	4.436353E-7
3.867903E-1	4.357099E-7
3.827373E-1	4.275631E-7
3.787414E-1	4.196877E-7
3.747245E-1	4.118542E-7
3.707311E-1	4.041465E-7
3.667445E-1	3.964916E-7
3.627234E-1	3.890076E-7
3.586653E-1	3.813583E-7
3.546790E-1	3.739250E-7
3.506833E-1	3.666345E-7
3.466712E-1	3.592500E-7
3.426812E-1	3.520115E-7
3.386903E-1	3.449238E-7
3.346231E-1	3.377618E-7
3.306396E-1	3.307732E-7
3.266213E-1	3.237928E-7
3.226382E-1	3.170477E-7
3.186388E-1	3.103075E-7
3.146263E-1	3.034954E-7
3.105700E-1	2.967305E-7
3.065631E-1	2.902941E-7
3.025816E-1	2.838090E-7
2.985579E-1	2.773907E-7
2.945793E-1	2.710896E-7
2.905858E-1	2.647096E-7
2.865654E-1	2.584783E-7
2.825287E-1	2.523095E-7
2.785172E-1	2.462913E-7
2.745242E-1	2.403075E-7
2.705344E-1	2.344666E-7
2.665150E-1	2.286467E-7
2.625290E-1	2.228346E-7
2.584754E-1	2.170321E-7
2.544774E-1	2.114951E-7
2.504573E-1	2.058970E-7
2.464685E-1	2.004167E-7
2.424865E-1	1.950092E-7
2.384547E-1	1.896103E-7
2.344404E-1	1.843615E-7
2.304100E-1	1.791614E-7
2.264282E-1	1.739786E-7
2.224420E-1	1.689880E-7
2.184084E-1	1.640304E-7
2.144286E-1	1.591417E-7
2.103748E-1	1.542067E-7
2.063821E-1	1.494088E-7
2.023549E-1	1.446754E-7
1.983683E-1	1.400334E-7
1.943844E-1	1.355040E-7
1.903646E-1	1.310950E-7
1.863368E-1	1.266372E-7
1.823155E-1	1.222780E-7
1.783273E-1	1.180404E-7
1.743383E-1	1.138077E-7
1.703135E-1	1.096795E-7
1.663273E-1	1.056494E-7
1.623327E-1	1.016726E-7
1.582910E-1	9.773147E-8
1.542669E-1	9.389716E-8
1.502662E-1	9.014099E-8
1.462785E-1	8.644323E-8
1.422474E-1	8.280751E-8
1.382656E-1	7.928757E-8
1.342032E-1	7.573757E-8
1.302219E-1	7.238623E-8
1.262271E-1	6.911139E-8
1.222108E-1	6.577945E-8
1.182123E-1	6.261470E-8
1.142329E-1	5.955403E-8
1.101748E-1	5.646292E-8
1.061589E-1	5.345595E-8
1.021668E-1	5.064954E-8
9.817646E-2	4.784370E-8
9.415001E-2	4.508237E-8
9.016776E-2	4.248539E-8
8.610456E-2	3.981046E-8
8.210738E-2	3.732510E-8
7.813094E-2	3.492526E-8
7.410212E-2	3.254826E-8
7.011505E-2	3.031157E-8
6.612752E-2	2.809595E-8
6.209929E-2	2.594619E-8
5.804214E-2	2.390680E-8
5.406243E-2	2.188942E-8
5.007607E-2	2.001237E-8
4.604799E-2	1.816270E-8
4.207444E-2	1.636672E-8
3.808745E-2	1.465745E-8
3.401503E-2	1.299446E-8
3.002970E-2	1.142608E-8
2.600365E-2	9.848091E-9
2.202071E-2	8.325858E-9
1.802895E-2	6.860560E-9
1.400741E-2	5.376963E-9
9.951483E-3	3.970007E-9
5.954826E-3	2.564933E-9
1.972571E-3	1.157430E-9
-2.042634E-3	-2.827062E-10
-6.035068E-3	-1.671296E-9
-1.003287E-2	-3.152248E-9
-1.408032E-2	-4.648408E-9
-1.806973E-2	-6.175151E-9
-2.208857E-2	-7.729319E-9
-2.608130E-2	-9.363123E-9
-3.006698E-2	-1.106580E-8
-3.410506E-2	-1.281334E-8
-3.809747E-2	-1.466887E-8
-4.213527E-2	-1.655900E-8
-4.614903E-2	-1.854585E-8
-5.015374E-2	-2.064643E-8
-5.414409E-2	-2.276616E-8
-5.813608E-2	-2.494729E-8
-6.213664E-2	-2.724110E-8
-6.616929E-2	-2.967740E-8
-7.020886E-2	-3.210937E-8
-7.419915E-2	-3.470830E-8
-7.819641E-2	-3.731265E-8
-8.220951E-2	-4.007566E-8
-8.621153E-2	-4.288362E-8
-9.026571E-2	-4.583699E-8
-9.424061E-2	-4.880729E-8
-9.823929E-2	-5.183612E-8
-1.022623E-1	-5.506578E-8
-1.062522E-1	-5.830646E-8
-1.102322E-1	-6.160583E-8
-1.142960E-1	-6.508947E-8
-1.182891E-1	-6.856485E-8
-1.223067E-1	-7.216671E-8
-1.262919E-1	-7.580927E-8
-1.302861E-1	-7.958088E-8
-1.343021E-1	-8.344060E-8
-1.382986E-1	-8.734847E-8
-1.423619E-1	-9.140194E-8
-1.463392E-1	-9.546228E-8
-1.503452E-1	-9.961931E-8
-1.543611E-1	-1.038861E-7
-1.583537E-1	-1.082423E-7
-1.623419E-1	-1.125994E-7
-1.664065E-1	-1.171499E-7
-1.704148E-1	-1.217591E-7
-1.744075E-1	-1.263594E-7
-1.784039E-1	-1.310954E-7
-1.824164E-1	-1.359273E-7
-1.864240E-1	-1.408058E-7
-1.904715E-1	-1.458524E-7
-1.944751E-1	-1.507544E-7
-1.984503E-1	-1.559616E-7
-2.024740E-1	-1.610930E-7
-2.064637E-1	-1.663747E-7
-2.104585E-1	-1.717468E-7
-2.145131E-1	-1.771404E-7
-2.184915E-1	-1.826840E-7
-2.225165E-1	-1.882072E-7
-2.265167E-1	-1.939033E-7
-2.304919E-1	-1.995984E-7
-2.345189E-1	-2.054339E-7
-2.385251E-1	-2.112317E-7
-2.425759E-1	-2.173096E-7
-2.465642E-1	-2.232281E-7
-2.505474E-1	-2.293180E-7
-2.545792E-1	-2.356295E-7
-2.585689E-1	-2.417809E-7
-2.625566E-1	-2.481466E-7
-2.666159E-1	-2.545636E-7
-2.706335E-1	-2.610753E-7
-2.746326E-1	-2.676034E-7
-2.786230E-1	-2.742798E-7
-2.826393E-1	-2.810383E-7
-2.866232E-1	-2.877786E-7
-2.906854E-1	-2.946829E-7
-2.946809E-1	-3.014764E-7
-2.986648E-1	-3.084664E-7
-3.026881E-1	-3.155877E-7
-3.066815E-1	-3.227345E-7
-3.106708E-1	-3.300221E-7
-3.147290E-1	-3.374158E-7
-3.187227E-1	-3.448512E-7
-3.227350E-1	-3.523224E-7
-3.267409E-1	-3.597863E-7
-3.307303E-1	-3.673690E-7
-3.347444E-1	-3.749598E-7
-3.387730E-1	-3.828640E-7
-3.427871E-1	-3.908536E-7
-3.467822E-1	-3.986246E-7
-3.507731E-1	-4.067622E-7
-3.547887E-1	-4.146091E-7
-3.587848E-1	-4.228238E-7
-3.627686E-1	-4.310725E-7
-3.668267E-1	-4.394142E-7
-3.708419E-1	-4.479528E-7
-3.748440E-1	-4.562711E-7
-3.788196E-1	-4.648265E-7
-3.828221E-1	-4.734117E-7
-3.868455E-1	-4.822012E-7
-3.909017E-1	-4.911853E-7
-3.948951E-1	-4.999628E-7
-3.988843E-1	-5.088893E-7
-4.029009E-1	-5.179362E-7
-4.068911E-1	-5.270615E-7
-4.108822E-1	-5.359111E-7
-4.149336E-1	-5.455448E-7
-4.189272E-1	-5.548587E-7
-4.229621E-1	-5.643207E-7
-4.269338E-1	-5.738341E-7
-4.309412E-1	-5.833641E-7
-4.349571E-1	-5.929733E-7
-4.389817E-1	-6.028185E-7
-4.430037E-1	-6.125417E-7
-4.469839E-1	-6.223395E-7
-4.509761E-1	-6.325371E-7
-4.550103E-1	-6.427485E-7
-4.589993E-1	-6.528293E-7
-4.629824E-1	-6.628097E-7
-4.670414E-1	-6.733180E-7
-4.710793E-1	-6.835751E-7
-4.750531E-1	-6.940517E-7
-4.790478E-1	-7.048147E-7
-4.830263E-1	-7.154638E-7
-4.870585E-1	-7.258432E-7
-4.911170E-1	-7.371482E-7
-4.950992E-1	-7.480144E-7
-4.990962E-1	-7.590635E-7
-5.031203E-1	-7.699063E-7
-5.071093E-1	-7.810611E-7
-5.111011E-1	-7.921064E-7
-5.151546E-1	-8.036203E-7
-5.191404E-1	-8.150343E-7
-5.231707E-1	-8.267724E-7
-5.271660E-1	-8.383158E-7
-5.311509E-1	-8.499147E-7
-5.351775E-1	-8.614657E-7
-5.391985E-1	-8.735903E-7
-5.432178E-1	-8.852676E-7
-5.472103E-1	-8.971508E-7
-5.511969E-1	-9.094554E-7
-5.552123E-1	-9.215169E-7
-5.592031E-1	-9.336608E-7
-5.632031E-1	-9.459299E-7
-5.672601E-1	-9.583699E-7
-5.712526E-1	-9.705861E-7
-5.752676E-1	-9.833482E-7
-5.792595E-1	-9.956379E-7
-5.832548E-1	-1.008271E-6
-5.872763E-1	-1.021428E-6
-5.912892E-1	-1.034306E-6
-5.952880E-1	-1.047002E-6
-5.992653E-1	-1.059975E-6
-6.032818E-1	-1.073197E-6
-6.072775E-1	-1.086354E-6
-6.112740E-1	-1.099872E-6
-6.153262E-1	-1.113028E-6
-6.193146E-1	-1.126576E-6
-6.233411E-1	-1.140512E-6
-6.273276E-1	-1.153456E-6
-6.313246E-1	-1.167637E-6
-6.353450E-1	-1.181192E-6
-6.393520E-1	-1.195392E-6
-6.433800E-1	-1.209116E-6
-6.473817E-1	-1.223249E-6
-6.513762E-1	-1.237548E-6
-6.553890E-1	-1.251619E-6
-6.593841E-1	-1.265560E-6
-6.633687E-1	-1.279889E-6
-6.674268E-1	-1.294511E-6
-6.714102E-1	-1.308575E-6
-6.754273E-1	-1.323241E-6
-6.794299E-1	-1.337819E-6
-6.834155E-1	-1.352931E-6
-6.874390E-1	-1.367754E-6
-6.914944E-1	-1.382455E-6
-6.954867E-1	-1.397810E-6
-6.994714E-1	-1.411809E-6
-7.035041E-1	-1.427146E-6
-7.074904E-1	-1.442094E-6
-7.114774E-1	-1.457926E-6
-7.155290E-1	-1.473587E-6
-7.195178E-1	-1.488469E-6
-7.235401E-1	-1.504140E-6
-7.275322E-1	-1.519289E-6
-7.315274E-1	-1.534770E-6
-7.355385E-1	-1.550804E-6
-7.395687E-1	-1.566648E-6
-7.435924E-1	-1.582075E-6
-7.475759E-1	-1.598634E-6
-7.515633E-1	-1.613907E-6
-7.555915E-1	-1.630035E-6
-7.595833E-1	-1.646220E-6
-7.635775E-1	-1.662602E-6
-7.676266E-1	-1.678992E-6
-7.716087E-1	-1.694863E-6
-7.756330E-1	-1.711205E-6
-7.796230E-1	-1.727366E-6
-7.836140E-1	-1.743919E-6
-7.876388E-1	-1.760584E-6
-7.917038E-1	-1.777021E-6
-7.956880E-1	-1.794112E-6
-7.996715E-1	-1.809768E-6
-8.036695E-1	-1.827039E-6
-8.076854E-1	-1.843980E-6
-8.116761E-1	-1.861321E-6
-8.157322E-1	-1.878501E-6
-8.197185E-1	-1.895045E-6
-8.237469E-1	-1.912427E-6
-8.277310E-1	-1.929260E-6
-8.317237E-1	-1.947098E-6
-8.357430E-1	-1.964446E-6
-8.397634E-1	-1.981414E-6
-8.437878E-1	-1.998422E-6
-8.477737E-1	-2.016534E-6
-8.517730E-1	-2.034295E-6
-5.348764E-2	-2.050963E-6
-8.597891E-1	-2.068241E-6
-8.637740E-1	-2.086857E-6
-8.678405E-1	-2.104561E-6
-8.718198E-1	-2.122581E-6
-8.758392E-1	-2.140113E-6
-8.798283E-1	-2.158504E-6
-8.838295E-1	-2.175972E-6
-8.878277E-1	-2.194674E-6
-5.574077E-2	-2.211787E-6
-8.958870E-1	-2.230565E-6
-8.998721E-1	-2.248678E-6
-9.038534E-1	-2.266804E-6
-9.078833E-1	-2.285709E-6
-9.118623E-1	-2.304138E-6
-9.159297E-1	-2.323010E-6
-9.199191E-1	-2.340936E-6
-9.239412E-1	-2.358683E-6
-9.279376E-1	-2.378195E-6
-9.319309E-1	-2.396752E-6
-9.359354E-1	-2.414944E-6
-9.399701E-1	-2.433969E-6
-9.439943E-1	-2.452779E-6
-9.479787E-1	-2.471707E-6
-9.519674E-1	-2.490713E-6
-9.559947E-1	-2.509688E-6
-9.599836E-1	-2.528873E-6
-9.639709E-1	-2.547438E-6
-9.680244E-1	-2.566348E-6
-9.720193E-1	-2.586112E-6
-9.760349E-1	-2.605593E-6
-9.800439E-1	-2.623954E-6
-9.840037E-1	-2.643817E-6
-9.880494E-1	-2.663494E-6
-9.920654E-1	-2.682256E-6
-9.960921E-1	-2.701039E-6
-1.000075E+0	-2.721276E-6
