Voltage (V)	Current (A)
-1.000089E+0	-7.092310E-7
-9.961022E-1	-7.015432E-7
-9.920759E-1	-6.937524E-7
-9.880895E-1	-6.861114E-7
-9.840298E-1	-6.782442E-7
-9.800417E-1	-6.706313E-7
-9.760496E-1	-6.630449E-7
-9.720293E-1	-6.556592E-7
-9.680405E-1	-6.480773E-7
-9.640502E-1	-6.408923E-7
-9.599934E-1	-6.331774E-7
-9.560046E-1	-6.259014E-7
-9.519809E-1	-6.185668E-7
-9.479874E-1	-6.114628E-7
-9.440014E-1	-6.041477E-7
-9.399799E-1	-5.970946E-7
-9.359574E-1	-5.899406E-7
-9.319294E-1	-5.828737E-7
-9.279463E-1	-5.758606E-7
-9.239520E-1	-5.690818E-7
-9.199328E-1	-5.620525E-7
-9.159396E-1	-5.552938E-7
-9.118858E-1	-5.485066E-7
-9.078947E-1	-5.418169E-7
-9.038733E-1	-5.350929E-7
-8.998852E-1	-5.283791E-7
-8.958935E-1	-5.219882E-7
-8.918706E-1	-5.154105E-7
-8.878815E-1	-5.089203E-7
-8.838261E-1	-5.025156E-7
-8.798347E-1	-4.962035E-7
-8.758478E-1	-4.899415E-7
-8.718246E-1	-4.835335E-7
-8.678347E-1	-4.774041E-7
-8.638432E-1	-4.712244E-7
-8.597903E-1	-4.650845E-7
-8.557968E-1	-4.589413E-7
-8.517765E-1	-4.529491E-7
-8.477863E-1	-4.470552E-7
-8.437951E-1	-4.411762E-7
-8.397757E-1	-4.352261E-7
-8.357491E-1	-4.294392E-7
-8.317292E-1	-4.237015E-7
-8.277373E-1	-4.179685E-7
-8.237483E-1	-4.124160E-7
-8.197243E-1	-4.067584E-7
-8.157374E-1	-4.012795E-7
-8.116783E-1	-3.957041E-7
-8.076912E-1	-3.901261E-7
-8.036698E-1	-3.846827E-7
-7.996797E-1	-3.793475E-7
-7.956890E-1	-3.741588E-7
-7.917030E-1	-3.689665E-7
-7.876782E-1	-3.637560E-7
-7.836194E-1	-3.584953E-7
-7.796311E-1	-3.534321E-7
-7.756400E-1	-3.483912E-7
-7.716193E-1	-3.433186E-7
-7.676282E-1	-3.384841E-7
-7.636409E-1	-3.335261E-7
-7.595819E-1	-3.286424E-7
-7.555928E-1	-3.237777E-7
-7.515712E-1	-3.190692E-7
-7.475822E-1	-3.143638E-7
-7.435923E-1	-3.096562E-7
-7.395710E-1	-3.051238E-7
-7.355490E-1	-3.005896E-7
-7.315243E-1	-2.960593E-7
-7.275357E-1	-2.915297E-7
-7.235456E-1	-2.871714E-7
-7.195233E-1	-2.828696E-7
-7.155316E-1	-2.785574E-7
-7.114771E-1	-2.742881E-7
-7.074846E-1	-2.700449E-7
-7.034972E-1	-2.658115E-7
-6.994736E-1	-2.616585E-7
-6.954851E-1	-2.575471E-7
-6.914922E-1	-2.536507E-7
-6.874718E-1	-2.496377E-7
-6.834122E-1	-2.457449E-7
-6.794227E-1	-2.417724E-7
-6.754366E-1	-2.379194E-7
-6.714114E-1	-2.341093E-7
-6.674237E-1	-2.303743E-7
-6.634356E-1	-2.267369E-7
-6.593785E-1	-2.229675E-7
-6.553898E-1	-2.193988E-7
-6.513665E-1	-2.158955E-7
-6.473758E-1	-2.123768E-7
-6.433883E-1	-2.089102E-7
-6.393637E-1	-2.055019E-7
-6.353437E-1	-2.021379E-7
-6.313170E-1	-1.987351E-7
-6.273283E-1	-1.955047E-7
-6.233408E-1	-1.922540E-7
-6.193143E-1	-1.890553E-7
-6.153275E-1	-1.859329E-7
-6.112695E-1	-1.828029E-7
-6.072848E-1	-1.797285E-7
-6.032929E-1	-1.767010E-7
-5.992706E-1	-1.737445E-7
-5.952803E-1	-1.708272E-7
-5.912950E-1	-1.679396E-7
-5.872689E-1	-1.651329E-7
-5.832130E-1	-1.622210E-7
-5.792202E-1	-1.595677E-7
-5.752347E-1	-1.568882E-7
-5.712088E-1	-1.541926E-7
-5.672203E-1	-1.515642E-7
-5.632308E-1	-1.490043E-7
-5.591711E-1	-1.463925E-7
-5.551855E-1	-1.439489E-7
-5.511603E-1	-1.414853E-7
-5.471717E-1	-1.391212E-7
-5.431799E-1	-1.367596E-7
-5.391595E-1	-1.343985E-7
-5.351336E-1	-1.321798E-7
-5.311145E-1	-1.298406E-7
-5.271242E-1	-1.277193E-7
-5.231380E-1	-1.254855E-7
-5.191119E-1	-1.233527E-7
-5.151229E-1	-1.212800E-7
-5.110658E-1	-1.191907E-7
-5.070766E-1	-1.171189E-7
-5.030892E-1	-1.151242E-7
-4.990656E-1	-1.131674E-7
-4.950765E-1	-1.112913E-7
-4.910843E-1	-1.093313E-7
-4.870634E-1	-1.075217E-7
-4.830044E-1	-1.056527E-7
-4.790171E-1	-1.038979E-7
-4.750252E-1	-1.020418E-7
-4.710403E-1	-1.003259E-7
-4.670160E-1	-9.863131E-8
-4.630247E-1	-9.691049E-8
-4.589706E-1	-9.524749E-8
-4.549804E-1	-9.364719E-8
-4.509602E-1	-9.198998E-8
-4.469680E-1	-9.047019E-8
-4.429783E-1	-8.889439E-8
-4.389550E-1	-8.732719E-8
-4.349330E-1	-8.579605E-8
-4.309082E-1	-8.428209E-8
-4.269191E-1	-8.282707E-8
-4.229287E-1	-8.131052E-8
-4.189079E-1	-7.990020E-8
-4.149159E-1	-7.842355E-8
-4.108607E-1	-7.706426E-8
-4.068676E-1	-7.564179E-8
-4.028789E-1	-7.430548E-8
-3.988596E-1	-7.295882E-8
-3.948664E-1	-7.157946E-8
-3.908809E-1	-7.031072E-8
-3.868566E-1	-6.898180E-8
-3.828025E-1	-6.764651E-8
-3.788096E-1	-6.633879E-8
-3.748229E-1	-6.507356E-8
-3.708308E-1	-6.382817E-8
-3.668101E-1	-6.260372E-8
-3.628164E-1	-6.137121E-8
-3.587631E-1	-6.018806E-8
-3.547710E-1	-5.896734E-8
-3.507489E-1	-5.776066E-8
-3.467619E-1	-5.660009E-8
-3.427700E-1	-5.543727E-8
-3.387451E-1	-5.422724E-8
-3.347246E-1	-5.313921E-8
-3.307040E-1	-5.202055E-8
-3.267125E-1	-5.090030E-8
-3.227246E-1	-4.973884E-8
-3.187020E-1	-4.863170E-8
-3.147133E-1	-4.754936E-8
-3.106552E-1	-4.644401E-8
-3.066671E-1	-4.541567E-8
-3.026746E-1	-4.434853E-8
-2.986511E-1	-4.328733E-8
-2.946611E-1	-4.225275E-8
-2.906729E-1	-4.121540E-8
-2.866519E-1	-4.019132E-8
-2.826266E-1	-3.921911E-8
-2.786050E-1	-3.820146E-8
-2.746125E-1	-3.718248E-8
-2.706234E-1	-3.620326E-8
-2.665982E-1	-3.520887E-8
-2.626134E-1	-3.427879E-8
-2.585545E-1	-3.329594E-8
-2.545679E-1	-3.239046E-8
-2.505433E-1	-3.143005E-8
-2.465522E-1	-3.053337E-8
-2.425676E-1	-2.963584E-8
-2.385763E-1	-2.871772E-8
-2.345199E-1	-2.780693E-8
-2.304960E-1	-2.692519E-8
-2.265062E-1	-2.602708E-8
-2.225163E-1	-2.520038E-8
-2.184943E-1	-2.430900E-8
-2.145048E-1	-2.353626E-8
-2.104490E-1	-2.265843E-8
-2.064572E-1	-2.184476E-8
-2.024697E-1	-2.102569E-8
-1.984431E-1	-2.023229E-8
-1.944562E-1	-1.945279E-8
-1.904671E-1	-1.868987E-8
-1.864104E-1	-1.789083E-8
-1.824199E-1	-1.716040E-8
-1.783980E-1	-1.640384E-8
-1.744130E-1	-1.568330E-8
-1.704187E-1	-1.498134E-8
-1.663958E-1	-1.425992E-8
-1.624015E-1	-1.355278E-8
-1.583478E-1	-1.286147E-8
-1.543588E-1	-1.221668E-8
-1.503377E-1	-1.155713E-8
-1.463456E-1	-1.091964E-8
-1.423581E-1	-1.025943E-8
-1.383657E-1	-9.677795E-9
-1.343076E-1	-9.031886E-9
-1.302823E-1	-8.495674E-9
-1.262920E-1	-7.951573E-9
-1.223074E-1	-7.436104E-9
-1.182838E-1	-6.924232E-9
-1.142942E-1	-6.450836E-9
-1.102349E-1	-5.993236E-9
-1.062504E-1	-5.555668E-9
-1.022591E-1	-5.175426E-9
-9.823559E-2	-4.787890E-9
-9.424113E-2	-4.441757E-9
-9.025645E-2	-4.116286E-9
-8.619682E-2	-3.815698E-9
-8.220696E-2	-3.539211E-9
-7.818639E-2	-3.258655E-9
-7.419592E-2	-3.001950E-9
-7.020656E-2	-2.778807E-9
-6.618218E-2	-2.556588E-9
-6.219200E-2	-2.337968E-9
-5.813502E-2	-2.148728E-9
-5.414835E-2	-1.965395E-9
-5.015424E-2	-1.787049E-9
-4.613846E-2	-1.619805E-9
-4.214598E-2	-1.460566E-9
-3.816026E-2	-1.307364E-9
-3.409936E-2	-1.154745E-9
-3.007570E-2	-1.008206E-9
-2.608181E-2	-8.682015E-10
-2.209430E-2	-7.377939E-10
-1.807568E-2	-6.041586E-10
-1.408299E-2	-4.781515E-10
-1.002806E-2	-3.496294E-10
-6.037107E-3	-2.300331E-10
-2.045074E-3	-1.119875E-10
1.970909E-3	4.823575E-11
5.955028E-3	1.370588E-10
9.948111E-3	2.679055E-10
1.400356E-2	3.873978E-10
1.802885E-2	5.169028E-10
2.201691E-2	6.442722E-10
2.600460E-2	7.726064E-10
3.002687E-2	9.136333E-10
3.401718E-2	1.052901E-9
3.800406E-2	1.206540E-9
4.205919E-2	1.353099E-9
4.605041E-2	1.517882E-9
5.007314E-2	1.678309E-9
5.406212E-2	1.846276E-9
5.804910E-2	2.019147E-9
6.206992E-2	2.211626E-9
6.612527E-2	2.406576E-9
7.011958E-2	2.601734E-9
7.410368E-2	2.814867E-9
7.813162E-2	3.027834E-9
8.211756E-2	3.265642E-9
8.610773E-2	3.505050E-9
9.016421E-2	3.766070E-9
9.414942E-2	4.027679E-9
9.817255E-2	4.313295E-9
1.021628E-1	4.587186E-9
1.061543E-1	4.878541E-9
1.101732E-1	5.198889E-9
1.142311E-1	5.521873E-9
1.182163E-1	5.863713E-9
1.222066E-1	6.209875E-9
1.262270E-1	6.569238E-9
1.302177E-1	6.934672E-9
1.342066E-1	7.325323E-9
1.382309E-1	7.717737E-9
1.422509E-1	8.122885E-9
1.462757E-1	8.531189E-9
1.502678E-1	8.948826E-9
1.542550E-1	9.383726E-9
1.582801E-1	9.805593E-9
1.622613E-1	1.025985E-8
1.663226E-1	1.074589E-8
1.703115E-1	1.120456E-8
1.743364E-1	1.169094E-8
1.783251E-1	1.219350E-8
1.823135E-1	1.268966E-8
1.863318E-1	1.321757E-8
1.903581E-1	1.374578E-8
1.943759E-1	1.427682E-8
1.983617E-1	1.482739E-8
2.023517E-1	1.536801E-8
2.063760E-1	1.597256E-8
2.103686E-1	1.652963E-8
2.144209E-1	1.714769E-8
2.184135E-1	1.771002E-8
2.224329E-1	1.832374E-8
2.264253E-1	1.890444E-8
2.304057E-1	1.951342E-8
2.344351E-1	2.016338E-8
2.384228E-1	2.079450E-8
2.424817E-1	2.145840E-8
2.464686E-1	2.213265E-8
2.504557E-1	2.280462E-8
2.544741E-1	2.347186E-8
2.584640E-1	2.416255E-8
2.624539E-1	2.483947E-8
2.665076E-1	2.554832E-8
2.705329E-1	2.628282E-8
2.745198E-1	2.698550E-8
2.785115E-1	2.769741E-8
2.825317E-1	2.843525E-8
2.865239E-1	2.919097E-8
2.905771E-1	2.992075E-8
2.945693E-1	3.067025E-8
2.985537E-1	3.142266E-8
3.025787E-1	3.219149E-8
3.065669E-1	3.299416E-8
3.105556E-1	3.377760E-8
3.146136E-1	3.456074E-8
3.186347E-1	3.534958E-8
3.226239E-1	3.614205E-8
3.266090E-1	3.693080E-8
3.306364E-1	3.780617E-8
3.346212E-1	3.860182E-8
3.386780E-1	3.945966E-8
3.426662E-1	4.027802E-8
3.466560E-1	4.113942E-8
3.506762E-1	4.198419E-8
3.546673E-1	4.285909E-8
3.586559E-1	4.371933E-8
3.626794E-1	4.464029E-8
3.667316E-1	4.554418E-8
3.707211E-1	4.648722E-8
3.747138E-1	4.741412E-8
3.787333E-1	4.834671E-8
3.827257E-1	4.933568E-8
3.867098E-1	5.026144E-8
3.907671E-1	5.129998E-8
3.947555E-1	5.230803E-8
3.987814E-1	5.335107E-8
4.027655E-1	5.438081E-8
4.067540E-1	5.541384E-8
4.107754E-1	5.652782E-8
4.148337E-1	5.770241E-8
4.188217E-1	5.878050E-8
4.228100E-1	5.991657E-8
4.268360E-1	6.113631E-8
4.308214E-1	6.235757E-8
4.348130E-1	6.356784E-8
4.388663E-1	6.482870E-8
4.428560E-1	6.615284E-8
4.468782E-1	6.749323E-8
4.508697E-1	6.881442E-8
4.548563E-1	7.022369E-8
4.588786E-1	7.162927E-8
4.628673E-1	7.307911E-8
4.669231E-1	7.456332E-8
4.709116E-1	7.610943E-8
4.749297E-1	7.766983E-8
4.789205E-1	7.927532E-8
4.829078E-1	8.092091E-8
4.869336E-1	8.262733E-8
4.909542E-1	8.436456E-8
4.949797E-1	8.610998E-8
4.989634E-1	8.789718E-8
5.029556E-1	8.983314E-8
5.069773E-1	9.170643E-8
5.109664E-1	9.360114E-8
5.150205E-1	9.562347E-8
5.190136E-1	9.769293E-8
5.230331E-1	9.976593E-8
5.270234E-1	1.018863E-7
5.310111E-1	1.040535E-7
5.350302E-1	1.063028E-7
5.390555E-1	1.085677E-7
5.430758E-1	1.107618E-7
5.470646E-1	1.131576E-7
5.510520E-1	1.155764E-7
5.550755E-1	1.180237E-7
5.590649E-1	1.204850E-7
5.630531E-1	1.230721E-7
5.671094E-1	1.256412E-7
5.711326E-1	1.283912E-7
5.751210E-1	1.310702E-7
5.791090E-1	1.338017E-7
5.831311E-1	1.366350E-7
5.871221E-1	1.394691E-7
5.911801E-1	1.423373E-7
5.951670E-1	1.453213E-7
5.991557E-1	1.483526E-7
6.031777E-1	1.513740E-7
6.071634E-1	1.545029E-7
6.111532E-1	1.576519E-7
6.152104E-1	1.608719E-7
6.192313E-1	1.641733E-7
6.232226E-1	1.675240E-7
6.272108E-1	1.708188E-7
6.312310E-1	1.743447E-7
6.352203E-1	1.778155E-7
6.392780E-1	1.814590E-7
6.432664E-1	1.850530E-7
6.472535E-1	1.887684E-7
6.512771E-1	1.925034E-7
6.552652E-1	1.962458E-7
6.592568E-1	2.000906E-7
6.632755E-1	2.040216E-7
6.673353E-1	2.080507E-7
6.713206E-1	2.120694E-7
6.753116E-1	2.160989E-7
6.793284E-1	2.204851E-7
6.833208E-1	2.245938E-7
6.873089E-1	2.288603E-7
6.913675E-1	2.332193E-7
6.953564E-1	2.375439E-7
6.993783E-1	2.420301E-7
7.033677E-1	2.466644E-7
7.073545E-1	2.511891E-7
7.113776E-1	2.558841E-7
7.154311E-1	2.606552E-7
7.194243E-1	2.654227E-7
7.234107E-1	2.702433E-7
7.274378E-1	2.751866E-7
7.314224E-1	2.801553E-7
7.354128E-1	2.852551E-7
7.394682E-1	2.903887E-7
7.434576E-1	2.956252E-7
7.474779E-1	3.008703E-7
7.514663E-1	3.061892E-7
7.554551E-1	3.115511E-7
7.594765E-1	3.170771E-7
7.634674E-1	3.226118E-7
7.675207E-1	3.282163E-7
7.715136E-1	3.339242E-7
7.755337E-1	3.396272E-7
7.795243E-1	3.454761E-7
7.835115E-1	3.512889E-7
7.875371E-1	3.572349E-7
7.915564E-1	3.633097E-7
7.955799E-1	3.693544E-7
7.995679E-1	3.754865E-7
8.035560E-1	3.816109E-7
8.075806E-1	3.879107E-7
8.115660E-1	3.941902E-7
8.156265E-1	4.007208E-7
8.196083E-1	4.071316E-7
8.236358E-1	4.136812E-7
8.276231E-1	4.203135E-7
8.316144E-1	4.269515E-7
8.356346E-1	4.334925E-7
8.396599E-1	4.402995E-7
8.436823E-1	4.472299E-7
8.476697E-1	4.541014E-7
8.516563E-1	4.609373E-7
8.556837E-1	4.681375E-7
8.596721E-1	4.750563E-7
8.636562E-1	4.821715E-7
8.677164E-1	4.893014E-7
8.717381E-1	4.966043E-7
8.757259E-1	5.038631E-7
8.797138E-1	5.111659E-7
8.837392E-1	5.185245E-7
8.877254E-1	5.259036E-7
8.917807E-1	5.334744E-7
8.957683E-1	5.410407E-7
8.997595E-1	5.486702E-7
9.037782E-1	5.563634E-7
9.077712E-1	5.640781E-7
9.117584E-1	5.718873E-7
9.158151E-1	5.797648E-7
9.198395E-1	5.876457E-7
9.238260E-1	5.954536E-7
9.278166E-1	6.035725E-7
9.318373E-1	6.115986E-7
9.358254E-1	6.195329E-7
9.398847E-1	6.278068E-7
9.438713E-1	6.360726E-7
9.478582E-1	6.443418E-7
9.518874E-1	6.527993E-7
9.558697E-1	6.609851E-7
9.598615E-1	6.692533E-7
9.638847E-1	6.777252E-7
9.679067E-1	6.860818E-7
9.719324E-1	6.948895E-7
9.759202E-1	7.032706E-7
9.799417E-1	7.118788E-7
9.839302E-1	7.205767E-7
9.879204E-1	7.291242E-7
9.919752E-1	7.380326E-7
9.959671E-1	7.467237E-7
9.999880E-1	7.557266E-7
