Voltage (V)	Current (A)
-8.827282E-1	-1.001204E-6
-8.828164E-1	-1.001247E-6
-8.827564E-1	-1.001318E-6
-8.828273E-1	-1.001318E-6
-8.828073E-1	-1.001322E-6
-8.828279E-1	-1.001285E-6
-8.828516E-1	-1.001335E-6
-8.827952E-1	-1.001339E-6
-8.828538E-1	-1.001284E-6
-8.827695E-1	-1.001205E-6
-8.827468E-1	-1.001075E-6
-8.828334E-1	-1.001229E-6
-8.828223E-1	-1.001213E-6
-8.828055E-1	-1.001334E-6
-8.828318E-1	-1.001275E-6
-8.827735E-1	-1.001155E-6
-8.828433E-1	-1.001272E-6
-8.828065E-1	-1.001249E-6
-8.828073E-1	-1.001209E-6
-8.828194E-1	-1.001113E-6
-8.827899E-1	-1.001208E-6
-8.828023E-1	-1.001301E-6
-8.828843E-1	-1.001142E-6
-8.828614E-1	-1.001238E-6
-8.827478E-1	-1.001112E-6
-8.827708E-1	-1.001066E-6
-8.828217E-1	-1.001071E-6
-8.828390E-1	-1.001050E-6
-8.829011E-1	-1.001293E-6
-8.828952E-1	-1.001289E-6
-8.798586E-1	-9.927463E-7
-8.758708E-1	-9.826247E-7
-8.718493E-1	-9.723625E-7
-8.678594E-1	-9.625612E-7
-8.638679E-1	-9.525413E-7
-8.598125E-1	-9.424965E-7
-8.558202E-1	-9.324114E-7
-8.517997E-1	-9.226678E-7
-8.478070E-1	-9.127886E-7
-8.438181E-1	-9.030882E-7
-8.397965E-1	-8.935194E-7
-8.357701E-1	-8.837126E-7
-8.317497E-1	-8.741103E-7
-8.277588E-1	-8.644880E-7
-8.237709E-1	-8.552503E-7
-8.197473E-1	-8.456252E-7
-8.157562E-1	-8.364308E-7
-8.116987E-1	-8.269450E-7
-8.077115E-1	-8.177116E-7
-8.036900E-1	-8.083740E-7
-7.997001E-1	-7.992163E-7
-7.957096E-1	-7.903438E-7
-7.917234E-1	-7.811735E-7
-7.876973E-1	-7.722210E-7
-7.836381E-1	-7.631340E-7
-7.796497E-1	-7.544562E-7
-7.756577E-1	-7.455711E-7
-7.716380E-1	-7.367704E-7
-7.676483E-1	-7.278436E-7
-7.636603E-1	-7.193463E-7
-7.596007E-1	-7.109339E-7
-7.556126E-1	-7.022363E-7
-7.515881E-1	-6.937922E-7
-7.476012E-1	-6.851430E-7
-7.436102E-1	-6.768950E-7
-7.395892E-1	-6.683534E-7
-7.355663E-1	-6.602372E-7
-7.315415E-1	-6.520887E-7
-7.275527E-1	-6.439912E-7
-7.235622E-1	-6.358359E-7
-7.195395E-1	-6.279912E-7
-7.155480E-1	-6.196259E-7
-7.114922E-1	-6.116782E-7
-7.075011E-1	-6.038434E-7
-7.035142E-1	-5.963240E-7
-6.994886E-1	-5.882960E-7
-6.955026E-1	-5.806887E-7
-6.915100E-1	-5.730109E-7
-6.874880E-1	-5.655755E-7
-6.834283E-1	-5.579713E-7
-6.794379E-1	-5.503321E-7
-6.754516E-1	-5.431390E-7
-6.714264E-1	-5.357919E-7
-6.674390E-1	-5.284943E-7
-6.634501E-1	-5.213365E-7
-6.593945E-1	-5.142073E-7
-6.554035E-1	-5.069570E-7
-6.513819E-1	-5.000962E-7
-6.473883E-1	-4.927811E-7
-6.434017E-1	-4.859671E-7
-6.393765E-1	-4.788834E-7
-6.353559E-1	-4.720193E-7
-6.313322E-1	-4.654440E-7
-6.273412E-1	-4.586426E-7
-6.233528E-1	-4.520875E-7
-6.193258E-1	-4.454083E-7
-6.153394E-1	-4.390345E-7
-6.112813E-1	-4.323896E-7
-6.072967E-1	-4.261174E-7
-6.033033E-1	-4.198822E-7
-5.992813E-1	-4.136112E-7
-5.952922E-1	-4.072394E-7
-5.913051E-1	-4.010722E-7
-5.872794E-1	-3.948589E-7
-5.832236E-1	-3.888087E-7
-5.792313E-1	-3.825665E-7
-5.752448E-1	-3.767490E-7
-5.712206E-1	-3.709979E-7
-5.672285E-1	-3.649953E-7
-5.632415E-1	-3.590999E-7
-5.591817E-1	-3.531558E-7
-5.551950E-1	-3.474748E-7
-5.511684E-1	-3.418011E-7
-5.471802E-1	-3.361298E-7
-5.431890E-1	-3.306613E-7
-5.391685E-1	-3.250239E-7
-5.351448E-1	-3.195091E-7
-5.311234E-1	-3.140843E-7
-5.271335E-1	-3.087904E-7
-5.231463E-1	-3.034194E-7
-5.191210E-1	-2.981330E-7
-5.151314E-1	-2.929741E-7
-5.110763E-1	-2.876468E-7
-5.070844E-1	-2.824154E-7
-5.030970E-1	-2.774198E-7
-4.990721E-1	-2.725191E-7
-4.950834E-1	-2.674839E-7
-4.910932E-1	-2.626143E-7
-4.870717E-1	-2.576027E-7
-4.830122E-1	-2.526637E-7
-4.790247E-1	-2.481614E-7
-4.750337E-1	-2.433997E-7
-4.710481E-1	-2.386144E-7
-4.670226E-1	-2.340035E-7
-4.630319E-1	-2.292659E-7
-4.589766E-1	-2.246766E-7
-4.549878E-1	-2.202343E-7
-4.509669E-1	-2.157165E-7
-4.469748E-1	-2.113479E-7
-4.429862E-1	-2.071607E-7
-4.389610E-1	-2.026458E-7
-4.349393E-1	-1.983860E-7
-4.309134E-1	-1.941819E-7
-4.269246E-1	-1.900201E-7
-4.229328E-1	-1.859458E-7
-4.189135E-1	-1.818317E-7
-4.149205E-1	-1.777202E-7
-4.108672E-1	-1.737682E-7
-4.068726E-1	-1.698778E-7
-4.028837E-1	-1.659632E-7
-3.988645E-1	-1.621018E-7
-3.948714E-1	-1.583414E-7
-3.908850E-1	-1.546137E-7
-3.868620E-1	-1.509090E-7
-3.828081E-1	-1.472994E-7
-3.788149E-1	-1.436522E-7
-3.748258E-1	-1.401114E-7
-3.708355E-1	-1.366846E-7
-3.668143E-1	-1.331926E-7
-3.628222E-1	-1.298561E-7
-3.587668E-1	-1.264161E-7
-3.547755E-1	-1.231339E-7
-3.507532E-1	-1.198666E-7
-3.467657E-1	-1.166746E-7
-3.427726E-1	-1.135673E-7
-3.387505E-1	-1.104163E-7
-3.347282E-1	-1.073755E-7
-3.307074E-1	-1.043573E-7
-3.267147E-1	-1.014603E-7
-3.227280E-1	-9.855948E-8
-3.187043E-1	-9.562111E-8
-3.147172E-1	-9.281561E-8
-3.106581E-1	-9.004005E-8
-3.066691E-1	-8.737143E-8
-3.026765E-1	-8.468961E-8
-2.986546E-1	-8.203539E-8
-2.946649E-1	-7.946312E-8
-2.906758E-1	-7.686354E-8
-2.866524E-1	-7.443706E-8
-2.826292E-1	-7.196069E-8
-2.786071E-1	-6.956846E-8
-2.746134E-1	-6.717098E-8
-2.706254E-1	-6.495882E-8
-2.666001E-1	-6.270248E-8
-2.626138E-1	-6.049175E-8
-2.585549E-1	-5.834329E-8
-2.545696E-1	-5.627727E-8
-2.505445E-1	-5.413444E-8
-2.465544E-1	-5.217726E-8
-2.425697E-1	-5.023433E-8
-2.385786E-1	-4.829549E-8
-2.345210E-1	-4.642551E-8
-2.304966E-1	-4.462116E-8
-2.265071E-1	-4.283655E-8
-2.225194E-1	-4.106233E-8
-2.184965E-1	-3.935678E-8
-2.145071E-1	-3.773807E-8
-2.104511E-1	-3.612491E-8
-2.064568E-1	-3.459543E-8
-2.024702E-1	-3.307829E-8
-1.984429E-1	-3.158268E-8
-1.944569E-1	-3.016272E-8
-1.904676E-1	-2.878954E-8
-1.864118E-1	-2.744081E-8
-1.824225E-1	-2.607497E-8
-1.784002E-1	-2.480866E-8
-1.744145E-1	-2.358167E-8
-1.704221E-1	-2.236723E-8
-1.663970E-1	-2.122966E-8
-1.624031E-1	-2.011248E-8
-1.583497E-1	-1.901101E-8
-1.543600E-1	-1.795435E-8
-1.503384E-1	-1.697645E-8
-1.463473E-1	-1.601960E-8
-1.423601E-1	-1.506481E-8
-1.383652E-1	-1.418267E-8
-1.343076E-1	-1.331210E-8
-1.302843E-1	-1.248205E-8
-1.262924E-1	-1.167026E-8
-1.223062E-1	-1.091074E-8
-1.182837E-1	-1.019378E-8
-1.142954E-1	-9.516599E-9
-1.102358E-1	-8.849776E-9
-1.062513E-1	-8.247941E-9
-1.022586E-1	-7.643044E-9
-9.823462E-2	-7.090775E-9
-9.424022E-2	-6.558043E-9
-9.025524E-2	-6.039468E-9
-8.619530E-2	-5.559281E-9
-8.220593E-2	-5.107337E-9
-7.818674E-2	-4.678692E-9
-7.419799E-2	-4.287340E-9
-7.020809E-2	-3.915143E-9
-6.618159E-2	-3.558871E-9
-6.219201E-2	-3.228910E-9
-5.813382E-2	-2.914666E-9
-5.414916E-2	-2.620411E-9
-5.015530E-2	-2.362945E-9
-4.613807E-2	-2.094210E-9
-4.214562E-2	-1.864740E-9
-3.816060E-2	-1.642100E-9
-3.409990E-2	-1.432492E-9
-3.007536E-2	-1.234030E-9
-2.608099E-2	-1.048309E-9
-2.209314E-2	-8.804384E-10
-1.807398E-2	-7.071205E-10
-1.408442E-2	-5.570165E-10
-1.002773E-2	-4.028906E-10
-6.035867E-3	-2.636412E-10
-2.045241E-3	-1.219189E-10
1.970741E-3	5.695050E-11
5.954947E-3	1.757724E-10
9.949126E-3	3.086305E-10
1.400323E-2	4.677579E-10
1.802955E-2	6.192180E-10
2.201594E-2	7.873122E-10
2.600273E-2	9.531428E-10
3.002765E-2	1.144533E-9
3.401932E-2	1.340908E-9
3.800387E-2	1.546123E-9
4.205889E-2	1.773083E-9
4.605158E-2	2.007879E-9
5.007149E-2	2.269403E-9
5.406344E-2	2.526866E-9
5.804880E-2	2.814703E-9
6.206921E-2	3.120052E-9
6.612578E-2	3.453266E-9
7.012102E-2	3.791132E-9
7.410351E-2	4.171352E-9
7.813155E-2	4.555389E-9
8.211833E-2	4.973397E-9
8.610851E-2	5.418693E-9
9.016120E-2	5.904576E-9
9.414648E-2	6.419217E-9
9.817288E-2	6.958811E-9
1.021624E-1	7.533612E-9
1.061517E-1	8.149592E-9
1.101738E-1	8.806500E-9
1.142311E-1	9.521107E-9
1.182163E-1	1.022457E-8
1.222069E-1	1.104070E-8
1.262261E-1	1.183402E-8
1.302177E-1	1.266789E-8
1.342067E-1	1.357836E-8
1.382324E-1	1.455047E-8
1.422515E-1	1.551945E-8
1.462756E-1	1.655881E-8
1.502673E-1	1.759678E-8
1.542547E-1	1.870202E-8
1.582795E-1	1.988100E-8
1.622603E-1	2.100399E-8
1.663217E-1	2.220141E-8
1.703117E-1	2.338001E-8
1.743356E-1	2.465880E-8
1.783237E-1	2.595249E-8
1.823128E-1	2.725456E-8
1.863327E-1	2.865665E-8
1.903572E-1	3.007711E-8
1.943760E-1	3.145946E-8
1.983624E-1	3.287533E-8
2.023512E-1	3.439525E-8
2.063779E-1	3.603359E-8
2.103693E-1	3.763283E-8
2.144227E-1	3.930696E-8
2.184143E-1	4.094853E-8
2.224338E-1	4.268024E-8
2.264248E-1	4.440959E-8
2.304073E-1	4.603543E-8
2.344359E-1	4.785709E-8
2.384242E-1	4.969139E-8
2.424826E-1	5.161135E-8
2.464683E-1	5.353530E-8
2.504556E-1	5.543667E-8
2.544775E-1	5.744870E-8
2.584659E-1	5.940153E-8
2.624568E-1	6.142966E-8
2.665082E-1	6.351041E-8
2.705317E-1	6.558520E-8
2.745212E-1	6.768663E-8
2.785121E-1	6.985420E-8
2.825299E-1	7.202906E-8
2.865218E-1	7.426373E-8
2.905791E-1	7.652488E-8
2.945683E-1	7.872796E-8
2.985553E-1	8.102597E-8
3.025790E-1	8.332623E-8
3.065677E-1	8.568700E-8
3.105567E-1	8.804686E-8
3.146147E-1	9.045708E-8
3.186339E-1	9.320335E-8
3.226258E-1	9.563935E-8
3.266122E-1	9.803202E-8
3.306371E-1	1.006898E-7
3.346217E-1	1.032039E-7
3.386790E-1	1.054621E-7
3.426678E-1	1.084459E-7
3.466600E-1	1.107859E-7
3.506810E-1	1.134954E-7
3.546683E-1	1.161580E-7
3.586560E-1	1.189306E-7
3.626796E-1	1.218054E-7
3.667351E-1	1.247024E-7
3.707236E-1	1.275411E-7
3.747150E-1	1.307889E-7
3.787349E-1	1.338428E-7
3.827285E-1	1.367072E-7
3.867123E-1	1.395577E-7
3.907704E-1	1.426997E-7
3.947582E-1	1.458588E-7
3.987818E-1	1.491629E-7
4.027676E-1	1.523382E-7
4.067561E-1	1.556269E-7
4.107775E-1	1.590461E-7
4.148373E-1	1.625129E-7
4.188254E-1	1.660016E-7
4.228134E-1	1.695891E-7
4.268375E-1	1.732414E-7
4.308260E-1	1.770099E-7
4.348159E-1	1.807504E-7
4.388687E-1	1.845793E-7
4.428628E-1	1.885346E-7
4.468823E-1	1.925264E-7
4.508753E-1	1.965982E-7
4.548628E-1	2.007275E-7
4.588856E-1	2.049839E-7
4.628718E-1	2.093352E-7
4.669301E-1	2.137316E-7
4.709151E-1	2.183565E-7
4.749357E-1	2.229460E-7
4.789261E-1	2.274438E-7
4.829164E-1	2.325581E-7
4.869383E-1	2.373966E-7
4.909602E-1	2.419657E-7
4.949842E-1	2.473968E-7
4.989711E-1	2.520780E-7
5.029628E-1	2.572830E-7
5.069832E-1	2.625913E-7
5.109736E-1	2.679253E-7
5.150287E-1	2.735049E-7
5.190191E-1	2.790770E-7
5.230393E-1	2.847605E-7
5.270293E-1	2.905532E-7
5.310182E-1	2.964254E-7
5.350394E-1	3.027401E-7
5.390638E-1	3.087665E-7
5.430823E-1	3.150125E-7
5.470725E-1	3.208598E-7
5.510597E-1	3.275119E-7
5.550856E-1	3.338994E-7
5.590727E-1	3.399687E-7
5.630617E-1	3.465341E-7
5.671187E-1	3.531843E-7
5.711431E-1	3.600320E-7
5.751307E-1	3.667314E-7
5.791198E-1	3.736324E-7
5.831410E-1	3.807591E-7
5.871311E-1	3.878227E-7
5.911911E-1	3.949641E-7
5.951778E-1	4.022430E-7
5.991666E-1	4.095077E-7
6.031860E-1	4.169687E-7
6.071776E-1	4.243276E-7
6.111622E-1	4.319094E-7
6.152198E-1	4.395907E-7
6.192433E-1	4.473173E-7
6.232342E-1	4.550521E-7
6.272184E-1	4.629767E-7
6.312450E-1	4.708822E-7
6.352302E-1	4.791897E-7
6.392912E-1	4.869262E-7
6.432791E-1	4.950236E-7
6.472650E-1	5.031184E-7
6.512895E-1	5.114130E-7
6.552778E-1	5.195907E-7
6.592705E-1	5.279617E-7
6.632882E-1	5.365175E-7
6.673471E-1	5.452004E-7
6.713321E-1	5.535882E-7
6.753245E-1	5.622575E-7
6.793444E-1	5.712891E-7
6.833341E-1	5.800903E-7
6.873210E-1	5.886175E-7
6.913826E-1	5.978397E-7
6.953702E-1	6.066525E-7
6.993926E-1	6.157313E-7
7.033808E-1	6.247765E-7
7.073699E-1	6.339354E-7
7.113925E-1	6.427761E-7
7.154477E-1	6.521752E-7
7.194387E-1	6.613675E-7
7.234253E-1	6.710085E-7
7.274522E-1	6.804630E-7
7.314398E-1	6.899167E-7
7.354274E-1	6.994010E-7
7.394839E-1	7.090690E-7
7.434732E-1	7.185968E-7
7.474937E-1	7.280688E-7
7.514837E-1	7.380082E-7
7.554716E-1	7.476755E-7
7.594941E-1	7.575843E-7
7.634846E-1	7.673680E-7
7.675397E-1	7.774922E-7
7.715304E-1	7.875161E-7
7.755525E-1	7.975711E-7
7.795420E-1	8.074990E-7
7.835284E-1	8.174584E-7
7.875534E-1	8.279977E-7
7.915745E-1	8.380280E-7
7.956007E-1	8.483578E-7
7.995853E-1	8.586685E-7
8.035782E-1	8.691072E-7
8.075978E-1	8.796539E-7
8.115864E-1	8.902329E-7
8.156448E-1	9.009796E-7
8.196302E-1	9.113267E-7
8.236542E-1	9.223045E-7
8.276411E-1	9.325078E-7
8.316367E-1	9.436695E-7
8.356555E-1	9.543504E-7
8.396791E-1	9.650374E-7
8.437020E-1	9.758716E-7
8.476902E-1	9.870006E-7
8.516793E-1	9.979929E-7
8.523996E-1	9.999829E-7
8.524061E-1	9.999819E-7
8.523514E-1	9.999807E-7
8.523619E-1	9.999804E-7
8.524991E-1	9.999810E-7
8.525299E-1	9.999808E-7
8.524451E-1	9.999816E-7
8.525414E-1	9.999806E-7
8.524920E-1	9.999811E-7
8.524988E-1	9.999810E-7
8.524765E-1	9.999798E-7
8.524891E-1	9.999800E-7
8.525120E-1	9.999801E-7
8.524632E-1	9.999819E-7
8.523984E-1	9.999807E-7
8.523513E-1	9.999807E-7
8.524084E-1	9.999803E-7
8.525100E-1	9.999807E-7
8.524682E-1	9.999800E-7
8.523817E-1	9.999800E-7
8.523857E-1	9.999793E-7
8.525347E-1	9.999795E-7
8.525013E-1	9.999803E-7
8.524708E-1	9.999792E-7
8.524634E-1	9.999811E-7
8.523726E-1	9.999811E-7
8.524593E-1	9.999799E-7
8.524564E-1	9.999808E-7
8.523752E-1	9.999803E-7
8.524682E-1	9.999803E-7
8.523559E-1	9.999810E-7
8.524249E-1	9.999798E-7
8.523732E-1	9.999796E-7
8.524857E-1	9.999793E-7
8.524144E-1	9.999814E-7
8.524682E-1	9.999784E-7
8.524206E-1	9.999806E-7
