Voltage (V)	Current (A)
9.999580E-1	3.870241E-8
9.959368E-1	3.779524E-8
9.919477E-1	3.704170E-8
9.879615E-1	3.637561E-8
9.839053E-1	3.560349E-8
9.799146E-1	3.495392E-8
9.758931E-1	3.429574E-8
9.719080E-1	3.354596E-8
9.678832E-1	3.285564E-8
9.638942E-1	3.216021E-8
9.598374E-1	3.141824E-8
9.558457E-1	3.086775E-8
9.518615E-1	3.029225E-8
9.478333E-1	2.969548E-8
9.438489E-1	2.904101E-8
9.398578E-1	2.842853E-8
9.358054E-1	2.783786E-8
9.318158E-1	2.726805E-8
9.277938E-1	2.668305E-8
9.238039E-1	2.604643E-8
9.198138E-1	2.550264E-8
9.157916E-1	2.496525E-8
9.117407E-1	2.439094E-8
9.077490E-1	2.389984E-8
9.037597E-1	2.334735E-8
8.997394E-1	2.284072E-8
8.957499E-1	2.238157E-8
8.917621E-1	2.183313E-8
8.877385E-1	2.139398E-8
8.837194E-1	2.090677E-8
8.796934E-1	2.040856E-8
8.757052E-1	1.996306E-8
8.717151E-1	1.948931E-8
8.676984E-1	1.902167E-8
8.637074E-1	1.859812E-8
8.596514E-1	1.814771E-8
8.556644E-1	1.775276E-8
8.516402E-1	1.725125E-8
8.476510E-1	1.687734E-8
8.436623E-1	1.648074E-8
8.396422E-1	1.607108E-8
8.356192E-1	1.575584E-8
8.315986E-1	1.534600E-8
8.276057E-1	1.500247E-8
8.236171E-1	1.463934E-8
8.195959E-1	1.428209E-8
8.156092E-1	1.394938E-8
8.115523E-1	1.359749E-8
8.075629E-1	1.324118E-8
8.035429E-1	1.294199E-8
7.995531E-1	1.262672E-8
7.955682E-1	1.228706E-8
7.915416E-1	1.196914E-8
7.875540E-1	1.167258E-8
7.834961E-1	1.135944E-8
7.795098E-1	1.109231E-8
7.755201E-1	1.081427E-8
7.714992E-1	1.051902E-8
7.675093E-1	1.023035E-8
7.635240E-1	9.971718E-9
7.594643E-1	9.723429E-9
7.554436E-1	9.452020E-9
7.514561E-1	9.225311E-9
7.474653E-1	8.978660E-9
7.434450E-1	8.753918E-9
7.394554E-1	8.539946E-9
7.353998E-1	8.283948E-9
7.314116E-1	8.035965E-9
7.274244E-1	7.842266E-9
7.234010E-1	7.637098E-9
7.194109E-1	7.413733E-9
7.154233E-1	7.238825E-9
7.113680E-1	7.055520E-9
7.073461E-1	6.850012E-9
7.033579E-1	6.675799E-9
6.993678E-1	6.504899E-9
6.953468E-1	6.306051E-9
6.913576E-1	6.126690E-9
6.873648E-1	5.948368E-9
6.833111E-1	5.789664E-9
6.793202E-1	5.631753E-9
6.753060E-1	5.452153E-9
6.713119E-1	5.324019E-9
6.673255E-1	5.187932E-9
6.633006E-1	5.040078E-9
6.592464E-1	4.868465E-9
6.552556E-1	4.752868E-9
6.512694E-1	4.619638E-9
6.472431E-1	4.453803E-9
6.432592E-1	4.341018E-9
6.392699E-1	4.227308E-9
6.352122E-1	4.123314E-9
6.312225E-1	3.993471E-9
6.271992E-1	3.875196E-9
6.232142E-1	3.772386E-9
6.192224E-1	3.671280E-9
6.152020E-1	3.572071E-9
6.111447E-1	3.453665E-9
6.071599E-1	3.353826E-9
6.031706E-1	3.248916E-9
5.991479E-1	3.163274E-9
5.951593E-1	3.060167E-9
5.911739E-1	2.981989E-9
5.871497E-1	2.909715E-9
5.831268E-1	2.816409E-9
5.791041E-1	2.734579E-9
5.751156E-1	2.653930E-9
5.711284E-1	2.611866E-9
5.671037E-1	2.512902E-9
5.631168E-1	2.451146E-9
5.590605E-1	2.373802E-9
5.550719E-1	2.313260E-9
5.510456E-1	2.249448E-9
5.470613E-1	2.182959E-9
5.430700E-1	2.132808E-9
5.390493E-1	2.075405E-9
5.350260E-1	2.045617E-9
5.310083E-1	1.933250E-9
5.270170E-1	1.914939E-9
5.230264E-1	1.853895E-9
5.190083E-1	1.798716E-9
5.150171E-1	1.745337E-9
5.109624E-1	1.711820E-9
5.069741E-1	1.656433E-9
5.029517E-1	1.621698E-9
4.989620E-1	1.564552E-9
4.949687E-1	1.508947E-9
4.909494E-1	1.487834E-9
4.869624E-1	1.437684E-9
4.829035E-1	1.399220E-9
4.789131E-1	1.345046E-9
4.749256E-1	1.291586E-9
4.709101E-1	1.294397E-9
4.669204E-1	1.244537E-9
4.629327E-1	1.230125E-9
4.588754E-1	1.194636E-9
4.548523E-1	1.128313E-9
4.508664E-1	1.132670E-9
4.468732E-1	1.102000E-9
4.428530E-1	1.065718E-9
4.388615E-1	1.031779E-9
4.348088E-1	9.931511E-10
4.308168E-1	9.662529E-10
4.268328E-1	9.264089E-10
4.228064E-1	9.243554E-10
4.188162E-1	8.838392E-10
4.148307E-1	8.741617E-10
4.107721E-1	8.380047E-10
4.067499E-1	8.277810E-10
4.027602E-1	7.997930E-10
3.987754E-1	7.884811E-10
3.947521E-1	7.837889E-10
3.907649E-1	7.341827E-10
3.867761E-1	7.082484E-10
3.827212E-1	7.061948E-10
3.787293E-1	6.989461E-10
3.747095E-1	6.821447E-10
3.707191E-1	6.475376E-10
3.667306E-1	6.437262E-10
3.627104E-1	6.221899E-10
3.586549E-1	6.105850E-10
3.546633E-1	5.766470E-10
3.506776E-1	5.541486E-10
3.466563E-1	5.463557E-10
3.426659E-1	5.363843E-10
3.386747E-1	5.308952E-10
3.346207E-1	4.866937E-10
3.306317E-1	5.016503E-10
3.266101E-1	4.596696E-10
3.226228E-1	4.561083E-10
3.186336E-1	4.264031E-10
3.146141E-1	4.099784E-10
3.105558E-1	4.302992E-10
3.065659E-1	4.049515E-10
3.025789E-1	3.759163E-10
2.985518E-1	3.821589E-10
2.945676E-1	3.685841E-10
2.905769E-1	3.620065E-10
2.865560E-1	3.568948E-10
2.825306E-1	3.378734E-10
2.785102E-1	3.151224E-10
2.745192E-1	3.159188E-10
2.705309E-1	2.856267E-10
2.665064E-1	2.805572E-10
2.625219E-1	2.906548E-10
2.584623E-1	2.764092E-10
2.544730E-1	2.656415E-10
2.504554E-1	2.563826E-10
2.464668E-1	2.378634E-10
2.424788E-1	2.269700E-10
2.384568E-1	2.265095E-10
2.344335E-1	2.031723E-10
2.304051E-1	1.973066E-10
2.264231E-1	2.079487E-10
2.224321E-1	1.937873E-10
2.184135E-1	1.812600E-10
2.144224E-1	1.815533E-10
2.103680E-1	1.759808E-10
2.063771E-1	1.580908E-10
2.023497E-1	1.560375E-10
1.983616E-1	1.348793E-10
1.943767E-1	1.456889E-10
1.903546E-1	1.183295E-10
1.863307E-1	1.298936E-10
1.823123E-1	1.096989E-10
1.783256E-1	1.164027E-10
1.743358E-1	1.005233E-10
1.703134E-1	1.003977E-10
1.663239E-1	9.733926E-11
1.623298E-1	8.724173E-11
1.582770E-1	6.348569E-11
1.542549E-1	6.440770E-11
1.502672E-1	7.014761E-11
1.462752E-1	4.542802E-11
1.422521E-1	4.999491E-11
1.382650E-1	5.305331E-11
1.342080E-1	2.933945E-11
1.302190E-1	3.926915E-11
1.262267E-1	3.017733E-11
1.222078E-1	4.577963E-12
1.182179E-1	-5.980237E-12
1.142301E-1	2.189728E-12
1.101734E-1	1.542935E-11
1.061538E-1	1.226116E-12
1.021637E-1	-1.704116E-11
9.817211E-2	-1.272584E-11
9.414858E-2	-2.981994E-11
9.016311E-2	-2.064438E-11
8.610879E-2	-2.822782E-11
8.211772E-2	-3.082553E-11
7.813220E-2	-2.579777E-11
7.410602E-2	-4.389754E-11
7.012275E-2	-2.219454E-11
6.612656E-2	-3.287850E-11
6.210897E-2	-3.589507E-11
5.805060E-2	-4.029432E-11
5.406254E-2	-4.502880E-11
5.007498E-2	-3.468006E-11
4.605270E-2	-4.582482E-11
4.205879E-2	-4.251497E-11
3.807356E-2	-5.231896E-11
3.401982E-2	-4.104850E-11
3.002690E-2	-4.771024E-11
2.600547E-2	-5.236085E-11
2.201919E-2	-5.014027E-11
1.803316E-2	-3.803187E-11
1.400425E-2	-4.670470E-11
9.953018E-3	-3.845083E-11
5.957014E-3	-5.378537E-11
1.972236E-3	-6.317043E-11
-2.043392E-3	-7.075388E-11
-6.034243E-3	-5.516799E-11
-1.002226E-2	-5.319879E-11
-1.408001E-2	-5.596403E-11
-1.807236E-2	-5.282173E-11
-2.209020E-2	-4.804537E-11
-2.607908E-2	-5.441386E-11
-3.007108E-2	-6.162020E-11
-3.409543E-2	-6.865900E-11
-3.808773E-2	-4.532202E-11
-4.214143E-2	-6.689930E-11
-4.613609E-2	-6.765347E-11
-5.015251E-2	-5.948343E-11
-5.414607E-2	-6.828193E-11
-5.813079E-2	-6.270955E-11
-6.212204E-2	-7.724844E-11
-6.617870E-2	-7.737415E-11
-7.020245E-2	-6.790484E-11
-7.419485E-2	-8.441411E-11
-7.818313E-2	-9.266932E-11
-8.220215E-2	-8.055891E-11
-8.619195E-2	-8.458174E-11
-9.025230E-2	-7.682939E-11
-9.423786E-2	-8.533602E-11
-9.823205E-2	-7.791891E-11
-1.022558E-1	-8.822745E-11
-1.062461E-1	-1.134540E-10
-1.102307E-1	-1.085093E-10
-1.142925E-1	-1.173092E-10
-1.182785E-1	-1.063722E-10
-1.223030E-1	-1.281207E-10
-1.262880E-1	-1.158426E-10
-1.302810E-1	-1.292939E-10
-1.343060E-1	-1.244330E-10
-1.382933E-1	-1.419910E-10
-1.423576E-1	-1.633205E-10
-1.463428E-1	-1.582082E-10
-1.503353E-1	-1.520900E-10
-1.543554E-1	-1.551911E-10
-1.583434E-1	-1.810882E-10
-1.623337E-1	-1.786995E-10
-1.663940E-1	-1.809204E-10
-1.704180E-1	-1.975566E-10
-1.744089E-1	-1.884634E-10
-1.783959E-1	-1.948328E-10
-1.824176E-1	-2.125584E-10
-1.864073E-1	-2.134803E-10
-1.904621E-1	-2.243338E-10
-1.944535E-1	-2.333431E-10
-1.984395E-1	-2.358574E-10
-2.024662E-1	-2.514879E-10
-2.064516E-1	-2.499375E-10
-2.104458E-1	-2.671184E-10
-2.145009E-1	-2.966611E-10
-2.184903E-1	-2.789774E-10
-2.225138E-1	-2.835448E-10
-2.265034E-1	-2.994267E-10
-2.304923E-1	-3.268743E-10
-2.345148E-1	-3.344171E-10
-2.385042E-1	-3.478684E-10
-2.425628E-1	-3.567523E-10
-2.465493E-1	-3.799255E-10
-2.505396E-1	-3.592246E-10
-2.545641E-1	-3.665997E-10
-2.585502E-1	-4.005428E-10
-2.625417E-1	-4.018414E-10
-2.665940E-1	-4.395140E-10
-2.706189E-1	-4.388853E-10
-2.746072E-1	-4.444169E-10
-2.786003E-1	-4.578684E-10
-2.826219E-1	-4.871599E-10
-2.866115E-1	-4.767253E-10
-2.906696E-1	-5.037115E-10
-2.946590E-1	-5.185881E-10
-2.986469E-1	-5.374026E-10
-3.026705E-1	-5.436047E-10
-3.066632E-1	-5.579782E-10
-3.106498E-1	-5.752849E-10
-3.147101E-1	-6.028160E-10
-3.186966E-1	-6.172730E-10
-3.227202E-1	-6.402373E-10
-3.267060E-1	-6.518452E-10
-3.306976E-1	-6.795017E-10
-3.347202E-1	-6.771968E-10
-3.387407E-1	-7.004537E-10
-3.427666E-1	-7.227889E-10
-3.467576E-1	-7.431964E-10
-3.507449E-1	-7.754634E-10
-3.547677E-1	-7.834252E-10
-3.587571E-1	-8.002710E-10
-3.627454E-1	-8.370210E-10
-3.668039E-1	-8.560459E-10
-3.708257E-1	-8.908263E-10
-3.748170E-1	-9.232604E-10
-3.788049E-1	-9.200762E-10
-3.827967E-1	-9.622734E-10
-3.868176E-1	-9.720380E-10
-3.908746E-1	-1.010421E-9
-3.948626E-1	-1.013270E-9
-3.988529E-1	-1.071646E-9
-4.028717E-1	-1.102738E-9
-4.068624E-1	-1.122224E-9
-4.108540E-1	-1.160734E-9
-4.149084E-1	-1.174857E-9
-4.189025E-1	-1.199076E-9
-4.229218E-1	-1.248105E-9
-4.269140E-1	-1.265413E-9
-4.309017E-1	-1.317249E-9
-4.349252E-1	-1.342559E-9
-4.389482E-1	-1.377840E-9
-4.429734E-1	-1.432987E-9
-4.469597E-1	-1.442376E-9
-4.509544E-1	-1.494042E-9
-4.549746E-1	-1.530667E-9
-4.589623E-1	-1.564655E-9
-4.629498E-1	-1.610580E-9
-4.670077E-1	-1.635303E-9
-4.710323E-1	-1.672851E-9
-4.750183E-1	-1.729631E-9
-4.790090E-1	-1.777110E-9
-4.829957E-1	-1.834354E-9
-4.870219E-1	-1.868965E-9
-4.910760E-1	-1.913341E-9
-4.950682E-1	-1.960776E-9
-4.990579E-1	-1.981854E-9
-5.030816E-1	-2.078192E-9
-5.070683E-1	-2.120351E-9
-5.110580E-1	-2.166151E-9
-5.151146E-1	-2.228083E-9
-5.191037E-1	-2.288810E-9
-5.231292E-1	-2.332304E-9
-5.271152E-1	-2.399100E-9
-5.311053E-1	-2.447371E-9
-5.351268E-1	-2.525313E-9
-5.391511E-1	-2.590396E-9
-5.431724E-1	-2.619934E-9
-5.471621E-1	-2.697964E-9
-5.511495E-1	-2.765597E-9
-5.551764E-1	-2.832849E-9
-5.591628E-1	-2.897852E-9
-5.631536E-1	-2.975161E-9
-5.672095E-1	-3.041287E-9
-5.711999E-1	-3.137797E-9
-5.752245E-1	-3.178733E-9
-5.792093E-1	-3.256052E-9
-5.832028E-1	-3.347862E-9
-5.872242E-1	-3.430918E-9
-5.912848E-1	-3.523645E-9
-5.952702E-1	-3.612573E-9
-5.992614E-1	-3.682846E-9
-6.032825E-1	-3.781945E-9
-6.072735E-1	-3.870623E-9
-6.112600E-1	-3.963608E-9
-6.153151E-1	-4.078800E-9
-6.193044E-1	-4.175142E-9
-6.233301E-1	-4.285936E-9
-6.273172E-1	-4.371005E-9
-6.313059E-1	-4.478743E-9
-6.353313E-1	-4.592967E-9
-6.393523E-1	-4.702421E-9
-6.433764E-1	-4.804213E-9
-6.473628E-1	-4.935083E-9
-6.513542E-1	-5.048062E-9
-6.553754E-1	-5.175955E-9
-6.593685E-1	-5.294021E-9
-6.633562E-1	-5.422841E-9
-6.674115E-1	-5.564276E-9
-6.713989E-1	-5.701307E-9
-6.754246E-1	-5.833558E-9
-6.794095E-1	-5.975623E-9
-6.834011E-1	-6.129441E-9
-6.874252E-1	-6.257838E-9
-6.914796E-1	-6.420394E-9
-6.954724E-1	-6.608416E-9
-6.994600E-1	-6.731563E-9
-7.034842E-1	-6.902418E-9
-7.074696E-1	-7.035468E-9
-7.114619E-1	-7.214701E-9
-7.155194E-1	-7.391595E-9
-7.195088E-1	-7.556590E-9
-7.235315E-1	-7.724708E-9
-7.275220E-1	-7.907793E-9
-7.315087E-1	-8.082915E-9
-7.355327E-1	-8.265688E-9
-7.395562E-1	-8.457620E-9
-7.435761E-1	-8.660431E-9
-7.475672E-1	-8.854589E-9
-7.515536E-1	-9.046343E-9
-7.555761E-1	-9.239896E-9
-7.595648E-1	-9.423993E-9
-7.635572E-1	-9.661745E-9
-7.676122E-1	-9.875500E-9
-7.716015E-1	-1.007866E-8
-7.756217E-1	-1.028449E-8
-7.796134E-1	-1.050386E-8
-7.835999E-1	-1.073363E-8
-7.876256E-1	-1.094399E-8
-7.916835E-1	-1.120904E-8
-7.956718E-1	-1.143646E-8
-7.996616E-1	-1.168263E-8
-8.036487E-1	-1.193261E-8
-8.076718E-1	-1.218440E-8
-8.116580E-1	-1.243655E-8
-8.157171E-1	-1.271133E-8
-8.197045E-1	-1.297691E-8
-8.237289E-1	-1.324916E-8
-8.277159E-1	-1.350323E-8
-8.317083E-1	-1.377356E-8
-8.357291E-1	-1.407251E-8
-8.397536E-1	-1.433022E-8
-8.437746E-1	-1.466034E-8
-8.477641E-1	-1.497805E-8
-8.517541E-1	-1.527243E-8
-8.557754E-1	-1.557395E-8
-8.597673E-1	-1.591049E-8
-8.637537E-1	-1.623497E-8
-8.678121E-1	-1.656884E-8
-8.718022E-1	-1.686239E-8
-8.758246E-1	-1.721934E-8
-8.798122E-1	-1.755955E-8
-8.838020E-1	-1.791416E-8
-8.878220E-1	-1.828291E-8
-8.918449E-1	-1.862446E-8
-8.958684E-1	-1.899067E-8
-8.998585E-1	-1.943159E-8
-9.038484E-1	-1.978933E-8
-9.078687E-1	-2.020461E-8
-9.118600E-1	-2.057727E-8
-9.159139E-1	-2.098974E-8
-9.199042E-1	-2.140908E-8
-9.239246E-1	-2.181218E-8
-9.279181E-1	-2.224430E-8
-9.319051E-1	-2.270481E-8
-9.359292E-1	-2.320363E-8
-9.399511E-1	-2.364470E-8
-9.439734E-1	-2.405853E-8
-9.479617E-1	-2.457041E-8
-9.519523E-1	-2.505960E-8
-9.559755E-1	-2.553021E-8
-9.599631E-1	-2.600498E-8
-9.639537E-1	-2.648597E-8
-9.680109E-1	-2.698837E-8
-9.719997E-1	-2.759507E-8
-9.760206E-1	-2.811868E-8
-9.800107E-1	-2.858960E-8
-9.839977E-1	-2.916339E-8
-9.880226E-1	-2.974054E-8
-9.920422E-1	-3.027711E-8
-9.960687E-1	-3.083829E-8
-1.000057E+0	-3.146216E-8
