Voltage (V)	Current (A)
8.367224E-1	9.986117E-7
8.366743E-1	9.985622E-7
8.365407E-1	9.986510E-7
8.365487E-1	9.985852E-7
8.366655E-1	9.986074E-7
8.366875E-1	9.986281E-7
8.367398E-1	9.985866E-7
8.367116E-1	9.985820E-7
8.366157E-1	9.985107E-7
8.366951E-1	9.984908E-7
8.366249E-1	9.984369E-7
8.366622E-1	9.986504E-7
8.367097E-1	9.984440E-7
8.367320E-1	9.985773E-7
8.367200E-1	9.986373E-7
8.368126E-1	9.985531E-7
8.367361E-1	9.985902E-7
8.367628E-1	9.985710E-7
8.366375E-1	9.985753E-7
8.367736E-1	9.985200E-7
8.367616E-1	9.985248E-7
8.367214E-1	9.985575E-7
8.367754E-1	9.985824E-7
8.367445E-1	9.984811E-7
8.366539E-1	9.985617E-7
8.367602E-1	9.985657E-7
8.367426E-1	9.985206E-7
8.366712E-1	9.984827E-7
8.367147E-1	9.985200E-7
8.366668E-1	9.984075E-7
8.367574E-1	9.986500E-7
8.366941E-1	9.985960E-7
8.366335E-1	9.985660E-7
8.366202E-1	9.985030E-7
8.365197E-1	9.983854E-7
8.365535E-1	9.984074E-7
8.365296E-1	9.984321E-7
8.367329E-1	9.985332E-7
8.366774E-1	9.984943E-7
8.366473E-1	9.984985E-7
8.366858E-1	9.984491E-7
8.356547E-1	9.965892E-7
8.316353E-1	9.853964E-7
8.276420E-1	9.741029E-7
8.236544E-1	9.627496E-7
8.196306E-1	9.513488E-7
8.156441E-1	9.403840E-7
8.115844E-1	9.292837E-7
8.075981E-1	9.180330E-7
8.035758E-1	9.073192E-7
7.995852E-1	8.965716E-7
7.955996E-1	8.860004E-7
7.915732E-1	8.748604E-7
7.875859E-1	8.644968E-7
7.835283E-1	8.536009E-7
7.795425E-1	8.429001E-7
7.755533E-1	8.321132E-7
7.715298E-1	8.216061E-7
7.675380E-1	8.112104E-7
7.635529E-1	8.009641E-7
7.594939E-1	7.904117E-7
7.554716E-1	7.800347E-7
7.514828E-1	7.699198E-7
7.474943E-1	7.601826E-7
7.434739E-1	7.496893E-7
7.394835E-1	7.400088E-7
7.354294E-1	7.298705E-7
7.314392E-1	7.200239E-7
7.274521E-1	7.101805E-7
7.234278E-1	6.999720E-7
7.194372E-1	6.906269E-7
7.154473E-1	6.808722E-7
7.113934E-1	6.711682E-7
7.073687E-1	6.614925E-7
7.033828E-1	6.519942E-7
6.993917E-1	6.426557E-7
6.953714E-1	6.330394E-7
6.913812E-1	6.236190E-7
6.873905E-1	6.142498E-7
6.833330E-1	6.049176E-7
6.793422E-1	5.957820E-7
6.753234E-1	5.868899E-7
6.713340E-1	5.778801E-7
6.673469E-1	5.693948E-7
6.633233E-1	5.603077E-7
6.592682E-1	5.511032E-7
6.552756E-1	5.427336E-7
6.512898E-1	5.341300E-7
6.472650E-1	5.254821E-7
6.432779E-1	5.166295E-7
6.392896E-1	5.082157E-7
6.352307E-1	5.001202E-7
6.312423E-1	4.918135E-7
6.272204E-1	4.835331E-7
6.232320E-1	4.752763E-7
6.192402E-1	4.674270E-7
6.152198E-1	4.593008E-7
6.111619E-1	4.512289E-7
6.071766E-1	4.430540E-7
6.031861E-1	4.352850E-7
5.991655E-1	4.275638E-7
5.951766E-1	4.203837E-7
5.911875E-1	4.123868E-7
5.871637E-1	4.048667E-7
5.831418E-1	3.974383E-7
5.791200E-1	3.900642E-7
5.751291E-1	3.833160E-7
5.711415E-1	3.762231E-7
5.671169E-1	3.691113E-7
5.631307E-1	3.622417E-7
5.590723E-1	3.552902E-7
5.550850E-1	3.485621E-7
5.510585E-1	3.414226E-7
5.470722E-1	3.348454E-7
5.430814E-1	3.284258E-7
5.390626E-1	3.219540E-7
5.350384E-1	3.159755E-7
5.310186E-1	3.097604E-7
5.270281E-1	3.032621E-7
5.230386E-1	2.974449E-7
5.190195E-1	2.917975E-7
5.150292E-1	2.859903E-7
5.109736E-1	2.801494E-7
5.069814E-1	2.745657E-7
5.029622E-1	2.689476E-7
4.989701E-1	2.635573E-7
4.949831E-1	2.582451E-7
4.909590E-1	2.529931E-7
4.869736E-1	2.475211E-7
4.829141E-1	2.423439E-7
4.789250E-1	2.373368E-7
4.749373E-1	2.325109E-7
4.709150E-1	2.277449E-7
4.669299E-1	2.235035E-7
4.629385E-1	2.189291E-7
4.588837E-1	2.143359E-7
4.548620E-1	2.099051E-7
4.508755E-1	2.055808E-7
4.468808E-1	2.013200E-7
4.428624E-1	1.971405E-7
4.388692E-1	1.930756E-7
4.348158E-1	1.890676E-7
4.308254E-1	1.847141E-7
4.268372E-1	1.808491E-7
4.228133E-1	1.770898E-7
4.188248E-1	1.733081E-7
4.148369E-1	1.696661E-7
4.107777E-1	1.660486E-7
4.067553E-1	1.625078E-7
4.027671E-1	1.594022E-7
3.987826E-1	1.560373E-7
3.947579E-1	1.526466E-7
3.907690E-1	1.493444E-7
3.867818E-1	1.460757E-7
3.827269E-1	1.426944E-7
3.787350E-1	1.393488E-7
3.747146E-1	1.366565E-7
3.707246E-1	1.336204E-7
3.667336E-1	1.302240E-7
3.627146E-1	1.272187E-7
3.586579E-1	1.242842E-7
3.546706E-1	1.214101E-7
3.506811E-1	1.185708E-7
3.466617E-1	1.157543E-7
3.426679E-1	1.130193E-7
3.386799E-1	1.103187E-7
3.346226E-1	1.075628E-7
3.306383E-1	1.049036E-7
3.266140E-1	1.022884E-7
3.226265E-1	9.967192E-8
3.186357E-1	9.712736E-8
3.146185E-1	9.459812E-8
3.105578E-1	9.211858E-8
3.065700E-1	8.961874E-8
3.025807E-1	8.721248E-8
2.985550E-1	8.503677E-8
2.945692E-1	8.264792E-8
2.905793E-1	8.027320E-8
2.865587E-1	7.766774E-8
2.825322E-1	7.540912E-8
2.785144E-1	7.337051E-8
2.745211E-1	7.114647E-8
2.705348E-1	6.896518E-8
2.665103E-1	6.675118E-8
2.625243E-1	6.433384E-8
2.584662E-1	6.218376E-8
2.544779E-1	6.012908E-8
2.504553E-1	5.804888E-8
2.464706E-1	5.620227E-8
2.424827E-1	5.425922E-8
2.384584E-1	5.224983E-8
2.344355E-1	5.027153E-8
2.304080E-1	4.835205E-8
2.264257E-1	4.653784E-8
2.224349E-1	4.467624E-8
2.184150E-1	4.278357E-8
2.144233E-1	4.106538E-8
2.103706E-1	3.943342E-8
2.063776E-1	3.767524E-8
2.023525E-1	3.606216E-8
1.983632E-1	3.449761E-8
1.943790E-1	3.294542E-8
1.903591E-1	3.146102E-8
1.863339E-1	2.997104E-8
1.823124E-1	2.854839E-8
1.783257E-1	2.714385E-8
1.743368E-1	2.582397E-8
1.703120E-1	2.450113E-8
1.663232E-1	2.323811E-8
1.623315E-1	2.200032E-8
1.582803E-1	2.075090E-8
1.542560E-1	1.953268E-8
1.502688E-1	1.836202E-8
1.462765E-1	1.729073E-8
1.422515E-1	1.619744E-8
1.382686E-1	1.516761E-8
1.342062E-1	1.417114E-8
1.302186E-1	1.321740E-8
1.262274E-1	1.227525E-8
1.222075E-1	1.143763E-8
1.182184E-1	1.062704E-8
1.142322E-1	9.878397E-9
1.101754E-1	9.119091E-9
1.061536E-1	8.429502E-9
1.021624E-1	7.808858E-9
9.817517E-2	7.184128E-9
9.415105E-2	6.619683E-9
9.016208E-2	6.107028E-9
8.610627E-2	5.612204E-9
8.211993E-2	5.143712E-9
7.813144E-2	4.690917E-9
7.410534E-2	4.287823E-9
7.012060E-2	3.900062E-9
6.612624E-2	3.539489E-9
6.210782E-2	3.204015E-9
5.804958E-2	2.890116E-9
5.406453E-2	2.585771E-9
5.007307E-2	2.329941E-9
4.605224E-2	2.065191E-9
4.206005E-2	1.813845E-9
3.807355E-2	1.596733E-9
3.401908E-2	1.370862E-9
3.002733E-2	1.164725E-9
2.600523E-2	9.880431E-10
2.201775E-2	7.967796E-10
1.803230E-2	6.300272E-10
1.400539E-2	4.609279E-10
9.949280E-3	3.199004E-10
5.955610E-3	1.692361E-10
1.972245E-3	1.568107E-11
-2.043232E-3	-1.631113E-10
-6.033513E-3	-2.780142E-10
-1.002630E-2	-4.322235E-10
-1.408122E-2	-5.800215E-10
-1.807285E-2	-7.452944E-10
-2.209269E-2	-9.067115E-10
-2.608010E-2	-1.086608E-9
-3.007364E-2	-1.268432E-9
-3.409737E-2	-1.474689E-9
-3.809105E-2	-1.688989E-9
-4.214413E-2	-1.922314E-9
-4.613569E-2	-2.173367E-9
-5.015359E-2	-2.425801E-9
-5.414588E-2	-2.716704E-9
-5.813294E-2	-3.011418E-9
-6.212242E-2	-3.323401E-9
-6.618170E-2	-3.653983E-9
-7.020529E-2	-4.024677E-9
-7.419567E-2	-4.405796E-9
-7.818417E-2	-4.804859E-9
-8.220363E-2	-5.244736E-9
-8.619424E-2	-5.713398E-9
-9.025472E-2	-6.198442E-9
-9.423966E-2	-6.722714E-9
-9.823490E-2	-7.296469E-9
-1.022575E-1	-7.860969E-9
-1.062499E-1	-8.484176E-9
-1.102339E-1	-9.110364E-9
-1.142940E-1	-9.811052E-9
-1.182818E-1	-1.052691E-8
-1.223057E-1	-1.126983E-8
-1.262897E-1	-1.207914E-8
-1.302821E-1	-1.287337E-8
-1.343061E-1	-1.373996E-8
-1.382951E-1	-1.459511E-8
-1.423579E-1	-1.554143E-8
-1.463434E-1	-1.651621E-8
-1.503383E-1	-1.752224E-8
-1.543594E-1	-1.858388E-8
-1.583469E-1	-1.966458E-8
-1.623363E-1	-2.079679E-8
-1.663954E-1	-2.198946E-8
-1.704189E-1	-2.320254E-8
-1.744115E-1	-2.441017E-8
-1.783968E-1	-2.572745E-8
-1.824205E-1	-2.704732E-8
-1.864094E-1	-2.843903E-8
-1.904663E-1	-2.987005E-8
-1.944564E-1	-3.130484E-8
-1.984421E-1	-3.281069E-8
-2.024686E-1	-3.439244E-8
-2.064568E-1	-3.596642E-8
-2.104506E-1	-3.757400E-8
-2.145050E-1	-3.932299E-8
-2.184945E-1	-4.102758E-8
-2.225181E-1	-4.281128E-8
-2.265065E-1	-4.463819E-8
-2.304958E-1	-4.648635E-8
-2.345192E-1	-4.842443E-8
-2.385090E-1	-5.034019E-8
-2.425672E-1	-5.238154E-8
-2.465533E-1	-5.445884E-8
-2.505431E-1	-5.659875E-8
-2.545705E-1	-5.872574E-8
-2.585561E-1	-6.088740E-8
-2.625468E-1	-6.315343E-8
-2.665995E-1	-6.542828E-8
-2.706245E-1	-6.772535E-8
-2.746143E-1	-7.030567E-8
-2.786065E-1	-7.274606E-8
-2.826277E-1	-7.526123E-8
-2.866183E-1	-7.778875E-8
-2.906747E-1	-8.041254E-8
-2.946644E-1	-8.306975E-8
-2.986526E-1	-8.582533E-8
-3.026756E-1	-8.862357E-8
-3.066698E-1	-9.140664E-8
-3.106567E-1	-9.422826E-8
-3.147152E-1	-9.715167E-8
-3.187038E-1	-1.000995E-7
-3.227281E-1	-1.030926E-7
-3.267129E-1	-1.061541E-7
-3.307074E-1	-1.092552E-7
-3.347267E-1	-1.123429E-7
-3.387504E-1	-1.156158E-7
-3.427723E-1	-1.189589E-7
-3.467647E-1	-1.222258E-7
-3.507519E-1	-1.256179E-7
-3.547747E-1	-1.289173E-7
-3.587651E-1	-1.323870E-7
-3.627545E-1	-1.358619E-7
-3.668135E-1	-1.394591E-7
-3.708341E-1	-1.430460E-7
-3.748266E-1	-1.466994E-7
-3.788145E-1	-1.503333E-7
-3.828063E-1	-1.540912E-7
-3.868270E-1	-1.579005E-7
-3.908840E-1	-1.618428E-7
-3.948708E-1	-1.657396E-7
-3.988634E-1	-1.696036E-7
-4.028827E-1	-1.737111E-7
-4.068726E-1	-1.777495E-7
-4.108632E-1	-1.817428E-7
-4.149193E-1	-1.860624E-7
-4.189115E-1	-1.902481E-7
-4.229319E-1	-1.944964E-7
-4.269239E-1	-1.988438E-7
-4.309127E-1	-2.031341E-7
-4.349371E-1	-2.076546E-7
-4.389596E-1	-2.120706E-7
-4.429845E-1	-2.167248E-7
-4.469730E-1	-2.211991E-7
-4.509654E-1	-2.257978E-7
-4.549850E-1	-2.304890E-7
-4.589751E-1	-2.350720E-7
-4.629629E-1	-2.397630E-7
-4.670193E-1	-2.445976E-7
-4.710454E-1	-2.494398E-7
-4.750315E-1	-2.546039E-7
-4.790219E-1	-2.593140E-7
-4.830103E-1	-2.643914E-7
-4.870349E-1	-2.695061E-7
-4.910903E-1	-2.747991E-7
-4.950840E-1	-2.797771E-7
-4.990710E-1	-2.851116E-7
-5.030960E-1	-2.903290E-7
-5.070826E-1	-2.957324E-7
-5.110725E-1	-3.009874E-7
-5.151300E-1	-3.064325E-7
-5.191199E-1	-3.119124E-7
-5.231442E-1	-3.174732E-7
-5.271327E-1	-3.230598E-7
-5.311221E-1	-3.285165E-7
-5.351425E-1	-3.342317E-7
-5.391685E-1	-3.400325E-7
-5.431879E-1	-3.457456E-7
-5.471791E-1	-3.515719E-7
-5.511675E-1	-3.575988E-7
-5.551939E-1	-3.634927E-7
-5.591806E-1	-3.695823E-7
-5.631730E-1	-3.756621E-7
-5.672272E-1	-3.817228E-7
-5.712186E-1	-3.878586E-7
-5.752438E-1	-3.942128E-7
-5.792283E-1	-4.002877E-7
-5.832231E-1	-4.066953E-7
-5.872435E-1	-4.130238E-7
-5.913043E-1	-4.194772E-7
-5.952907E-1	-4.260013E-7
-5.992798E-1	-4.325758E-7
-6.033033E-1	-4.392641E-7
-6.072942E-1	-4.460020E-7
-6.112815E-1	-4.525751E-7
-6.153374E-1	-4.595717E-7
-6.193252E-1	-4.664112E-7
-6.233507E-1	-4.733654E-7
-6.273394E-1	-4.802398E-7
-6.313294E-1	-4.874436E-7
-6.353552E-1	-4.944289E-7
-6.393757E-1	-5.016237E-7
-6.434004E-1	-5.088229E-7
-6.473862E-1	-5.162798E-7
-6.513796E-1	-5.235484E-7
-6.554020E-1	-5.310117E-7
-6.593927E-1	-5.384540E-7
-6.633800E-1	-5.459092E-7
-6.674380E-1	-5.535356E-7
-6.714263E-1	-5.613740E-7
-6.754513E-1	-5.689003E-7
-6.794370E-1	-5.766481E-7
-6.834266E-1	-5.845064E-7
-6.874525E-1	-5.923545E-7
-6.915089E-1	-6.004456E-7
-6.954997E-1	-6.085904E-7
-6.994863E-1	-6.165052E-7
-7.035129E-1	-6.248059E-7
-7.074987E-1	-6.326733E-7
-7.114922E-1	-6.410112E-7
-7.155469E-1	-6.494247E-7
-7.195386E-1	-6.576761E-7
-7.235616E-1	-6.662580E-7
-7.275533E-1	-6.747140E-7
-7.315406E-1	-6.832230E-7
-7.355640E-1	-6.918917E-7
-7.395891E-1	-7.006303E-7
-7.436098E-1	-7.093284E-7
-7.476001E-1	-7.181991E-7
-7.515873E-1	-7.270262E-7
-7.556103E-1	-7.359810E-7
-7.596010E-1	-7.451663E-7
-7.635920E-1	-7.538565E-7
-7.676479E-1	-7.630805E-7
-7.716382E-1	-7.722655E-7
-7.756587E-1	-7.816036E-7
-7.796496E-1	-7.908037E-7
-7.836383E-1	-7.998889E-7
-7.876627E-1	-8.096338E-7
-7.917211E-1	-8.190987E-7
-7.957088E-1	-8.284985E-7
-7.996998E-1	-8.378263E-7
-8.036882E-1	-8.476075E-7
-8.077120E-1	-8.572782E-7
-8.116983E-1	-8.669573E-7
-8.157572E-1	-8.767948E-7
-8.197469E-1	-8.866969E-7
-8.237701E-1	-8.967733E-7
-8.277569E-1	-9.066129E-7
-8.317506E-1	-9.164079E-7
-8.357708E-1	-9.263818E-7
-8.397974E-1	-9.367726E-7
-8.438174E-1	-9.469471E-7
-8.478077E-1	-9.572800E-7
-8.517987E-1	-9.674023E-7
-8.558208E-1	-9.778138E-7
-8.598124E-1	-9.880087E-7
-8.638149E-1	-9.984377E-7
-8.644025E-1	-1.000008E-6
-8.643880E-1	-1.000007E-6
-8.643149E-1	-1.000006E-6
-8.644061E-1	-1.000007E-6
-8.644777E-1	-1.000005E-6
-8.644606E-1	-1.000005E-6
-8.644902E-1	-1.000007E-6
-8.644059E-1	-1.000007E-6
-8.644693E-1	-1.000007E-6
-8.643371E-1	-1.000007E-6
-8.644814E-1	-1.000008E-6
-8.643497E-1	-1.000008E-6
-8.644646E-1	-1.000006E-6
-8.644165E-1	-1.000007E-6
-8.643727E-1	-1.000006E-6
-8.644924E-1	-1.000007E-6
-8.644175E-1	-1.000006E-6
-8.644442E-1	-1.000006E-6
-8.644211E-1	-1.000007E-6
-8.644438E-1	-1.000006E-6
-8.644401E-1	-1.000006E-6
-8.644075E-1	-1.000007E-6
-8.643596E-1	-1.000007E-6
-8.644124E-1	-1.000007E-6
-8.644634E-1	-1.000007E-6
-8.644648E-1	-1.000006E-6
-8.644432E-1	-1.000006E-6
-8.643485E-1	-1.000007E-6
-8.643348E-1	-1.000006E-6
-8.643498E-1	-1.000005E-6
-8.643720E-1	-1.000006E-6
-8.644378E-1	-1.000006E-6
-8.644691E-1	-1.000007E-6
-8.644516E-1	-1.000006E-6
