Voltage (V)	Current (A)
8.394940E-1	9.986283E-7
8.394467E-1	9.986113E-7
8.395738E-1	9.986284E-7
8.396469E-1	9.986620E-7
8.396412E-1	9.986710E-7
8.396813E-1	9.986745E-7
8.396317E-1	9.986164E-7
8.396330E-1	9.986697E-7
8.395720E-1	9.985780E-7
8.394849E-1	9.985358E-7
8.394814E-1	9.984400E-7
8.396499E-1	9.985185E-7
8.395705E-1	9.984603E-7
8.395630E-1	9.986695E-7
8.396347E-1	9.986534E-7
8.396809E-1	9.985908E-7
8.397537E-1	9.986568E-7
8.396930E-1	9.986495E-7
8.396015E-1	9.986119E-7
8.396012E-1	9.985406E-7
8.396214E-1	9.986245E-7
8.396778E-1	9.986245E-7
8.395782E-1	9.986780E-7
8.396226E-1	9.985821E-7
8.396546E-1	9.986531E-7
8.395716E-1	9.985911E-7
8.396521E-1	9.985274E-7
8.394299E-1	9.985027E-7
8.394662E-1	9.985446E-7
8.395411E-1	9.984362E-7
8.395172E-1	9.986238E-7
8.396620E-1	9.986494E-7
8.395427E-1	9.986237E-7
8.396438E-1	9.986327E-7
8.395568E-1	9.984692E-7
8.395181E-1	9.984936E-7
8.395242E-1	9.983986E-7
8.395627E-1	9.985704E-7
8.395316E-1	9.985145E-7
8.394917E-1	9.985574E-7
8.395625E-1	9.985148E-7
8.356538E-1	9.881725E-7
8.316319E-1	9.768501E-7
8.276415E-1	9.658573E-7
8.236538E-1	9.545392E-7
8.196292E-1	9.434942E-7
8.156441E-1	9.324147E-7
8.115830E-1	9.213177E-7
8.075964E-1	9.106186E-7
8.035752E-1	8.999244E-7
7.995834E-1	8.891386E-7
7.956002E-1	8.783208E-7
7.915723E-1	8.674240E-7
7.875858E-1	8.565905E-7
7.835273E-1	8.458583E-7
7.795415E-1	8.357117E-7
7.755523E-1	8.251487E-7
7.715296E-1	8.143001E-7
7.675381E-1	8.041718E-7
7.635531E-1	7.941697E-7
7.594920E-1	7.836453E-7
7.554713E-1	7.733757E-7
7.514816E-1	7.629842E-7
7.474924E-1	7.528120E-7
7.434717E-1	7.430386E-7
7.394822E-1	7.330513E-7
7.354273E-1	7.229857E-7
7.314385E-1	7.132785E-7
7.274507E-1	7.033863E-7
7.234265E-1	6.935303E-7
7.194372E-1	6.839811E-7
7.154465E-1	6.743345E-7
7.113916E-1	6.643429E-7
7.073691E-1	6.548235E-7
7.033837E-1	6.452494E-7
6.993901E-1	6.358911E-7
6.953723E-1	6.266415E-7
6.913819E-1	6.173201E-7
6.873899E-1	6.081703E-7
6.833341E-1	5.989133E-7
6.793438E-1	5.903058E-7
6.753232E-1	5.811975E-7
6.713337E-1	5.719385E-7
6.673456E-1	5.630911E-7
6.633229E-1	5.542886E-7
6.592671E-1	5.453338E-7
6.552759E-1	5.366063E-7
6.512899E-1	5.280339E-7
6.472660E-1	5.198729E-7
6.432771E-1	5.114186E-7
6.392884E-1	5.030649E-7
6.352310E-1	4.946074E-7
6.312434E-1	4.861440E-7
6.272189E-1	4.782560E-7
6.232306E-1	4.701158E-7
6.192425E-1	4.621041E-7
6.152205E-1	4.541482E-7
6.111608E-1	4.462418E-7
6.071756E-1	4.384421E-7
6.031855E-1	4.306389E-7
5.991644E-1	4.227185E-7
5.951757E-1	4.151346E-7
5.911878E-1	4.079646E-7
5.871648E-1	4.006172E-7
5.831395E-1	3.932209E-7
5.791200E-1	3.859747E-7
5.751286E-1	3.788358E-7
5.711408E-1	3.718581E-7
5.671161E-1	3.649285E-7
5.631314E-1	3.579758E-7
5.590737E-1	3.510528E-7
5.550838E-1	3.439842E-7
5.510598E-1	3.373571E-7
5.470698E-1	3.308689E-7
5.430812E-1	3.248797E-7
5.390610E-1	3.185515E-7
5.350382E-1	3.118639E-7
5.310168E-1	3.055817E-7
5.270291E-1	2.995751E-7
5.230389E-1	2.936621E-7
5.190196E-1	2.878020E-7
5.150267E-1	2.825030E-7
5.109734E-1	2.763394E-7
5.069832E-1	2.708197E-7
5.029620E-1	2.653029E-7
4.989716E-1	2.598874E-7
4.949829E-1	2.546478E-7
4.909582E-1	2.494165E-7
4.869721E-1	2.443602E-7
4.829133E-1	2.393119E-7
4.789252E-1	2.348613E-7
4.749341E-1	2.296188E-7
4.709133E-1	2.248957E-7
4.669280E-1	2.202424E-7
4.629374E-1	2.156778E-7
4.588817E-1	2.111598E-7
4.548591E-1	2.068124E-7
4.508741E-1	2.025835E-7
4.468809E-1	1.983985E-7
4.428591E-1	1.942733E-7
4.388695E-1	1.907042E-7
4.348152E-1	1.863841E-7
4.308241E-1	1.827388E-7
4.268367E-1	1.789186E-7
4.228129E-1	1.751725E-7
4.188234E-1	1.714204E-7
4.148353E-1	1.674866E-7
4.107767E-1	1.639332E-7
4.067551E-1	1.604370E-7
4.027669E-1	1.570243E-7
3.987823E-1	1.536719E-7
3.947575E-1	1.506403E-7
3.907678E-1	1.475373E-7
3.867793E-1	1.443080E-7
3.827263E-1	1.410984E-7
3.787351E-1	1.376664E-7
3.747143E-1	1.344498E-7
3.707229E-1	1.314839E-7
3.667334E-1	1.288411E-7
3.627139E-1	1.259768E-7
3.586552E-1	1.230046E-7
3.546697E-1	1.201546E-7
3.506788E-1	1.169803E-7
3.466592E-1	1.142367E-7
3.426672E-1	1.114944E-7
3.386779E-1	1.088227E-7
3.346216E-1	1.061146E-7
3.306371E-1	1.035724E-7
3.266122E-1	1.008867E-7
3.226247E-1	9.834632E-8
3.186348E-1	9.581219E-8
3.146169E-1	9.332824E-8
3.105585E-1	9.083280E-8
3.065678E-1	8.840689E-8
3.025797E-1	8.595603E-8
2.985536E-1	8.355675E-8
2.945680E-1	8.122398E-8
2.905784E-1	7.917730E-8
2.865575E-1	7.686933E-8
2.825325E-1	7.453600E-8
2.785124E-1	7.209798E-8
2.745216E-1	7.005833E-8
2.705319E-1	6.789621E-8
2.665077E-1	6.576189E-8
2.625238E-1	6.366304E-8
2.584654E-1	6.149376E-8
2.544772E-1	5.946842E-8
2.504567E-1	5.736957E-8
2.464678E-1	5.538008E-8
2.424827E-1	5.321509E-8
2.384569E-1	5.145428E-8
2.344358E-1	4.951488E-8
2.304063E-1	4.765164E-8
2.264252E-1	4.568001E-8
2.224327E-1	4.404676E-8
2.184124E-1	4.224817E-8
2.144242E-1	4.052697E-8
2.103688E-1	3.881274E-8
2.063766E-1	3.706847E-8
2.023510E-1	3.550204E-8
1.983629E-1	3.396754E-8
1.943771E-1	3.243311E-8
1.903575E-1	3.100832E-8
1.863327E-1	2.955419E-8
1.823110E-1	2.815817E-8
1.783249E-1	2.675398E-8
1.743372E-1	2.540640E-8
1.703113E-1	2.410504E-8
1.663226E-1	2.284450E-8
1.623320E-1	2.160916E-8
1.582779E-1	2.040793E-8
1.542545E-1	1.921960E-8
1.502669E-1	1.812834E-8
1.462742E-1	1.701436E-8
1.422500E-1	1.594504E-8
1.382648E-1	1.494046E-8
1.342068E-1	1.394870E-8
1.302166E-1	1.301359E-8
1.262258E-1	1.215604E-8
1.222071E-1	1.129352E-8
1.182162E-1	1.049392E-8
1.142297E-1	9.725630E-9
1.101746E-1	9.038895E-9
1.061529E-1	8.343680E-9
1.021619E-1	7.736711E-9
9.817044E-2	7.153233E-9
9.414518E-2	6.581585E-9
9.016102E-2	6.048110E-9
8.610766E-2	5.566161E-9
8.211672E-2	5.094511E-9
7.813027E-2	4.675750E-9
7.410239E-2	4.258949E-9
7.011887E-2	3.894104E-9
6.612592E-2	3.533452E-9
6.210534E-2	3.194329E-9
5.804833E-2	2.873981E-9
5.406364E-2	2.580488E-9
5.007177E-2	2.315488E-9
4.605230E-2	2.054715E-9
4.205785E-2	1.815772E-9
3.807181E-2	1.584706E-9
3.401731E-2	1.378277E-9
3.002532E-2	1.171931E-9
2.600335E-2	9.813799E-10
2.201531E-2	8.028543E-10
1.802917E-2	6.331264E-10
1.400363E-2	4.710667E-10
9.948102E-3	3.112693E-10
5.954187E-3	1.604376E-10
1.969564E-3	1.589047E-11
-2.044737E-3	-1.478579E-10
-6.037023E-3	-2.712673E-10
-1.002913E-2	-4.199869E-10
-1.408480E-2	-5.768363E-10
-1.807525E-2	-7.367866E-10
-2.209490E-2	-9.019746E-10
-2.608251E-2	-1.079232E-9
-3.007504E-2	-1.258961E-9
-3.409916E-2	-1.459601E-9
-3.809304E-2	-1.665102E-9
-4.214597E-2	-1.906349E-9
-4.613755E-2	-2.138751E-9
-5.015542E-2	-2.399229E-9
-5.414908E-2	-2.680453E-9
-5.813557E-2	-2.952413E-9
-6.212521E-2	-3.263851E-9
-6.618285E-2	-3.603696E-9
-7.020660E-2	-3.966804E-9
-7.419849E-2	-4.328727E-9
-7.818713E-2	-4.737053E-9
-8.220828E-2	-5.157733E-9
-8.619732E-2	-5.607881E-9
-9.025518E-2	-6.087769E-9
-9.424093E-2	-6.606711E-9
-9.823623E-2	-7.130860E-9
-1.022604E-1	-7.711823E-9
-1.062515E-1	-8.288270E-9
-1.102352E-1	-8.917423E-9
-1.142958E-1	-9.584498E-9
-1.182823E-1	-1.025024E-8
-1.223063E-1	-1.098504E-8
-1.262916E-1	-1.172362E-8
-1.302828E-1	-1.250975E-8
-1.343067E-1	-1.330008E-8
-1.382965E-1	-1.414123E-8
-1.423584E-1	-1.506707E-8
-1.463461E-1	-1.599400E-8
-1.503369E-1	-1.695588E-8
-1.543588E-1	-1.792453E-8
-1.583469E-1	-1.896861E-8
-1.623351E-1	-1.999771E-8
-1.663965E-1	-2.113851E-8
-1.704196E-1	-2.225703E-8
-1.744127E-1	-2.345408E-8
-1.783978E-1	-2.466100E-8
-1.824197E-1	-2.592851E-8
-1.864099E-1	-2.722207E-8
-1.904654E-1	-2.855649E-8
-1.944568E-1	-2.993719E-8
-1.984427E-1	-3.133535E-8
-2.024696E-1	-3.280133E-8
-2.064572E-1	-3.428308E-8
-2.104495E-1	-3.579932E-8
-2.145047E-1	-3.739925E-8
-2.184951E-1	-3.901974E-8
-2.225184E-1	-4.066536E-8
-2.265077E-1	-4.240069E-8
-2.304960E-1	-4.415789E-8
-2.345200E-1	-4.595670E-8
-2.385090E-1	-4.777239E-8
-2.425686E-1	-4.962361E-8
-2.465530E-1	-5.158813E-8
-2.505443E-1	-5.358706E-8
-2.545691E-1	-5.556286E-8
-2.585561E-1	-5.774675E-8
-2.625468E-1	-5.983885E-8
-2.666002E-1	-6.205020E-8
-2.706246E-1	-6.432374E-8
-2.746134E-1	-6.659180E-8
-2.786081E-1	-6.891540E-8
-2.826282E-1	-7.127203E-8
-2.866178E-1	-7.370498E-8
-2.906747E-1	-7.622920E-8
-2.946651E-1	-7.875737E-8
-2.986536E-1	-8.133168E-8
-3.026758E-1	-8.399091E-8
-3.066685E-1	-8.655113E-8
-3.106574E-1	-8.927634E-8
-3.147166E-1	-9.212298E-8
-3.187045E-1	-9.491139E-8
-3.227283E-1	-9.778594E-8
-3.267134E-1	-1.007037E-7
-3.307080E-1	-1.036772E-7
-3.347265E-1	-1.067527E-7
-3.387491E-1	-1.097988E-7
-3.427722E-1	-1.129292E-7
-3.467655E-1	-1.160551E-7
-3.507540E-1	-1.192654E-7
-3.547750E-1	-1.225869E-7
-3.587668E-1	-1.259370E-7
-3.627549E-1	-1.292928E-7
-3.668134E-1	-1.328077E-7
-3.708350E-1	-1.362643E-7
-3.748255E-1	-1.398522E-7
-3.788136E-1	-1.434358E-7
-3.828060E-1	-1.469778E-7
-3.868270E-1	-1.507270E-7
-3.908845E-1	-1.544596E-7
-3.948711E-1	-1.583675E-7
-3.988623E-1	-1.622139E-7
-4.028834E-1	-1.661043E-7
-4.068710E-1	-1.700460E-7
-4.108642E-1	-1.740462E-7
-4.149198E-1	-1.781882E-7
-4.189120E-1	-1.822519E-7
-4.229331E-1	-1.864633E-7
-4.269240E-1	-1.906303E-7
-4.309131E-1	-1.949485E-7
-4.349373E-1	-1.992700E-7
-4.389583E-1	-2.037361E-7
-4.429843E-1	-2.082185E-7
-4.469737E-1	-2.126643E-7
-4.509649E-1	-2.171677E-7
-4.549861E-1	-2.217501E-7
-4.589753E-1	-2.263095E-7
-4.629630E-1	-2.310717E-7
-4.670199E-1	-2.357829E-7
-4.710454E-1	-2.406032E-7
-4.750319E-1	-2.453991E-7
-4.790222E-1	-2.503996E-7
-4.830103E-1	-2.551388E-7
-4.870360E-1	-2.603509E-7
-4.910907E-1	-2.654989E-7
-4.950829E-1	-2.703837E-7
-4.990713E-1	-2.756836E-7
-5.030955E-1	-2.807309E-7
-5.070833E-1	-2.860226E-7
-5.110729E-1	-2.912054E-7
-5.151298E-1	-2.967393E-7
-5.191197E-1	-3.021622E-7
-5.231450E-1	-3.077010E-7
-5.271326E-1	-3.132650E-7
-5.311219E-1	-3.188347E-7
-5.351437E-1	-3.243760E-7
-5.391672E-1	-3.301396E-7
-5.431884E-1	-3.358243E-7
-5.471800E-1	-3.418087E-7
-5.511688E-1	-3.474842E-7
-5.551954E-1	-3.532168E-7
-5.591822E-1	-3.593350E-7
-5.631723E-1	-3.653586E-7
-5.672292E-1	-3.714478E-7
-5.712193E-1	-3.775089E-7
-5.752436E-1	-3.837185E-7
-5.792291E-1	-3.900830E-7
-5.832226E-1	-3.962967E-7
-5.872445E-1	-4.028243E-7
-5.913037E-1	-4.093850E-7
-5.952891E-1	-4.157154E-7
-5.992804E-1	-4.219819E-7
-6.033025E-1	-4.286037E-7
-6.072943E-1	-4.354487E-7
-6.112801E-1	-4.420910E-7
-6.153371E-1	-4.489390E-7
-6.193256E-1	-4.555807E-7
-6.233507E-1	-4.627349E-7
-6.273392E-1	-4.695349E-7
-6.313288E-1	-4.765143E-7
-6.353537E-1	-4.836836E-7
-6.393753E-1	-4.905522E-7
-6.433991E-1	-4.981259E-7
-6.473880E-1	-5.050408E-7
-6.513782E-1	-5.125146E-7
-6.554025E-1	-5.200181E-7
-6.593933E-1	-5.273522E-7
-6.633806E-1	-5.348506E-7
-6.674371E-1	-5.424969E-7
-6.714256E-1	-5.501104E-7
-6.754510E-1	-5.579383E-7
-6.794373E-1	-5.656257E-7
-6.834285E-1	-5.733226E-7
-6.874512E-1	-5.812842E-7
-6.915095E-1	-5.892243E-7
-6.955017E-1	-5.972991E-7
-6.994892E-1	-6.053923E-7
-7.035127E-1	-6.135176E-7
-7.075006E-1	-6.216255E-7
-7.114931E-1	-6.298049E-7
-7.155471E-1	-6.382073E-7
-7.195397E-1	-6.465147E-7
-7.235627E-1	-6.550139E-7
-7.275541E-1	-6.632588E-7
-7.315407E-1	-6.719921E-7
-7.355644E-1	-6.804002E-7
-7.395895E-1	-6.892894E-7
-7.436105E-1	-6.981751E-7
-7.476004E-1	-7.067968E-7
-7.515881E-1	-7.156748E-7
-7.556108E-1	-7.246392E-7
-7.595998E-1	-7.335161E-7
-7.635928E-1	-7.425317E-7
-7.676477E-1	-7.518181E-7
-7.716390E-1	-7.607824E-7
-7.756594E-1	-7.701782E-7
-7.796485E-1	-7.794151E-7
-7.836385E-1	-7.887065E-7
-7.876621E-1	-7.979250E-7
-7.917232E-1	-8.075416E-7
-7.957084E-1	-8.168849E-7
-7.997013E-1	-8.264691E-7
-8.036892E-1	-8.363467E-7
-8.077119E-1	-8.456645E-7
-8.116983E-1	-8.555277E-7
-8.157570E-1	-8.655603E-7
-8.197458E-1	-8.752774E-7
-8.237703E-1	-8.852131E-7
-8.277590E-1	-8.950312E-7
-8.317515E-1	-9.049499E-7
-8.357713E-1	-9.149850E-7
-8.397976E-1	-9.253671E-7
-8.438178E-1	-9.352037E-7
-8.478081E-1	-9.455106E-7
-8.517997E-1	-9.557635E-7
-8.558206E-1	-9.661547E-7
-8.598130E-1	-9.764977E-7
-8.638005E-1	-9.870060E-7
-8.678619E-1	-9.975520E-7
-8.688161E-1	-1.000007E-6
-8.689516E-1	-1.000006E-6
-8.689106E-1	-1.000006E-6
-8.688225E-1	-1.000006E-6
-8.688451E-1	-1.000006E-6
-8.688023E-1	-1.000006E-6
-8.687997E-1	-1.000008E-6
-8.688304E-1	-1.000007E-6
-8.688424E-1	-1.000007E-6
-8.688671E-1	-1.000008E-6
-8.688580E-1	-1.000008E-6
-8.689118E-1	-1.000007E-6
-8.689037E-1	-1.000007E-6
-8.688224E-1	-1.000007E-6
-8.687665E-1	-1.000008E-6
-8.688008E-1	-1.000006E-6
-8.688456E-1	-1.000006E-6
-8.688552E-1	-1.000006E-6
-8.687697E-1	-1.000006E-6
-8.687468E-1	-1.000006E-6
-8.688359E-1	-1.000007E-6
-8.688819E-1	-1.000006E-6
-8.687747E-1	-1.000007E-6
-8.687248E-1	-1.000006E-6
-8.687477E-1	-1.000007E-6
-8.688679E-1	-1.000006E-6
-8.688340E-1	-1.000006E-6
-8.688502E-1	-1.000007E-6
-8.688340E-1	-1.000006E-6
-8.689007E-1	-1.000007E-6
-8.688237E-1	-1.000006E-6
-8.687628E-1	-1.000006E-6
-8.687373E-1	-1.000006E-6
