Voltage (V)	Current (A)
1.499961E+0	6.432891E-7
1.494954E+0	6.330896E-7
1.489954E+0	6.219511E-7
1.484950E+0	6.106134E-7
1.479915E+0	6.007732E-7
1.474907E+0	5.907804E-7
1.469911E+0	5.810675E-7
1.464901E+0	5.697539E-7
1.459899E+0	5.601432E-7
1.454900E+0	5.498304E-7
1.449858E+0	5.400672E-7
1.444860E+0	5.310865E-7
1.439855E+0	5.208993E-7
1.434852E+0	5.113397E-7
1.429851E+0	5.018275E-7
1.424779E+0	4.937186E-7
1.419811E+0	4.847500E-7
1.414809E+0	4.750001E-7
1.409809E+0	4.653725E-7
1.404806E+0	4.576932E-7
1.399801E+0	4.491213E-7
1.394730E+0	4.397549E-7
1.389760E+0	4.331035E-7
1.384758E+0	4.244713E-7
1.379753E+0	4.162582E-7
1.374759E+0	4.077630E-7
1.369749E+0	3.998904E-7
1.364676E+0	3.921775E-7
1.359708E+0	3.841853E-7
1.354707E+0	3.762711E-7
1.349705E+0	3.685126E-7
1.344699E+0	3.613453E-7
1.339697E+0	3.536078E-7
1.334629E+0	3.463038E-7
1.329655E+0	3.398446E-7
1.324655E+0	3.320042E-7
1.319650E+0	3.257915E-7
1.314650E+0	3.186804E-7
1.309647E+0	3.115191E-7
1.304576E+0	3.052137E-7
1.299616E+0	2.988834E-7
1.294605E+0	2.918603E-7
1.289604E+0	2.860434E-7
1.284600E+0	2.804182E-7
1.279604E+0	2.743896E-7
1.274526E+0	2.680046E-7
1.269557E+0	2.619066E-7
1.264555E+0	2.563962E-7
1.259552E+0	2.502063E-7
1.254549E+0	2.449339E-7
1.249545E+0	2.390981E-7
1.244475E+0	2.340565E-7
1.239510E+0	2.281884E-7
1.234508E+0	2.232297E-7
1.229505E+0	2.175882E-7
1.224500E+0	2.121846E-7
1.219499E+0	2.069440E-7
1.214434E+0	2.020238E-7
1.209458E+0	1.968801E-7
1.204456E+0	1.923482E-7
1.199454E+0	1.884809E-7
1.194453E+0	1.838227E-7
1.189447E+0	1.790947E-7
1.184380E+0	1.747328E-7
1.179412E+0	1.702711E-7
1.174406E+0	1.659138E-7
1.169408E+0	1.612300E-7
1.164405E+0	1.580797E-7
1.159402E+0	1.540307E-7
1.154331E+0	1.491662E-7
1.149359E+0	1.462662E-7
1.144362E+0	1.422867E-7
1.139356E+0	1.388492E-7
1.134354E+0	1.351386E-7
1.129348E+0	1.315838E-7
1.124281E+0	1.274514E-7
1.119313E+0	1.244255E-7
1.114308E+0	1.208926E-7
1.109305E+0	1.175173E-7
1.104305E+0	1.142944E-7
1.099300E+0	1.111034E-7
1.094228E+0	1.080886E-7
1.089260E+0	1.054291E-7
1.084255E+0	1.020478E-7
1.079254E+0	9.912938E-8
1.074255E+0	9.642251E-8
1.069251E+0	9.417689E-8
1.064181E+0	9.128854E-8
1.059212E+0	8.829137E-8
1.054207E+0	8.556596E-8
1.049207E+0	8.331367E-8
1.044202E+0	8.074564E-8
1.039203E+0	7.834659E-8
1.034131E+0	7.617462E-8
1.029160E+0	7.339566E-8
1.024163E+0	7.145423E-8
1.019156E+0	6.919113E-8
1.014155E+0	6.730971E-8
1.009153E+0	6.533396E-8
1.004084E+0	6.311804E-8
9.991102E-1	6.121561E-8
9.941125E-1	5.870908E-8
9.891082E-1	5.705050E-8
9.841036E-1	5.498228E-8
9.791011E-1	5.317855E-8
9.740330E-1	5.124694E-8
9.690641E-1	4.950911E-8
9.640568E-1	4.797965E-8
9.590577E-1	4.629725E-8
9.540524E-1	4.487269E-8
9.490483E-1	4.317742E-8
9.439797E-1	4.179237E-8
9.390108E-1	4.018894E-8
9.340141E-1	3.892811E-8
9.290124E-1	3.735366E-8
9.240060E-1	3.631786E-8
9.190023E-1	3.494827E-8
9.139324E-1	3.365134E-8
9.089651E-1	3.231550E-8
9.039603E-1	3.116016E-8
8.989590E-1	2.991301E-8
8.939562E-1	2.878609E-8
8.889526E-1	2.753713E-8
8.838832E-1	2.653768E-8
8.789154E-1	2.541796E-8
8.739152E-1	2.449275E-8
8.689095E-1	2.359523E-8
8.639078E-1	2.280187E-8
8.589056E-1	2.180775E-8
8.538346E-1	2.096046E-8
8.488681E-1	2.015311E-8
8.438603E-1	1.947509E-8
8.388626E-1	1.859840E-8
8.338590E-1	1.791864E-8
8.288535E-1	1.724518E-8
8.237846E-1	1.653958E-8
8.188167E-1	1.590391E-8
8.138176E-1	1.520351E-8
8.088112E-1	1.459518E-8
8.038108E-1	1.408751E-8
7.988113E-1	1.345888E-8
7.937365E-1	1.289862E-8
7.887700E-1	1.234963E-8
7.837654E-1	1.181833E-8
7.787670E-1	1.128330E-8
7.737587E-1	1.075596E-8
7.687586E-1	1.036142E-8
7.636889E-1	9.910891E-9
7.587174E-1	9.414147E-9
7.537181E-1	8.953823E-9
7.487139E-1	8.545270E-9
7.437111E-1	8.219926E-9
7.387129E-1	7.796898E-9
7.336427E-1	7.437797E-9
7.286713E-1	7.058695E-9
7.236686E-1	6.686184E-9
7.186687E-1	6.467061E-9
7.136637E-1	6.078586E-9
7.086622E-1	5.829918E-9
7.035925E-1	5.519792E-9
6.986204E-1	5.224661E-9
6.936201E-1	4.982074E-9
6.886147E-1	4.741790E-9
6.836132E-1	4.490319E-9
6.786080E-1	4.264069E-9
6.735416E-1	4.063511E-9
6.685747E-1	3.881174E-9
6.635707E-1	3.741106E-9
6.585693E-1	3.457497E-9
6.535655E-1	3.266825E-9
6.485650E-1	3.118843E-9
6.434928E-1	2.954516E-9
6.385241E-1	2.788183E-9
6.335225E-1	2.663745E-9
6.285187E-1	2.533905E-9
6.235197E-1	2.393717E-9
6.185110E-1	2.298228E-9
6.134433E-1	2.163822E-9
6.084773E-1	2.051285E-9
6.034726E-1	1.932546E-9
5.984705E-1	1.841711E-9
5.934694E-1	1.705711E-9
5.884688E-1	1.598958E-9
5.833963E-1	1.488180E-9
5.784258E-1	1.407316E-9
5.734244E-1	1.303869E-9
5.684199E-1	1.232183E-9
5.634198E-1	1.156348E-9
5.584162E-1	1.099325E-9
5.533469E-1	1.015404E-9
5.483781E-1	9.540243E-10
5.433730E-1	8.936912E-10
5.383712E-1	8.299639E-10
5.333676E-1	7.729844E-10
5.283682E-1	7.224966E-10
5.232981E-1	6.714231E-10
5.183298E-1	6.242878E-10
5.133255E-1	5.979338E-10
5.083252E-1	5.585509E-10
5.033227E-1	5.184131E-10
4.983198E-1	4.842244E-10
4.932480E-1	4.466836E-10
4.882799E-1	4.217127E-10
4.832759E-1	3.900378E-10
4.782760E-1	3.639777E-10
4.732697E-1	3.359474E-10
4.682718E-1	3.132810E-10
4.631995E-1	2.934215E-10
4.582317E-1	2.667747E-10
4.532259E-1	2.477107E-10
4.482253E-1	2.302817E-10
4.432244E-1	2.115115E-10
4.382173E-1	1.953388E-10
4.331526E-1	1.764849E-10
4.281809E-1	1.657593E-10
4.231783E-1	1.518490E-10
4.181753E-1	1.378129E-10
4.131724E-1	1.266685E-10
4.081686E-1	1.121717E-10
4.030970E-1	9.989570E-11
3.981290E-1	8.854141E-11
3.931266E-1	7.890491E-11
3.881251E-1	7.207558E-11
3.831260E-1	5.963199E-11
3.781203E-1	5.297023E-11
3.730520E-1	4.530294E-11
3.680809E-1	4.006575E-11
3.630817E-1	3.122540E-11
3.580751E-1	3.017785E-11
3.530741E-1	1.999668E-11
3.480717E-1	1.467560E-11
3.430004E-1	1.044403E-11
3.380309E-1	-4.075074E-13
3.330284E-1	2.399636E-12
3.280286E-1	-1.622542E-12
3.230267E-1	-8.828958E-12
3.180213E-1	-6.901611E-12
3.129562E-1	-5.644651E-12
3.079854E-1	-1.339581E-11
3.029812E-1	-1.729236E-11
2.979783E-1	-2.139827E-11
2.929762E-1	-2.433110E-11
2.879732E-1	-2.240385E-11
2.829005E-1	-2.835331E-11
2.779335E-1	-2.935887E-11
2.729290E-1	-3.074151E-11
2.679243E-1	-3.011305E-11
2.629208E-1	-3.271069E-11
2.579221E-1	-3.090906E-11
2.528532E-1	-3.597870E-11
2.478847E-1	-3.916292E-11
2.428849E-1	-3.945621E-11
2.378790E-1	-4.343653E-11
2.328760E-1	-3.974950E-11
2.278740E-1	-4.595039E-11
2.228032E-1	-4.280805E-11
2.178350E-1	-4.511244E-11
2.128294E-1	-3.912107E-11
2.078300E-1	-4.460965E-11
2.028237E-1	-4.188628E-11
1.978182E-1	-4.557330E-11
1.927560E-1	-4.431639E-11
1.877865E-1	-4.507050E-11
1.827842E-1	-5.206745E-11
1.777827E-1	-4.946978E-11
1.727814E-1	-4.955359E-11
1.677734E-1	-4.829665E-11
1.627030E-1	-4.783578E-11
1.577363E-1	-4.180249E-11
1.527314E-1	-4.804526E-11
1.477295E-1	-4.972119E-11
1.427261E-1	-4.867371E-11
1.377223E-1	-5.512598E-11
1.326512E-1	-4.900892E-11
1.276745E-1	-4.980498E-11
1.226803E-1	-5.081052E-11
1.176756E-1	-4.926033E-11
1.126759E-1	-4.423255E-11
1.076709E-1	-5.055914E-11
1.026010E-1	-5.122949E-11
9.763132E-2	-5.001446E-11
9.262651E-2	-5.043346E-11
8.762302E-2	-4.771010E-11
8.262514E-2	-5.324058E-11
7.762048E-2	-5.114569E-11
7.254817E-2	-5.164848E-11
6.757984E-2	-5.365958E-11
6.257911E-2	-5.026586E-11
5.757378E-2	-4.963739E-11
5.257555E-2	-5.160659E-11
4.757209E-2	-5.143898E-11
4.249995E-2	-5.173226E-11
3.753358E-2	-5.370148E-11
3.252894E-2	-5.357577E-11
2.752653E-2	-5.365958E-11
2.252164E-2	-4.846422E-11
1.752131E-2	-5.236073E-11
1.244530E-2	-5.173228E-11
7.476976E-3	-5.081051E-11
2.478418E-3	-4.750059E-11
-2.522854E-3	-8.277988E-11
-7.522882E-3	-5.504218E-11
-1.253069E-2	-5.177416E-11
-1.760287E-2	-5.810075E-11
-2.260324E-2	-5.248643E-11
-2.757478E-2	-5.571257E-11
-3.257624E-2	-4.997256E-11
-3.758579E-2	-5.290541E-11
-4.258354E-2	-4.687215E-11
-4.765729E-2	-5.307299E-11
-5.262968E-2	-5.160657E-11
-5.763028E-2	-5.156468E-11
-6.263068E-2	-5.722088E-11
-6.763802E-2	-5.357577E-11
-7.264555E-2	-5.311490E-11
-7.767625E-2	-5.248642E-11
-8.268395E-2	-5.106191E-11
-8.768944E-2	-4.988876E-11
-9.269090E-2	-5.324060E-11
-9.769505E-2	-5.269592E-11
-1.026986E-1	-5.118761E-11
-1.077388E-1	-5.328249E-11
-1.127399E-1	-5.252832E-11
-1.177429E-1	-5.554497E-11
-1.227486E-1	-5.340817E-11
-1.277467E-1	-5.504220E-11
-1.327531E-1	-4.946978E-11
-1.377898E-1	-5.416234E-11
-1.427930E-1	-5.164847E-11
-1.478003E-1	-5.479082E-11
-1.528053E-1	-5.458131E-11
-1.578060E-1	-5.487461E-11
-1.628108E-1	-5.646672E-11
-1.678530E-1	-5.562876E-11
-1.728545E-1	-5.797504E-11
-1.778586E-1	-5.600585E-11
-1.828637E-1	-5.734657E-11
-1.878663E-1	-5.675999E-11
-1.928709E-1	-5.676000E-11
-1.979027E-1	-5.520977E-11
-2.029077E-1	-6.241620E-11
-2.079118E-1	-5.856161E-11
-2.129163E-1	-5.868730E-11
-2.179209E-1	-6.639649E-11
-2.229217E-1	-6.040510E-11
-2.279648E-1	-5.998614E-11
-2.329626E-1	-6.384074E-11
-2.379662E-1	-5.965095E-11
-2.429749E-1	-6.128497E-11
-2.479766E-1	-6.233240E-11
-2.529450E-1	-6.681547E-11
-2.580131E-1	-6.551664E-11
-2.630191E-1	-7.435707E-11
-2.680172E-1	-6.899415E-11
-2.730202E-1	-7.553035E-11
-2.779965E-1	-7.435707E-11
-2.829995E-1	-7.863131E-11
-2.880721E-1	-7.590749E-11
-2.930729E-1	-8.039131E-11
-2.980803E-1	-8.018178E-11
-3.030464E-1	-8.210941E-11
-3.080496E-1	-8.747322E-11
-3.130568E-1	-9.028085E-11
-3.181263E-1	-9.736277E-11
-3.231317E-1	-9.325608E-11
-3.280998E-1	-1.000027E-10
-3.331007E-1	-1.028523E-10
-3.381051E-1	-1.119457E-10
-3.431074E-1	-1.065399E-10
-3.481824E-1	-1.165552E-10
-3.531487E-1	-1.214580E-10
-3.581539E-1	-1.272828E-10
-3.631562E-1	-1.336523E-10
-3.681587E-1	-1.387648E-10
-3.731629E-1	-1.482353E-10
-3.782020E-1	-1.509172E-10
-3.832077E-1	-1.616448E-10
-3.882088E-1	-1.669247E-10
-3.932119E-1	-1.739228E-10
-3.982139E-1	-1.777363E-10
-4.032168E-1	-1.949591E-10
-4.082538E-1	-2.033820E-10
-4.132568E-1	-2.126430E-10
-4.182623E-1	-2.361934E-10
-4.232650E-1	-2.369896E-10
-4.282675E-1	-2.496869E-10
-4.332727E-1	-2.635153E-10
-4.383101E-1	-2.745364E-10
-4.433151E-1	-2.836298E-10
-4.483179E-1	-3.081441E-10
-4.533239E-1	-3.261632E-10
-4.583250E-1	-3.429668E-10
-4.633283E-1	-3.633329E-10
-4.683665E-1	-3.821481E-10
-4.733670E-1	-4.094698E-10
-4.783708E-1	-4.282851E-10
-4.833735E-1	-4.531347E-10
-4.883800E-1	-4.765598E-10
-4.933825E-1	-5.057672E-10
-4.984178E-1	-5.308266E-10
-5.034244E-1	-5.571846E-10
-5.084223E-1	-5.896606E-10
-5.134292E-1	-6.153061E-10
-5.184322E-1	-6.533142E-10
-5.234403E-1	-6.893947E-10
-5.284727E-1	-7.272344E-10
-5.334747E-1	-7.621411E-10
-5.384792E-1	-8.050935E-10
-5.434796E-1	-8.454057E-10
-5.484852E-1	-8.871428E-10
-5.534531E-1	-9.298025E-10
-5.585251E-1	-9.871699E-10
-5.635290E-1	-1.048519E-9
-5.685331E-1	-1.098386E-9
-5.735373E-1	-1.162751E-9
-5.785038E-1	-1.216515E-9
-5.835108E-1	-1.267135E-9
-5.885829E-1	-1.341433E-9
-5.935836E-1	-1.408355E-9
-5.985878E-1	-1.482904E-9
-6.035542E-1	-1.568264E-9
-6.085604E-1	-1.644572E-9
-6.135603E-1	-1.733328E-9
-6.186339E-1	-1.817766E-9
-6.236364E-1	-1.906310E-9
-6.286054E-1	-1.992761E-9
-6.336114E-1	-2.105819E-9
-6.386119E-1	-2.203667E-9
-6.436159E-1	-2.311152E-9
-6.486518E-1	-2.418890E-9
-6.536549E-1	-2.531321E-9
-6.586620E-1	-2.663278E-9
-6.636642E-1	-2.784004E-9
-6.686654E-1	-2.909260E-9
-6.736672E-1	-3.053998E-9
-6.787077E-1	-3.200499E-9
-6.837092E-1	-3.363799E-9
-6.887121E-1	-3.522874E-9
-6.937170E-1	-3.678884E-9
-6.987193E-1	-3.838918E-9
-7.037246E-1	-4.033858E-9
-7.087592E-1	-4.227544E-9
-7.137647E-1	-4.438826E-9
-7.187675E-1	-4.628862E-9
-7.237706E-1	-4.845852E-9
-7.287762E-1	-5.064927E-9
-7.337768E-1	-5.284420E-9
-7.388166E-1	-5.523909E-9
-7.438175E-1	-5.786067E-9
-7.488198E-1	-6.018429E-9
-7.538232E-1	-6.295672E-9
-7.588267E-1	-6.580579E-9
-7.638309E-1	-6.848188E-9
-7.688666E-1	-7.151999E-9
-7.738713E-1	-7.472067E-9
-7.788743E-1	-7.798380E-9
-7.838740E-1	-8.114259E-9
-7.888809E-1	-8.541435E-9
-7.938855E-1	-8.887024E-9
-7.989219E-1	-9.294675E-9
-8.039248E-1	-9.687317E-9
-8.089290E-1	-1.014018E-8
-8.139312E-1	-1.056448E-8
-8.189321E-1	-1.095401E-8
-8.239002E-1	-1.137563E-8
-8.289700E-1	-1.186939E-8
-8.339761E-1	-1.231831E-8
-8.389781E-1	-1.284904E-8
-8.439801E-1	-1.342545E-8
-8.489531E-1	-1.382961E-8
-8.539538E-1	-1.441012E-8
-8.590272E-1	-1.498682E-8
-8.640276E-1	-1.565528E-8
-8.690335E-1	-1.622661E-8
-8.740026E-1	-1.692939E-8
-8.790031E-1	-1.750563E-8
-8.840081E-1	-1.823301E-8
-8.890795E-1	-1.895645E-8
-8.940800E-1	-1.960105E-8
-8.990476E-1	-2.034844E-8
-9.040546E-1	-2.117975E-8
-9.090574E-1	-2.194633E-8
-9.140598E-1	-2.272941E-8
-9.191320E-1	-2.362409E-8
-9.240994E-1	-2.456870E-8
-9.291043E-1	-2.544230E-8
-9.341036E-1	-2.635880E-8
-9.391059E-1	-2.734033E-8
-9.441138E-1	-2.830973E-8
-9.491481E-1	-2.941124E-8
-9.541528E-1	-3.046997E-8
-9.591547E-1	-3.151085E-8
-9.641600E-1	-3.239948E-8
-9.691666E-1	-3.362020E-8
-9.741651E-1	-3.487107E-8
-9.792043E-1	-3.603723E-8
-9.842063E-1	-3.710823E-8
-9.892090E-1	-3.846203E-8
-9.942116E-1	-3.988263E-8
-9.992163E-1	-4.126063E-8
-1.004221E+0	-4.266643E-8
-1.009255E+0	-4.431395E-8
-1.014262E+0	-4.566682E-8
-1.019261E+0	-4.719783E-8
-1.024268E+0	-4.891173E-8
-1.029269E+0	-5.033452E-8
-1.034270E+0	-5.221176E-8
-1.039309E+0	-5.372718E-8
-1.044310E+0	-5.555676E-8
-1.049314E+0	-5.733835E-8
-1.054315E+0	-5.905050E-8
-1.059320E+0	-6.098155E-8
-1.064327E+0	-6.299758E-8
-1.069360E+0	-6.522301E-8
-1.074367E+0	-6.679937E-8
-1.079368E+0	-6.935792E-8
-1.084372E+0	-7.131464E-8
-1.089373E+0	-7.360519E-8
-1.094379E+0	-7.556892E-8
-1.099414E+0	-7.776178E-8
-1.104416E+0	-8.062673E-8
-1.109422E+0	-8.303039E-8
-1.114424E+0	-8.538244E-8
-1.119428E+0	-8.793792E-8
-1.124397E+0	-9.036486E-8
-1.129467E+0	-9.310200E-8
-1.134472E+0	-9.574613E-8
-1.139473E+0	-9.857548E-8
-1.144480E+0	-1.016725E-7
-1.149446E+0	-1.042676E-7
-1.154449E+0	-1.071664E-7
-1.159522E+0	-1.101581E-7
-1.164522E+0	-1.127328E-7
-1.169525E+0	-1.165816E-7
-1.174494E+0	-1.189570E-7
-1.179500E+0	-1.220302E-7
-1.184502E+0	-1.253723E-7
-1.189576E+0	-1.291495E-7
-1.194577E+0	-1.319721E-7
-1.199545E+0	-1.361695E-7
-1.204549E+0	-1.394127E-7
-1.209550E+0	-1.431250E-7
-1.214554E+0	-1.465970E-7
-1.219627E+0	-1.503570E-7
-1.224595E+0	-1.544579E-7
-1.229602E+0	-1.588037E-7
-1.234601E+0	-1.623377E-7
-1.239606E+0	-1.662189E-7
-1.244603E+0	-1.700940E-7
-1.249643E+0	-1.743538E-7
-1.254647E+0	-1.783296E-7
-1.259647E+0	-1.824409E-7
-1.264652E+0	-1.872739E-7
-1.269654E+0	-1.921595E-7
-1.274658E+0	-1.959995E-7
-1.279696E+0	-2.011839E-7
-1.284701E+0	-2.045552E-7
-1.289704E+0	-2.094763E-7
-1.294705E+0	-2.136784E-7
-1.299711E+0	-2.190961E-7
-1.304712E+0	-2.235862E-7
-1.309746E+0	-2.295948E-7
-1.314750E+0	-2.339272E-7
-1.319754E+0	-2.385861E-7
-1.324759E+0	-2.439984E-7
-1.329758E+0	-2.500328E-7
-1.334767E+0	-2.552662E-7
-1.339800E+0	-2.599203E-7
-1.344807E+0	-2.662428E-7
-1.349810E+0	-2.715454E-7
-1.354814E+0	-2.773683E-7
-1.359816E+0	-2.832356E-7
-1.364817E+0	-2.891903E-7
-1.369852E+0	-2.955439E-7
-1.374858E+0	-3.020074E-7
-1.379861E+0	-3.079574E-7
-1.384865E+0	-3.141472E-7
-1.389866E+0	-3.190378E-7
-1.394870E+0	-3.265852E-7
-1.399905E+0	-3.331521E-7
-1.404911E+0	-3.384889E-7
-1.409916E+0	-3.450745E-7
-1.414918E+0	-3.519544E-7
-1.419922E+0	-3.587203E-7
-1.424889E+0	-3.659047E-7
-1.429965E+0	-3.726369E-7
-1.434961E+0	-3.807121E-7
-1.439968E+0	-3.891204E-7
-1.444975E+0	-3.957365E-7
-1.449940E+0	-4.031537E-7
-1.454944E+0	-4.111706E-7
-1.460016E+0	-4.188713E-7
-1.465019E+0	-4.262190E-7
-1.469986E+0	-4.340757E-7
-1.474991E+0	-4.420478E-7
-1.479997E+0	-4.490475E-7
-1.484995E+0	-4.575001E-7
-1.490069E+0	-4.657118E-7
-1.495038E+0	-4.731459E-7
-1.500043E+0	-4.821076E-7
