Voltage (V)	Current (A)
-1.500039E+0	-4.041429E-7
-1.495035E+0	-3.963768E-7
-1.490066E+0	-3.889810E-7
-1.485061E+0	-3.814941E-7
-1.479994E+0	-3.746845E-7
-1.474988E+0	-3.677263E-7
-1.469984E+0	-3.603275E-7
-1.465015E+0	-3.540770E-7
-1.460015E+0	-3.462411E-7
-1.455010E+0	-3.410895E-7
-1.449938E+0	-3.333293E-7
-1.444971E+0	-3.281053E-7
-1.439966E+0	-3.209029E-7
-1.434959E+0	-3.158321E-7
-1.429962E+0	-3.093045E-7
-1.424887E+0	-3.030756E-7
-1.419920E+0	-2.976809E-7
-1.414918E+0	-2.905329E-7
-1.409915E+0	-2.862457E-7
-1.404910E+0	-2.804059E-7
-1.399903E+0	-2.735813E-7
-1.394870E+0	-2.681018E-7
-1.389864E+0	-2.624758E-7
-1.384864E+0	-2.575917E-7
-1.379859E+0	-2.512339E-7
-1.374857E+0	-2.463063E-7
-1.369852E+0	-2.415826E-7
-1.364818E+0	-2.366712E-7
-1.359816E+0	-2.320332E-7
-1.354812E+0	-2.262910E-7
-1.349810E+0	-2.215458E-7
-1.344806E+0	-2.176757E-7
-1.339800E+0	-2.121829E-7
-1.334766E+0	-2.079493E-7
-1.329756E+0	-2.031895E-7
-1.324758E+0	-1.988157E-7
-1.319753E+0	-1.948888E-7
-1.314750E+0	-1.896566E-7
-1.309745E+0	-1.857080E-7
-1.304709E+0	-1.813528E-7
-1.299709E+0	-1.772905E-7
-1.294704E+0	-1.730760E-7
-1.289703E+0	-1.684665E-7
-1.284702E+0	-1.645123E-7
-1.279695E+0	-1.600481E-7
-1.274660E+0	-1.569769E-7
-1.269655E+0	-1.538080E-7
-1.264652E+0	-1.498060E-7
-1.259647E+0	-1.461832E-7
-1.254648E+0	-1.416279E-7
-1.249643E+0	-1.392261E-7
-1.244603E+0	-1.356866E-7
-1.239606E+0	-1.325571E-7
-1.234601E+0	-1.291729E-7
-1.229600E+0	-1.254302E-7
-1.224594E+0	-1.225124E-7
-1.219626E+0	-1.195808E-7
-1.214556E+0	-1.166895E-7
-1.209550E+0	-1.135524E-7
-1.204549E+0	-1.109320E-7
-1.199545E+0	-1.076653E-7
-1.194579E+0	-1.050110E-7
-1.189575E+0	-1.023023E-7
-1.184502E+0	-9.938325E-8
-1.179500E+0	-9.711110E-8
-1.174494E+0	-9.371161E-8
-1.169526E+0	-9.173199E-8
-1.164523E+0	-8.914052E-8
-1.159523E+0	-8.648774E-8
-1.154450E+0	-8.424998E-8
-1.149445E+0	-8.169999E-8
-1.144480E+0	-7.935141E-8
-1.139474E+0	-7.730283E-8
-1.134473E+0	-7.500663E-8
-1.129468E+0	-7.264189E-8
-1.124400E+0	-7.054663E-8
-1.119428E+0	-6.842260E-8
-1.114425E+0	-6.636024E-8
-1.109422E+0	-6.436619E-8
-1.104417E+0	-6.238787E-8
-1.099416E+0	-6.077241E-8
-1.094381E+0	-5.884350E-8
-1.089374E+0	-5.720173E-8
-1.084373E+0	-5.557816E-8
-1.079369E+0	-5.349359E-8
-1.074368E+0	-5.197597E-8
-1.069360E+0	-5.062112E-8
-1.064327E+0	-4.895338E-8
-1.059322E+0	-4.724581E-8
-1.054316E+0	-4.603505E-8
-1.049314E+0	-4.437387E-8
-1.044311E+0	-4.300852E-8
-1.039310E+0	-4.164796E-8
-1.034270E+0	-4.021409E-8
-1.029269E+0	-3.895516E-8
-1.024268E+0	-3.776781E-8
-1.019260E+0	-3.646599E-8
-1.014260E+0	-3.522785E-8
-1.009257E+0	-3.405245E-8
-1.004222E+0	-3.255822E-8
-9.992184E-1	-3.133837E-8
-9.942123E-1	-3.040696E-8
-9.892113E-1	-2.921155E-8
-9.842064E-1	-2.819660E-8
-9.792039E-1	-2.708847E-8
-9.741665E-1	-2.628682E-8
-9.691663E-1	-2.527847E-8
-9.641601E-1	-2.437672E-8
-9.591563E-1	-2.352649E-8
-9.541528E-1	-2.258824E-8
-9.491494E-1	-2.176747E-8
-9.441136E-1	-2.095147E-8
-9.391091E-1	-2.031267E-8
-9.341030E-1	-1.964987E-8
-9.291058E-1	-1.884368E-8
-9.240987E-1	-1.815240E-8
-9.191339E-1	-1.741444E-8
-9.140585E-1	-1.661004E-8
-9.090586E-1	-1.610241E-8
-9.040563E-1	-1.543108E-8
-8.990483E-1	-1.485296E-8
-8.940800E-1	-1.424443E-8
-8.890796E-1	-1.370188E-8
-8.840082E-1	-1.318742E-8
-8.790028E-1	-1.272178E-8
-8.740029E-1	-1.220048E-8
-8.690340E-1	-1.171363E-8
-8.640283E-1	-1.127326E-8
-8.590279E-1	-1.084724E-8
-8.539560E-1	-1.037646E-8
-8.489535E-1	-9.999175E-9
-8.439794E-1	-9.653207E-9
-8.389780E-1	-9.237345E-9
-8.339759E-1	-8.883757E-9
-8.289700E-1	-8.451249E-9
-8.239018E-1	-8.120626E-9
-8.189316E-1	-7.758904E-9
-8.139305E-1	-7.445876E-9
-8.089283E-1	-7.149946E-9
-8.039234E-1	-6.833222E-9
-7.989225E-1	-6.543706E-9
-7.938842E-1	-6.268096E-9
-7.888798E-1	-5.991568E-9
-7.838748E-1	-5.714531E-9
-7.788755E-1	-5.495161E-9
-7.738720E-1	-5.236612E-9
-7.688656E-1	-5.003869E-9
-7.638301E-1	-4.747373E-9
-7.588261E-1	-4.547865E-9
-7.538244E-1	-4.336536E-9
-7.488205E-1	-4.152958E-9
-7.438172E-1	-3.962578E-9
-7.388163E-1	-3.779789E-9
-7.337759E-1	-3.616490E-9
-7.287764E-1	-3.448408E-9
-7.237700E-1	-3.287701E-9
-7.187693E-1	-3.139734E-9
-7.137659E-1	-2.984813E-9
-7.087595E-1	-2.856964E-9
-7.037239E-1	-2.727852E-9
-6.987190E-1	-2.596902E-9
-6.937178E-1	-2.477391E-9
-6.887116E-1	-2.358129E-9
-6.837096E-1	-2.246325E-9
-6.787064E-1	-2.125681E-9
-6.736665E-1	-2.036634E-9
-6.686662E-1	-1.944778E-9
-6.636633E-1	-1.835784E-9
-6.586621E-1	-1.746317E-9
-6.536559E-1	-1.663806E-9
-6.486528E-1	-1.587749E-9
-6.436161E-1	-1.515045E-9
-6.386112E-1	-1.441209E-9
-6.336107E-1	-1.369886E-9
-6.286060E-1	-1.308034E-9
-6.236371E-1	-1.235413E-9
-6.186345E-1	-1.174443E-9
-6.135619E-1	-1.119839E-9
-6.085604E-1	-1.065782E-9
-6.035554E-1	-1.006614E-9
-5.985891E-1	-9.600152E-10
-5.935845E-1	-9.203311E-10
-5.885814E-1	-8.669868E-10
-5.835115E-1	-8.379042E-10
-5.785050E-1	-7.870737E-10
-5.735361E-1	-7.476838E-10
-5.685323E-1	-7.058629E-10
-5.635308E-1	-6.746851E-10
-5.585250E-1	-6.310625E-10
-5.534527E-1	-6.162696E-10
-5.484845E-1	-5.824525E-10
-5.434809E-1	-5.548793E-10
-5.384814E-1	-5.304490E-10
-5.334748E-1	-5.028753E-10
-5.284728E-1	-4.754702E-10
-5.234377E-1	-4.480644E-10
-5.184318E-1	-4.298775E-10
-5.134303E-1	-4.105173E-10
-5.084245E-1	-3.872603E-10
-5.034241E-1	-3.686964E-10
-4.984187E-1	-3.501742E-10
-4.933822E-1	-3.365137E-10
-4.883806E-1	-3.175726E-10
-4.833744E-1	-3.029476E-10
-4.783720E-1	-2.855992E-10
-4.733700E-1	-2.750389E-10
-4.683670E-1	-2.545897E-10
-4.633289E-1	-2.450773E-10
-4.583270E-1	-2.293628E-10
-4.533246E-1	-2.177552E-10
-4.483191E-1	-2.027533E-10
-4.433158E-1	-1.950429E-10
-4.383113E-1	-1.899724E-10
-4.332745E-1	-1.761858E-10
-4.282669E-1	-1.746771E-10
-4.232661E-1	-1.616028E-10
-4.182636E-1	-1.528447E-10
-4.132566E-1	-1.481095E-10
-4.082539E-1	-1.440447E-10
-4.032160E-1	-1.321856E-10
-3.982149E-1	-1.258999E-10
-3.932122E-1	-1.205780E-10
-3.882096E-1	-1.143342E-10
-3.832072E-1	-1.166389E-10
-3.782017E-1	-1.030618E-10
-3.731647E-1	-1.030199E-10
-3.681597E-1	-9.778184E-11
-3.631575E-1	-9.530941E-11
-3.581564E-1	-8.625798E-11
-3.531502E-1	-8.604845E-11
-3.481837E-1	-8.353417E-11
-3.431100E-1	-7.837988E-11
-3.381056E-1	-7.946940E-11
-3.331006E-1	-7.657797E-11
-3.280997E-1	-7.427328E-11
-3.231317E-1	-6.736015E-11
-3.181263E-1	-6.807241E-11
-3.130572E-1	-6.476249E-11
-3.080512E-1	-6.459489E-11
-3.030465E-1	-5.743039E-11
-2.980802E-1	-5.822645E-11
-2.930726E-1	-5.705328E-11
-2.880719E-1	-5.730467E-11
-2.829991E-1	-5.588015E-11
-2.779958E-1	-5.412046E-11
-2.730205E-1	-5.185798E-11
-2.680171E-1	-5.483271E-11
-2.630178E-1	-5.060105E-11
-2.580132E-1	-4.771010E-11
-2.529455E-1	-5.223506E-11
-2.479763E-1	-4.620179E-11
-2.429735E-1	-4.477725E-11
-2.379657E-1	-4.850615E-11
-2.329630E-1	-4.456779E-11
-2.279647E-1	-5.462325E-11
-2.229229E-1	-4.670456E-11
-2.179198E-1	-4.548951E-11
-2.129145E-1	-4.406498E-11
-2.079131E-1	-4.289186E-11
-2.029085E-1	-3.677479E-11
-1.979026E-1	-4.222150E-11
-1.928709E-1	-4.125785E-11
-1.878649E-1	-3.987520E-11
-1.828630E-1	-4.502867E-11
-1.778574E-1	-4.180251E-11
-1.728535E-1	-4.347843E-11
-1.678524E-1	-4.117405E-11
-1.628106E-1	-4.159305E-11
-1.578066E-1	-4.021039E-11
-1.528047E-1	-4.058749E-11
-1.478001E-1	-3.870208E-11
-1.427940E-1	-4.134163E-11
-1.377883E-1	-3.849258E-11
-1.327558E-1	-4.473534E-11
-1.277469E-1	-4.209578E-11
-1.227505E-1	-4.109026E-11
-1.177427E-1	-4.041989E-11
-1.127396E-1	-3.845070E-11
-1.077395E-1	-4.083887E-11
-1.026991E-1	-3.706806E-11
-9.769569E-2	-3.740325E-11
-9.269092E-2	-3.979141E-11
-8.769009E-2	-4.159301E-11
-8.268293E-2	-4.150919E-11
-7.767836E-2	-4.138354E-11
-7.264622E-2	-4.402308E-11
-6.763844E-2	-3.623008E-11
-6.263185E-2	-3.916295E-11
-5.763121E-2	-3.535022E-11
-5.263118E-2	-3.899539E-11
-4.765638E-2	-3.866020E-11
-4.258366E-2	-4.238912E-11
-3.758504E-2	-4.075506E-11
-3.257699E-2	-4.075505E-11
-2.757628E-2	-4.972120E-11
-2.260223E-2	-3.974951E-11
-1.760212E-2	-3.945624E-11
-1.253210E-2	-4.163492E-11
-7.522962E-3	-3.954001E-11
-2.521934E-3	-3.807361E-11
2.479253E-3	-7.153084E-12
7.477811E-3	-3.681666E-11
1.244581E-2	-3.832499E-11
1.752070E-2	-4.523814E-11
2.252019E-2	-3.363245E-11
2.752746E-2	-3.870206E-11
3.252784E-2	-3.840880E-11
3.753420E-2	-3.765462E-11
4.249915E-2	-3.451231E-11
4.757259E-2	-3.874396E-11
5.257640E-2	-3.853448E-11
5.757381E-2	-3.836688E-11
6.258058E-2	-3.824118E-11
6.758154E-2	-3.618820E-11
7.254761E-2	-4.427447E-11
7.762061E-2	-3.857636E-11
8.262350E-2	-4.037801E-11
8.762353E-2	-3.568544E-11
9.262654E-2	-4.058750E-11
9.763230E-2	-3.501507E-11
1.026003E-1	-3.694242E-11
1.076751E-1	-3.748700E-11
1.126755E-1	-4.226338E-11
1.176763E-1	-3.798978E-11
1.226797E-1	-3.602061E-11
1.276783E-1	-4.142541E-11
1.326523E-1	-3.832496E-11
1.377231E-1	-3.794794E-11
1.427261E-1	-3.719374E-11
1.477312E-1	-3.455418E-11
1.527301E-1	-3.798985E-11
1.577361E-1	-3.769653E-11
1.627011E-1	-3.941436E-11
1.677739E-1	-3.690051E-11
1.727815E-1	-4.448395E-11
1.777826E-1	-3.652336E-11
1.827845E-1	-3.840878E-11
1.877851E-1	-3.639768E-11
1.927559E-1	-3.610436E-11
1.978192E-1	-2.433115E-11
2.028238E-1	-3.547593E-11
2.078318E-1	-2.935890E-11
2.128317E-1	-3.773840E-11
2.178353E-1	-3.463801E-11
2.228039E-1	-3.199843E-11
2.278752E-1	-3.434474E-11
2.328758E-1	-3.145380E-11
2.378818E-1	-2.705447E-11
2.428851E-1	-1.896825E-11
2.478834E-1	-2.860473E-11
2.528534E-1	-2.399595E-11
2.579232E-1	-2.232007E-11
2.629219E-1	-2.202675E-11
2.679253E-1	-1.980618E-11
2.729302E-1	-2.562996E-11
2.779335E-1	-1.984814E-11
2.829007E-1	-1.951291E-11
2.879747E-1	-1.268359E-11
2.929761E-1	-1.461083E-11
2.979783E-1	-8.912752E-12
3.029819E-1	-1.406619E-11
3.079846E-1	-4.806801E-12
3.129564E-1	-6.608325E-12
3.180224E-1	-4.010688E-12
3.230270E-1	5.561801E-13
3.280274E-1	-1.142766E-13
3.330297E-1	3.949875E-12
3.380288E-1	1.031816E-11
3.430016E-1	1.714767E-11
3.480751E-1	1.840460E-11
3.530752E-1	2.598811E-11
3.580755E-1	2.808301E-11
3.630838E-1	2.887907E-11
3.680820E-1	4.320798E-11
3.730524E-1	3.554072E-11
3.781210E-1	4.991171E-11
3.831284E-1	5.456242E-11
3.881272E-1	6.155931E-11
3.931270E-1	6.658697E-11
3.981316E-1	7.752227E-11
4.030994E-1	8.430973E-11
4.081711E-1	9.080399E-11
4.131718E-1	9.817788E-11
4.181792E-1	1.042532E-10
4.231784E-1	1.195038E-10
4.281806E-1	1.244477E-10
4.331517E-1	1.396985E-10
4.382199E-1	1.518490E-10
4.432254E-1	1.604381E-10
4.482262E-1	1.746833E-10
4.532277E-1	1.917775E-10
4.582325E-1	1.991096E-10
4.632009E-1	2.179218E-10
4.682719E-1	2.351416E-10
4.732697E-1	2.484649E-10
4.782757E-1	2.700009E-10
4.832777E-1	2.861314E-10
4.882812E-1	3.028483E-10
4.932497E-1	3.270235E-10
4.983194E-1	3.578602E-10
5.033246E-1	3.712679E-10
5.083241E-1	4.038640E-10
5.133279E-1	4.315583E-10
5.183313E-1	4.572839E-10
5.232983E-1	4.871145E-10
5.283685E-1	5.195013E-10
5.333716E-1	5.529368E-10
5.383736E-1	5.952104E-10
5.433750E-1	6.341340E-10
5.483769E-1	6.785035E-10
5.533462E-1	7.310432E-10
5.584170E-1	7.590314E-10
5.634218E-1	8.093926E-10
5.684221E-1	8.540982E-10
5.734256E-1	9.040814E-10
5.784258E-1	9.618156E-10
5.833965E-1	1.007569E-9
5.884682E-1	1.064256E-9
5.934691E-1	1.137828E-9
5.984727E-1	1.201135E-9
6.034733E-1	1.268004E-9
6.084778E-1	1.328379E-9
6.134444E-1	1.426044E-9
6.185110E-1	1.491277E-9
6.235181E-1	1.579095E-9
6.285188E-1	1.671271E-9
6.335233E-1	1.763489E-9
6.385243E-1	1.868525E-9
6.434956E-1	1.973354E-9
6.485647E-1	2.073238E-9
6.535661E-1	2.180913E-9
6.585715E-1	2.328018E-9
6.635704E-1	2.447383E-9
6.685753E-1	2.600481E-9
6.735411E-1	2.719468E-9
6.786093E-1	2.875577E-9
6.836168E-1	3.002614E-9
6.886168E-1	3.174604E-9
6.936226E-1	3.330381E-9
6.986232E-1	3.537103E-9
7.035926E-1	3.697234E-9
7.086626E-1	3.889798E-9
7.136625E-1	4.086421E-9
7.186685E-1	4.296957E-9
7.236717E-1	4.528323E-9
7.286741E-1	4.747192E-9
7.336435E-1	5.010942E-9
7.387161E-1	5.249216E-9
7.437160E-1	5.495909E-9
7.487155E-1	5.790699E-9
7.537197E-1	6.062953E-9
7.587212E-1	6.386865E-9
7.636914E-1	6.714006E-9
7.687620E-1	7.003934E-9
7.737603E-1	7.307061E-9
7.787667E-1	7.708108E-9
7.837670E-1	7.977015E-9
7.887696E-1	8.438216E-9
7.937382E-1	8.816512E-9
7.988112E-1	9.251035E-9
8.038135E-1	9.745642E-9
8.088139E-1	1.016818E-8
8.138167E-1	1.056868E-8
8.188171E-1	1.106378E-8
8.237874E-1	1.160519E-8
8.288560E-1	1.217936E-8
8.338609E-1	1.272406E-8
8.388631E-1	1.330020E-8
8.438635E-1	1.392783E-8
8.488677E-1	1.450065E-8
8.538356E-1	1.510855E-8
8.589088E-1	1.578482E-8
8.639117E-1	1.640864E-8
8.689123E-1	1.710171E-8
8.739175E-1	1.796062E-8
8.789160E-1	1.870261E-8
8.838873E-1	1.949957E-8
8.889548E-1	2.046173E-8
8.939580E-1	2.123399E-8
8.989601E-1	2.216034E-8
9.039615E-1	2.299795E-8
9.089647E-1	2.404692E-8
9.139327E-1	2.493589E-8
9.190051E-1	2.598357E-8
9.240060E-1	2.688887E-8
9.290125E-1	2.802088E-8
9.340141E-1	2.917228E-8
9.390162E-1	3.033863E-8
9.439833E-1	3.140698E-8
9.490510E-1	3.273534E-8
9.540536E-1	3.378719E-8
9.590567E-1	3.535743E-8
9.640614E-1	3.649795E-8
9.690669E-1	3.771582E-8
9.740337E-1	3.913242E-8
9.791040E-1	4.074705E-8
9.841046E-1	4.217599E-8
9.891095E-1	4.328082E-8
9.941159E-1	4.490700E-8
9.991122E-1	4.677790E-8
1.004085E+0	4.816330E-8
1.009156E+0	4.994858E-8
1.014156E+0	5.134341E-8
1.019158E+0	5.320032E-8
1.024164E+0	5.481943E-8
1.029165E+0	5.654353E-8
1.034130E+0	5.840654E-8
1.039204E+0	6.054452E-8
1.044205E+0	6.276091E-8
1.049208E+0	6.479839E-8
1.054212E+0	6.691305E-8
1.059214E+0	6.913323E-8
1.064182E+0	7.124231E-8
1.069251E+0	7.361461E-8
1.074252E+0	7.569805E-8
1.079254E+0	7.844977E-8
1.084259E+0	8.074424E-8
1.089263E+0	8.325974E-8
1.094228E+0	8.535752E-8
1.099299E+0	8.828395E-8
1.104304E+0	9.090264E-8
1.109307E+0	9.377121E-8
1.114309E+0	9.638099E-8
1.119314E+0	9.893451E-8
1.124282E+0	1.021879E-7
1.129349E+0	1.049921E-7
1.134357E+0	1.077752E-7
1.139354E+0	1.107704E-7
1.144362E+0	1.138950E-7
1.149364E+0	1.170287E-7
1.154330E+0	1.204663E-7
1.159403E+0	1.235473E-7
1.164405E+0	1.273623E-7
1.169407E+0	1.311783E-7
1.174409E+0	1.343726E-7
1.179412E+0	1.376927E-7
1.184382E+0	1.413893E-7
1.189448E+0	1.449584E-7
1.194453E+0	1.485970E-7
1.199456E+0	1.527204E-7
1.204457E+0	1.564570E-7
1.209459E+0	1.609814E-7
1.214434E+0	1.651198E-7
1.219502E+0	1.692826E-7
1.224502E+0	1.732378E-7
1.229506E+0	1.775700E-7
1.234507E+0	1.823569E-7
1.239509E+0	1.868148E-7
1.244475E+0	1.911089E-7
1.249546E+0	1.965290E-7
1.254549E+0	2.010697E-7
1.259550E+0	2.054286E-7
1.264555E+0	2.110919E-7
1.269558E+0	2.159042E-7
1.274529E+0	2.208462E-7
1.279603E+0	2.261953E-7
1.284601E+0	2.310622E-7
1.289605E+0	2.364174E-7
1.294604E+0	2.421055E-7
1.299613E+0	2.469019E-7
1.304575E+0	2.522842E-7
1.309646E+0	2.580891E-7
1.314651E+0	2.642606E-7
1.319651E+0	2.707813E-7
1.324653E+0	2.762988E-7
1.329655E+0	2.819978E-7
1.334629E+0	2.882905E-7
1.339695E+0	2.950587E-7
1.344699E+0	3.008557E-7
1.349704E+0	3.070803E-7
1.354706E+0	3.134009E-7
1.359710E+0	3.198949E-7
1.364672E+0	3.273429E-7
1.369750E+0	3.341586E-7
1.374755E+0	3.401704E-7
1.379750E+0	3.481824E-7
1.384755E+0	3.549521E-7
1.389758E+0	3.625520E-7
1.394728E+0	3.697920E-7
1.399796E+0	3.774512E-7
1.404807E+0	3.843433E-7
1.409808E+0	3.924275E-7
1.414808E+0	4.003211E-7
1.419810E+0	4.076614E-7
1.424777E+0	4.152472E-7
1.429852E+0	4.238898E-7
1.434850E+0	4.327755E-7
1.439853E+0	4.405533E-7
1.444858E+0	4.484723E-7
1.449856E+0	4.567569E-7
1.454833E+0	4.647913E-7
1.459897E+0	4.735037E-7
1.464902E+0	4.819573E-7
1.469906E+0	4.911726E-7
1.474907E+0	4.998208E-7
1.479911E+0	5.100204E-7
1.484880E+0	5.181445E-7
1.489951E+0	5.288649E-7
1.494952E+0	5.381934E-7
1.499954E+0	5.467696E-7
