Voltage (V)	Current (A)
-1.500026E+0	-1.338296E-7
-1.495023E+0	-1.304808E-7
-1.490052E+0	-1.278257E-7
-1.485048E+0	-1.249282E-7
-1.479982E+0	-1.222245E-7
-1.474974E+0	-1.186529E-7
-1.469973E+0	-1.162369E-7
-1.465003E+0	-1.138351E-7
-1.460003E+0	-1.114096E-7
-1.454999E+0	-1.092799E-7
-1.449926E+0	-1.064952E-7
-1.444960E+0	-1.038588E-7
-1.439955E+0	-1.011841E-7
-1.434948E+0	-9.907755E-8
-1.429954E+0	-9.705688E-8
-1.424877E+0	-9.444732E-8
-1.419911E+0	-9.225379E-8
-1.414908E+0	-9.037399E-8
-1.409904E+0	-8.857165E-8
-1.404900E+0	-8.651110E-8
-1.399894E+0	-8.423507E-8
-1.394861E+0	-8.233961E-8
-1.389856E+0	-8.036672E-8
-1.384855E+0	-7.843164E-8
-1.379850E+0	-7.642789E-8
-1.374849E+0	-7.447503E-8
-1.369844E+0	-7.244855E-8
-1.364810E+0	-7.090689E-8
-1.359807E+0	-6.919918E-8
-1.354804E+0	-6.733596E-8
-1.349801E+0	-6.560619E-8
-1.344798E+0	-6.400222E-8
-1.339792E+0	-6.244964E-8
-1.334759E+0	-6.094305E-8
-1.329750E+0	-5.937754E-8
-1.324750E+0	-5.789876E-8
-1.319746E+0	-5.643611E-8
-1.314743E+0	-5.475923E-8
-1.309739E+0	-5.316043E-8
-1.304704E+0	-5.183099E-8
-1.299703E+0	-5.017404E-8
-1.294698E+0	-4.875119E-8
-1.289698E+0	-4.762354E-8
-1.284694E+0	-4.619702E-8
-1.279688E+0	-4.518243E-8
-1.274652E+0	-4.394662E-8
-1.269649E+0	-4.260931E-8
-1.264646E+0	-4.147295E-8
-1.259642E+0	-4.034480E-8
-1.254641E+0	-3.923620E-8
-1.249635E+0	-3.811329E-8
-1.244598E+0	-3.699298E-8
-1.239601E+0	-3.595147E-8
-1.234595E+0	-3.487445E-8
-1.229596E+0	-3.385408E-8
-1.224589E+0	-3.287100E-8
-1.219622E+0	-3.192833E-8
-1.214550E+0	-3.105693E-8
-1.209545E+0	-3.008302E-8
-1.204544E+0	-2.932893E-8
-1.199540E+0	-2.849491E-8
-1.194574E+0	-2.750054E-8
-1.189570E+0	-2.671226E-8
-1.184498E+0	-2.593982E-8
-1.179495E+0	-2.502810E-8
-1.174490E+0	-2.427078E-8
-1.169522E+0	-2.364672E-8
-1.164518E+0	-2.288941E-8
-1.159519E+0	-2.218631E-8
-1.154446E+0	-2.145107E-8
-1.149442E+0	-2.076836E-8
-1.144476E+0	-2.008393E-8
-1.139470E+0	-1.941258E-8
-1.134469E+0	-1.877117E-8
-1.129465E+0	-1.810900E-8
-1.124395E+0	-1.753158E-8
-1.119425E+0	-1.696107E-8
-1.114420E+0	-1.639293E-8
-1.109419E+0	-1.583928E-8
-1.104414E+0	-1.536333E-8
-1.099412E+0	-1.478333E-8
-1.094378E+0	-1.433720E-8
-1.089371E+0	-1.376817E-8
-1.084370E+0	-1.335925E-8
-1.079366E+0	-1.289856E-8
-1.074365E+0	-1.246498E-8
-1.069359E+0	-1.204719E-8
-1.064325E+0	-1.160560E-8
-1.059320E+0	-1.118152E-8
-1.054314E+0	-1.080973E-8
-1.049313E+0	-1.041696E-8
-1.044309E+0	-1.002426E-8
-1.039307E+0	-9.697832E-9
-1.034268E+0	-9.335579E-9
-1.029268E+0	-8.990065E-9
-1.024265E+0	-8.655536E-9
-1.019260E+0	-8.351853E-9
-1.014260E+0	-8.018634E-9
-1.009254E+0	-7.715944E-9
-1.004220E+0	-7.427940E-9
-9.992169E-1	-7.147472E-9
-9.942096E-1	-6.894734E-9
-9.892080E-1	-6.655508E-9
-9.842048E-1	-6.420758E-9
-9.792008E-1	-6.157804E-9
-9.741638E-1	-5.912660E-9
-9.691647E-1	-5.700536E-9
-9.641587E-1	-5.494576E-9
-9.591530E-1	-5.301057E-9
-9.541524E-1	-5.082529E-9
-9.491467E-1	-4.900905E-9
-9.441105E-1	-4.719254E-9
-9.391069E-1	-4.531399E-9
-9.341050E-1	-4.384640E-9
-9.291035E-1	-4.207847E-9
-9.240957E-1	-4.041231E-9
-9.191301E-1	-3.878517E-9
-9.140567E-1	-3.734282E-9
-9.090561E-1	-3.585396E-9
-9.040539E-1	-3.456285E-9
-8.990477E-1	-3.317035E-9
-8.940783E-1	-3.182645E-9
-8.890777E-1	-3.065813E-9
-8.840064E-1	-2.940563E-9
-8.790015E-1	-2.838482E-9
-8.740014E-1	-2.720396E-9
-8.690336E-1	-2.611945E-9
-8.640272E-1	-2.508062E-9
-8.590245E-1	-2.415872E-9
-8.539530E-1	-2.305284E-9
-8.489527E-1	-2.218625E-9
-8.439794E-1	-2.127777E-9
-8.389763E-1	-2.034958E-9
-8.339750E-1	-1.954962E-9
-8.289685E-1	-1.870649E-9
-8.238997E-1	-1.794047E-9
-8.189300E-1	-1.713799E-9
-8.139294E-1	-1.638453E-9
-8.089265E-1	-1.563193E-9
-8.039224E-1	-1.496438E-9
-7.989190E-1	-1.433119E-9
-7.938831E-1	-1.377178E-9
-7.888795E-1	-1.313565E-9
-7.838731E-1	-1.252259E-9
-7.788729E-1	-1.192796E-9
-7.738709E-1	-1.148167E-9
-7.688643E-1	-1.088412E-9
-7.638291E-1	-1.035485E-9
-7.588252E-1	-9.938739E-10
-7.538232E-1	-9.377220E-10
-7.488186E-1	-9.005938E-10
-7.438150E-1	-8.617064E-10
-7.388137E-1	-8.157370E-10
-7.337766E-1	-7.875355E-10
-7.287752E-1	-7.429062E-10
-7.237697E-1	-7.201523E-10
-7.187662E-1	-6.797560E-10
-7.137647E-1	-6.528946E-10
-7.087572E-1	-6.222201E-10
-7.037234E-1	-5.898282E-10
-6.987184E-1	-5.613746E-10
-6.937165E-1	-5.415535E-10
-6.887101E-1	-5.156143E-10
-6.837078E-1	-4.921482E-10
-6.787053E-1	-4.784030E-10
-6.736670E-1	-4.528832E-10
-6.686640E-1	-4.285782E-10
-6.636617E-1	-4.060755E-10
-6.586612E-1	-3.925401E-10
-6.536542E-1	-3.629555E-10
-6.486516E-1	-3.592678E-10
-6.436153E-1	-3.369745E-10
-6.386107E-1	-3.262886E-10
-6.336094E-1	-3.115382E-10
-6.286044E-1	-2.995113E-10
-6.236364E-1	-2.882810E-10
-6.186339E-1	-2.705974E-10
-6.135620E-1	-2.604562E-10
-6.085590E-1	-2.508183E-10
-6.035546E-1	-2.357743E-10
-5.985877E-1	-2.237477E-10
-5.935835E-1	-2.139839E-10
-5.885817E-1	-2.060220E-10
-5.835115E-1	-1.979762E-10
-5.785031E-1	-1.908105E-10
-5.735373E-1	-1.796638E-10
-5.685319E-1	-1.748028E-10
-5.635294E-1	-1.670505E-10
-5.585253E-1	-1.596333E-10
-5.534526E-1	-1.442542E-10
-5.484845E-1	-1.451762E-10
-5.434800E-1	-1.398123E-10
-5.384800E-1	-1.334428E-10
-5.334749E-1	-1.301743E-10
-5.284724E-1	-1.253971E-10
-5.234379E-1	-1.245590E-10
-5.184321E-1	-1.136218E-10
-5.134295E-1	-1.101437E-10
-5.084233E-1	-1.054085E-10
-5.034244E-1	-1.000447E-10
-4.984175E-1	-9.313036E-11
-4.933804E-1	-9.195704E-11
-4.883780E-1	-9.082562E-11
-4.833726E-1	-8.768275E-11
-4.783705E-1	-9.325608E-11
-4.733681E-1	-8.177416E-11
-4.683651E-1	-8.252845E-11
-4.633273E-1	-7.641035E-11
-4.583243E-1	-7.942750E-11
-4.533225E-1	-7.473416E-11
-4.483157E-1	-7.209459E-11
-4.433151E-1	-6.945503E-11
-4.383095E-1	-6.949693E-11
-4.332734E-1	-6.723445E-11
-4.282677E-1	-6.765343E-11
-4.232640E-1	-6.761153E-11
-4.182619E-1	-6.346366E-11
-4.132554E-1	-6.375693E-11
-4.082536E-1	-6.220672E-11
-4.032173E-1	-6.187153E-11
-3.982138E-1	-5.353389E-11
-3.932108E-1	-5.763987E-11
-3.882085E-1	-5.784936E-11
-3.832059E-1	-5.579636E-11
-3.782004E-1	-5.860352E-11
-3.731624E-1	-5.525168E-11
-3.681595E-1	-5.541929E-11
-3.631559E-1	-5.378527E-11
-3.581545E-1	-5.081054E-11
-3.531487E-1	-4.879943E-11
-3.481840E-1	-5.189989E-11
-3.431077E-1	-4.553141E-11
-3.381045E-1	-5.060104E-11
-3.331003E-1	-4.771011E-11
-3.280998E-1	-4.905084E-11
-3.231314E-1	-5.801693E-11
-3.181255E-1	-4.465155E-11
-3.130552E-1	-4.921840E-11
-3.080508E-1	-4.494486E-11
-3.030456E-1	-4.804529E-11
-2.980795E-1	-4.243097E-11
-2.930727E-1	-4.636937E-11
-2.880709E-1	-4.331082E-11
-2.830001E-1	-4.310134E-11
-2.779967E-1	-4.867374E-11
-2.730216E-1	-4.624368E-11
-2.680188E-1	-4.427447E-11
-2.630192E-1	-4.431637E-11
-2.580138E-1	-4.352030E-11
-2.529460E-1	-3.974951E-11
-2.479770E-1	-4.364601E-11
-2.429750E-1	-4.046177E-11
-2.379656E-1	-4.188630E-11
-2.329629E-1	-4.364601E-11
-2.279630E-1	-4.159300E-11
-2.229221E-1	-4.586657E-11
-2.179202E-1	-4.297563E-11
-2.129163E-1	-4.155111E-11
-2.079128E-1	-3.794790E-11
-2.029093E-1	-4.310133E-11
-1.979028E-1	-3.602061E-11
-1.928699E-1	-4.058745E-11
-1.878663E-1	-4.134162E-11
-1.828631E-1	-4.217957E-11
-1.778588E-1	-4.134163E-11
-1.728551E-1	-4.326894E-11
-1.678507E-1	-4.377168E-11
-1.628100E-1	-4.029418E-11
-1.578060E-1	-4.134163E-11
-1.528061E-1	-4.486105E-11
-1.478003E-1	-3.736134E-11
-1.427948E-1	-3.966575E-11
-1.377905E-1	-3.878587E-11
-1.327558E-1	-4.180251E-11
-1.277479E-1	-3.974952E-11
-1.227497E-1	-4.846427E-11
-1.177421E-1	-3.752895E-11
-1.127389E-1	-3.920484E-11
-1.077391E-1	-3.987520E-11
-1.026972E-1	-3.694237E-11
-9.769589E-2	-3.107668E-11
-9.269015E-2	-3.891153E-11
-8.768997E-2	-4.067124E-11
-8.268405E-2	-3.803173E-11
-7.767873E-2	-4.599228E-11
-7.264598E-2	-4.180250E-11
-6.763874E-2	-4.188631E-11
-6.263004E-2	-4.100643E-11
-5.763162E-2	-3.995898E-11
-5.263022E-2	-3.681668E-11
-4.765832E-2	-4.054559E-11
-4.258240E-2	-3.723563E-11
-3.758570E-2	-4.092266E-11
-3.257739E-2	-4.213770E-11
-2.757411E-2	-3.832499E-11
-2.260181E-2	-4.335271E-11
-1.760254E-2	-3.643960E-11
-1.253101E-2	-3.757084E-11
-7.523963E-3	-3.824119E-11
-2.523690E-3	-4.197013E-11
2.478417E-3	-3.675539E-12
7.477052E-3	-3.954004E-11
1.244538E-2	-4.243098E-11
1.752281E-2	-3.593681E-11
2.252117E-2	-4.360414E-11
2.752669E-2	-4.163492E-11
3.252850E-2	-4.092267E-11
3.753519E-2	-3.606252E-11
4.250076E-2	-4.092266E-11
4.757104E-2	-3.895348E-11
5.257495E-2	-3.924676E-11
5.757312E-2	-3.861828E-11
6.257959E-2	-3.677479E-11
6.758045E-2	-3.878586E-11
7.254630E-2	-4.113216E-11
7.761937E-2	-4.134165E-11
8.262335E-2	-3.773845E-11
8.762353E-2	-3.769653E-11
9.262680E-2	-3.669098E-11
9.763256E-2	-3.731947E-11
1.026014E-1	-3.459608E-11
1.076717E-1	-3.861828E-11
1.126759E-1	-3.790600E-11
1.176760E-1	-3.845068E-11
1.226795E-1	-4.385549E-11
1.276747E-1	-3.945624E-11
1.326510E-1	-3.995901E-11
1.377223E-1	-3.836689E-11
1.427228E-1	-4.041990E-11
1.477295E-1	-3.204033E-11
1.527312E-1	-3.576922E-11
1.577355E-1	-3.924678E-11
1.627019E-1	-3.413522E-11
1.677728E-1	-3.488939E-11
1.727811E-1	-3.836688E-11
1.777816E-1	-3.811550E-11
1.827842E-1	-3.572734E-11
1.877850E-1	-3.660717E-11
1.927557E-1	-3.769651E-11
1.978204E-1	-3.648147E-11
2.028225E-1	-3.245931E-11
2.078297E-1	-3.635580E-11
2.128325E-1	-3.660717E-11
2.178362E-1	-3.459608E-11
2.228036E-1	-3.744514E-11
2.278775E-1	-3.375812E-11
2.328766E-1	-3.832497E-11
2.378809E-1	-3.434468E-11
2.428859E-1	-3.685857E-11
2.478848E-1	-3.526645E-11
2.528530E-1	-3.539218E-11
2.579224E-1	-3.049014E-11
2.629221E-1	-3.614632E-11
2.679259E-1	-3.317158E-11
2.729311E-1	-3.430278E-11
2.779362E-1	-4.134161E-11
2.829031E-1	-3.409331E-11
2.879746E-1	-3.312968E-11
2.929759E-1	-3.635580E-11
2.979771E-1	-3.002926E-11
3.029838E-1	-2.319989E-11
3.079869E-1	-3.333916E-11
3.129576E-1	-2.847899E-11
3.180227E-1	-3.023872E-11
3.230274E-1	-3.044825E-11
3.280298E-1	-3.275257E-11
3.330310E-1	-3.103479E-11
3.380319E-1	-2.768295E-11
3.430013E-1	-2.839523E-11
3.480749E-1	-2.533670E-11
3.530737E-1	-2.831144E-11
3.580750E-1	-2.114693E-11
3.630819E-1	-2.504341E-11
3.680837E-1	-2.680311E-11
3.730533E-1	-2.638411E-11
3.781214E-1	-2.965216E-11
3.831278E-1	-2.303229E-11
3.881257E-1	-2.135646E-11
3.931285E-1	-1.800457E-11
3.981328E-1	-2.009946E-11
4.031003E-1	-1.075625E-11
4.081719E-1	-1.984807E-11
4.131727E-1	-1.377292E-11
4.181774E-1	-1.280932E-11
4.231791E-1	-1.301872E-11
4.281812E-1	-1.239032E-11
4.331532E-1	-1.687337E-11
4.382186E-1	-6.650278E-12
4.432250E-1	-5.686625E-12
4.482277E-1	-3.885052E-12
4.532273E-1	-3.237757E-13
4.582328E-1	5.751441E-12
4.632004E-1	1.645434E-12
4.682742E-1	4.033655E-12
4.732722E-1	8.474797E-12
4.782759E-1	4.536406E-12
4.832771E-1	1.216182E-11
4.882809E-1	1.308357E-11
4.932482E-1	1.785982E-11
4.983198E-1	2.171448E-11
5.033229E-1	3.306878E-11
5.083215E-1	2.904649E-11
5.133293E-1	3.512175E-11
5.183319E-1	3.394870E-11
5.232991E-1	4.023328E-11
5.283700E-1	4.685312E-11
5.333686E-1	4.253764E-11
5.383753E-1	5.171337E-11
5.433740E-1	5.875217E-11
5.483782E-1	6.893323E-11
5.533475E-1	7.044157E-11
5.584173E-1	7.932389E-11
5.634192E-1	8.443535E-11
5.684216E-1	9.277311E-11
5.734250E-1	9.792632E-11
5.784266E-1	1.054262E-10
5.833958E-1	1.149788E-10
5.884675E-1	1.237355E-10
5.934696E-1	1.356343E-10
5.984724E-1	1.481199E-10
6.034734E-1	1.654238E-10
6.084783E-1	1.718342E-10
6.134443E-1	1.841521E-10
6.185142E-1	1.952550E-10
6.235194E-1	2.113018E-10
6.285184E-1	2.288988E-10
6.335236E-1	2.373621E-10
6.385255E-1	2.596519E-10
6.434959E-1	2.764528E-10
6.485664E-1	3.008373E-10
6.535662E-1	3.212836E-10
6.585729E-1	3.502769E-10
6.635710E-1	3.668679E-10
6.685747E-1	3.874821E-10
6.735421E-1	4.184861E-10
6.786107E-1	4.435408E-10
6.836153E-1	4.761374E-10
6.886176E-1	5.083986E-10
6.936201E-1	5.420843E-10
6.986226E-1	5.723342E-10
7.035958E-1	6.135206E-10
7.086624E-1	6.575962E-10
7.136650E-1	6.968555E-10
7.186692E-1	7.477184E-10
7.236682E-1	7.935962E-10
7.286745E-1	8.262769E-10
7.336417E-1	8.661631E-10
7.387124E-1	9.135073E-10
7.437156E-1	9.719556E-10
7.487155E-1	1.024370E-9
7.537183E-1	1.087635E-9
7.587197E-1	1.164560E-9
7.636921E-1	1.235326E-9
7.687616E-1	1.297418E-9
7.737614E-1	1.371576E-9
7.787653E-1	1.420721E-9
7.837668E-1	1.508121E-9
7.887691E-1	1.568411E-9
7.937367E-1	1.671731E-9
7.988130E-1	1.762442E-9
8.038132E-1	1.859098E-9
8.088139E-1	1.985882E-9
8.138168E-1	2.066115E-9
8.188174E-1	2.202408E-9
8.237860E-1	2.298690E-9
8.288558E-1	2.418812E-9
8.338616E-1	2.536794E-9
8.388630E-1	2.694290E-9
8.438635E-1	2.836323E-9
8.488669E-1	3.007096E-9
8.538334E-1	3.168821E-9
8.589059E-1	3.327361E-9
8.639081E-1	3.483599E-9
8.689116E-1	3.697614E-9
8.739150E-1	3.819327E-9
8.789172E-1	4.044991E-9
8.838846E-1	4.238723E-9
8.889522E-1	4.435180E-9
8.939564E-1	4.655562E-9
8.989605E-1	4.907581E-9
9.039602E-1	5.116859E-9
9.089639E-1	5.375911E-9
9.139332E-1	5.600356E-9
9.190024E-1	5.867118E-9
9.240078E-1	6.188273E-9
9.290097E-1	6.476482E-9
9.340152E-1	6.822646E-9
9.390157E-1	7.181753E-9
9.439796E-1	7.360356E-9
9.490525E-1	7.774895E-9
9.540563E-1	8.047485E-9
9.590552E-1	8.485316E-9
9.640578E-1	8.755390E-9
9.690644E-1	9.083487E-9
9.740299E-1	9.502203E-9
9.791021E-1	9.950983E-9
9.841038E-1	1.029010E-8
9.891078E-1	1.076439E-8
9.941105E-1	1.117560E-8
9.991116E-1	1.164486E-8
1.004080E+0	1.219912E-8
1.009153E+0	1.263562E-8
1.014154E+0	1.314230E-8
1.019155E+0	1.349574E-8
1.024162E+0	1.420274E-8
1.029163E+0	1.485173E-8
1.034128E+0	1.535693E-8
1.039201E+0	1.584570E-8
1.044201E+0	1.644618E-8
1.049207E+0	1.708936E-8
1.054209E+0	1.770698E-8
1.059210E+0	1.833560E-8
1.064181E+0	1.910368E-8
1.069246E+0	1.972044E-8
1.074252E+0	2.039693E-8
1.079252E+0	2.114917E-8
1.084257E+0	2.200582E-8
1.089261E+0	2.302706E-8
1.094225E+0	2.393892E-8
1.099298E+0	2.464945E-8
1.104302E+0	2.531183E-8
1.109302E+0	2.610728E-8
1.114307E+0	2.719120E-8
1.119308E+0	2.834956E-8
1.124279E+0	2.917002E-8
1.129345E+0	3.029405E-8
1.134351E+0	3.103205E-8
1.139350E+0	3.219378E-8
1.144357E+0	3.322388E-8
1.149359E+0	3.432975E-8
1.154326E+0	3.520401E-8
1.159397E+0	3.667124E-8
1.164402E+0	3.766450E-8
1.169404E+0	3.875583E-8
1.174402E+0	3.987878E-8
1.179406E+0	4.151204E-8
1.184379E+0	4.287499E-8
1.189440E+0	4.430460E-8
1.194448E+0	4.557266E-8
1.199450E+0	4.706587E-8
1.204452E+0	4.846534E-8
1.209454E+0	4.960459E-8
1.214428E+0	5.095385E-8
1.219495E+0	5.256124E-8
1.224495E+0	5.423309E-8
1.229501E+0	5.619221E-8
1.234500E+0	5.755599E-8
1.239504E+0	5.909797E-8
1.244470E+0	6.086590E-8
1.249539E+0	6.284504E-8
1.254543E+0	6.413105E-8
1.259545E+0	6.614119E-8
1.264550E+0	6.754376E-8
1.269551E+0	6.945427E-8
1.274519E+0	7.188995E-8
1.279595E+0	7.346740E-8
1.284594E+0	7.591075E-8
1.289599E+0	7.790432E-8
1.294601E+0	7.962391E-8
1.299603E+0	8.175522E-8
1.304571E+0	8.440866E-8
1.309641E+0	8.659654E-8
1.314643E+0	8.903937E-8
1.319644E+0	9.083031E-8
1.324646E+0	9.328612E-8
1.329647E+0	9.554400E-8
1.334620E+0	9.816567E-8
1.339690E+0	1.002532E-7
1.344690E+0	1.029047E-7
1.349696E+0	1.054209E-7
1.354697E+0	1.084713E-7
1.359701E+0	1.109884E-7
1.364665E+0	1.136269E-7
1.369738E+0	1.162105E-7
1.374745E+0	1.188931E-7
1.379739E+0	1.221463E-7
1.384746E+0	1.242290E-7
1.389748E+0	1.276665E-7
1.394717E+0	1.313177E-7
1.399788E+0	1.342337E-7
1.404795E+0	1.365561E-7
1.409796E+0	1.400972E-7
1.414797E+0	1.432101E-7
1.419801E+0	1.460494E-7
1.424766E+0	1.496728E-7
1.429839E+0	1.531865E-7
1.434842E+0	1.566524E-7
1.439843E+0	1.602251E-7
1.444847E+0	1.636610E-7
1.449841E+0	1.669013E-7
1.454823E+0	1.706313E-7
1.459887E+0	1.749445E-7
1.464891E+0	1.776718E-7
1.469894E+0	1.811567E-7
1.474895E+0	1.857671E-7
1.479899E+0	1.895916E-7
1.484864E+0	1.937785E-7
1.489938E+0	1.979280E-7
1.494941E+0	2.024013E-7
1.499944E+0	2.059572E-7
