Voltage (V)	Current (A)
-1.000075E+0	-4.143432E-7
-9.960903E-1	-4.099701E-7
-9.920623E-1	-4.056195E-7
-9.880795E-1	-4.014950E-7
-9.840193E-1	-3.968401E-7
-9.800313E-1	-3.920308E-7
-9.760390E-1	-3.877579E-7
-9.720180E-1	-3.838585E-7
-9.680277E-1	-3.786449E-7
-9.640399E-1	-3.747517E-7
-9.599817E-1	-3.700845E-7
-9.559922E-1	-3.659821E-7
-9.519687E-1	-3.615302E-7
-9.479769E-1	-3.575783E-7
-9.439905E-1	-3.533656E-7
-9.399701E-1	-3.492572E-7
-9.359459E-1	-3.451597E-7
-9.319203E-1	-3.410337E-7
-9.279346E-1	-3.371691E-7
-9.239421E-1	-3.333238E-7
-9.199215E-1	-3.291832E-7
-9.159288E-1	-3.254715E-7
-9.118736E-1	-3.215627E-7
-9.078844E-1	-3.175587E-7
-9.038640E-1	-3.137262E-7
-8.998735E-1	-3.099522E-7
-8.958828E-1	-3.062347E-7
-8.918619E-1	-3.022565E-7
-8.878713E-1	-2.987000E-7
-8.838171E-1	-2.952199E-7
-8.798264E-1	-2.911794E-7
-8.758382E-1	-2.876322E-7
-8.718158E-1	-2.840868E-7
-8.678279E-1	-2.805768E-7
-8.638358E-1	-2.774939E-7
-8.597808E-1	-2.734201E-7
-8.557901E-1	-2.701088E-7
-8.517679E-1	-2.665834E-7
-8.477772E-1	-2.632560E-7
-8.437882E-1	-2.598012E-7
-8.397674E-1	-2.565403E-7
-8.357422E-1	-2.531692E-7
-8.317215E-1	-2.501303E-7
-8.277298E-1	-2.468362E-7
-8.237407E-1	-2.435301E-7
-8.197176E-1	-2.401804E-7
-8.157296E-1	-2.371264E-7
-8.116718E-1	-2.338364E-7
-8.076840E-1	-2.308035E-7
-8.036618E-1	-2.276207E-7
-7.996739E-1	-2.246547E-7
-7.956830E-1	-2.216853E-7
-7.916970E-1	-2.186805E-7
-7.876711E-1	-2.157158E-7
-7.836128E-1	-2.128766E-7
-7.796241E-1	-2.100533E-7
-7.756343E-1	-2.069402E-7
-7.716141E-1	-2.039924E-7
-7.676237E-1	-2.012320E-7
-7.636361E-1	-1.984748E-7
-7.595749E-1	-1.956565E-7
-7.555875E-1	-1.930974E-7
-7.515645E-1	-1.907644E-7
-7.475779E-1	-1.876335E-7
-7.435879E-1	-1.848979E-7
-7.395665E-1	-1.823338E-7
-7.355434E-1	-1.796964E-7
-7.315188E-1	-1.771381E-7
-7.275317E-1	-1.745196E-7
-7.235408E-1	-1.719428E-7
-7.195187E-1	-1.694747E-7
-7.155262E-1	-1.670285E-7
-7.114723E-1	-1.645493E-7
-7.074803E-1	-1.625550E-7
-7.034938E-1	-1.598069E-7
-6.994682E-1	-1.573445E-7
-6.954796E-1	-1.550472E-7
-6.914898E-1	-1.527714E-7
-6.874674E-1	-1.503465E-7
-6.834096E-1	-1.483684E-7
-6.794193E-1	-1.458728E-7
-6.754313E-1	-1.435594E-7
-6.714072E-1	-1.413338E-7
-6.674204E-1	-1.392502E-7
-6.634316E-1	-1.370294E-7
-6.593753E-1	-1.348631E-7
-6.553858E-1	-1.327541E-7
-6.513613E-1	-1.306523E-7
-6.473711E-1	-1.287724E-7
-6.433842E-1	-1.266313E-7
-6.393593E-1	-1.245406E-7
-6.353388E-1	-1.224968E-7
-6.313125E-1	-1.205395E-7
-6.273238E-1	-1.186079E-7
-6.233367E-1	-1.166916E-7
-6.193091E-1	-1.147078E-7
-6.153224E-1	-1.129017E-7
-6.112657E-1	-1.109791E-7
-6.072794E-1	-1.092396E-7
-6.032896E-1	-1.074217E-7
-5.992670E-1	-1.055611E-7
-5.952756E-1	-1.037732E-7
-5.912896E-1	-1.020645E-7
-5.872650E-1	-1.003004E-7
-5.832097E-1	-9.871196E-8
-5.792177E-1	-9.717776E-8
-5.752307E-1	-9.518350E-8
-5.712065E-1	-9.353337E-8
-5.672157E-1	-9.192595E-8
-5.632288E-1	-9.033788E-8
-5.591686E-1	-8.852880E-8
-5.551829E-1	-8.720836E-8
-5.511580E-1	-8.558445E-8
-5.471690E-1	-8.413098E-8
-5.431777E-1	-8.249292E-8
-5.391570E-1	-8.105720E-8
-5.351328E-1	-7.957585E-8
-5.311117E-1	-7.808016E-8
-5.271236E-1	-7.666118E-8
-5.231354E-1	-7.525787E-8
-5.191103E-1	-7.382762E-8
-5.151201E-1	-7.246194E-8
-5.110635E-1	-7.111345E-8
-5.070741E-1	-6.977636E-8
-5.030870E-1	-6.843472E-8
-4.990626E-1	-6.709974E-8
-4.950726E-1	-6.579779E-8
-4.910808E-1	-6.444834E-8
-4.870609E-1	-6.320442E-8
-4.830026E-1	-6.197384E-8
-4.790147E-1	-6.073666E-8
-4.750237E-1	-5.951495E-8
-4.710361E-1	-5.832005E-8
-4.670117E-1	-5.710358E-8
-4.630213E-1	-5.602187E-8
-4.589678E-1	-5.481787E-8
-4.549779E-1	-5.363817E-8
-4.509576E-1	-5.249759E-8
-4.469655E-1	-5.138211E-8
-4.429773E-1	-5.033727E-8
-4.389532E-1	-4.916934E-8
-4.349302E-1	-4.812234E-8
-4.309059E-1	-4.702655E-8
-4.269188E-1	-4.596964E-8
-4.229259E-1	-4.497112E-8
-4.189067E-1	-4.394761E-8
-4.149142E-1	-4.297927E-8
-4.108581E-1	-4.191359E-8
-4.068687E-1	-4.102978E-8
-4.028761E-1	-3.999253E-8
-3.988565E-1	-3.903090E-8
-3.948653E-1	-3.808455E-8
-3.908789E-1	-3.725702E-8
-3.868552E-1	-3.620452E-8
-3.827999E-1	-3.545257E-8
-3.788096E-1	-3.443760E-8
-3.748208E-1	-3.356694E-8
-3.708306E-1	-3.270517E-8
-3.668104E-1	-3.196072E-8
-3.628168E-1	-3.112405E-8
-3.587620E-1	-3.031473E-8
-3.547708E-1	-2.951299E-8
-3.507477E-1	-2.867009E-8
-3.467610E-1	-2.796661E-8
-3.427691E-1	-2.703624E-8
-3.387454E-1	-2.623750E-8
-3.347228E-1	-2.545670E-8
-3.307034E-1	-2.474986E-8
-3.267092E-1	-2.404566E-8
-3.227232E-1	-2.330057E-8
-3.186995E-1	-2.264701E-8
-3.147123E-1	-2.194469E-8
-3.106532E-1	-2.123676E-8
-3.066662E-1	-2.058330E-8
-3.026727E-1	-1.994233E-8
-2.986507E-1	-1.926196E-8
-2.946610E-1	-1.863539E-8
-2.906726E-1	-1.800638E-8
-2.866504E-1	-1.741113E-8
-2.826251E-1	-1.681403E-8
-2.786048E-1	-1.623127E-8
-2.746117E-1	-1.565328E-8
-2.706222E-1	-1.508852E-8
-2.665982E-1	-1.455085E-8
-2.626120E-1	-1.401007E-8
-2.585537E-1	-1.348236E-8
-2.545680E-1	-1.295490E-8
-2.505432E-1	-1.243445E-8
-2.465521E-1	-1.192674E-8
-2.425659E-1	-1.144156E-8
-2.385756E-1	-1.098945E-8
-2.345178E-1	-1.048182E-8
-2.304942E-1	-1.004802E-8
-2.265061E-1	-9.608435E-9
-2.225166E-1	-9.155983E-9
-2.184940E-1	-8.708208E-9
-2.145048E-1	-8.318908E-9
-2.104483E-1	-7.904172E-9
-2.064558E-1	-7.476118E-9
-2.024678E-1	-7.123072E-9
-1.984419E-1	-6.743291E-9
-1.944559E-1	-6.392331E-9
-1.904659E-1	-6.047754E-9
-1.864100E-1	-5.705764E-9
-1.824182E-1	-5.379957E-9
-1.783981E-1	-5.076983E-9
-1.744102E-1	-4.782610E-9
-1.704190E-1	-4.498573E-9
-1.663955E-1	-4.212655E-9
-1.624025E-1	-3.942289E-9
-1.583470E-1	-3.700124E-9
-1.543586E-1	-3.468049E-9
-1.503380E-1	-3.231040E-9
-1.463454E-1	-3.002826E-9
-1.423581E-1	-2.810023E-9
-1.383638E-1	-2.618646E-9
-1.343077E-1	-2.429781E-9
-1.302821E-1	-2.251352E-9
-1.262925E-1	-2.100746E-9
-1.223058E-1	-1.955125E-9
-1.182819E-1	-1.812607E-9
-1.142934E-1	-1.688152E-9
-1.102327E-1	-1.554347E-9
-1.062498E-1	-1.429892E-9
-1.022570E-1	-1.320437E-9
-9.823500E-2	-1.212783E-9
-9.424074E-2	-1.108817E-9
-9.025446E-2	-1.016208E-9
-8.619566E-2	-9.388942E-10
-8.220501E-2	-8.537443E-10
-7.818544E-2	-7.708141E-10
-7.419599E-2	-7.105550E-10
-7.020656E-2	-6.319417E-10
-6.618175E-2	-5.859301E-10
-6.219123E-2	-5.144406E-10
-5.813296E-2	-4.524217E-10
-5.414592E-2	-3.946354E-10
-5.015439E-2	-3.507187E-10
-4.613572E-2	-2.877359E-10
-4.214400E-2	-2.559301E-10
-3.815899E-2	-2.183838E-10
-3.409726E-2	-1.813398E-10
-3.007343E-2	-1.550237E-10
-2.608063E-2	-1.270732E-10
-2.209275E-2	-1.099341E-10
-1.807444E-2	-8.801797E-11
-1.408415E-2	-7.821225E-11
-1.002714E-2	-7.695511E-11
-6.035272E-3	-4.938603E-11
-2.043399E-3	-3.832502E-11
1.970402E-3	-2.005770E-11
5.954687E-3	-3.375822E-11
9.948608E-3	-2.818580E-11
1.400313E-2	-1.272557E-11
1.802945E-2	1.224548E-11
2.201707E-2	2.628114E-11
2.600446E-2	5.146167E-11
3.002660E-2	6.637732E-11
3.401818E-2	1.013619E-10
3.800245E-2	1.181628E-10
4.205883E-2	1.510526E-10
4.605323E-2	2.100025E-10
5.007243E-2	2.335490E-10
5.406241E-2	2.912422E-10
5.804710E-2	3.347319E-10
6.207145E-2	3.972435E-10
6.612582E-2	4.616823E-10
7.011888E-2	5.238165E-10
7.410420E-2	6.020397E-10
7.813133E-2	6.717155E-10
8.211842E-2	7.522005E-10
8.610727E-2	8.494027E-10
9.016281E-2	9.452237E-10
9.414788E-2	1.031951E-9
9.817240E-2	1.158482E-9
1.021612E-1	1.255812E-9
1.061525E-1	1.362609E-9
1.101738E-1	1.507071E-9
1.142325E-1	1.644497E-9
1.182171E-1	1.800649E-9
1.222075E-1	1.961660E-9
1.262279E-1	2.159963E-9
1.302166E-1	2.351811E-9
1.342061E-1	2.573494E-9
1.382322E-1	2.820104E-9
1.422509E-1	3.083727E-9
1.462761E-1	3.375249E-9
1.502651E-1	3.680931E-9
1.542524E-1	3.973879E-9
1.582787E-1	4.338897E-9
1.622619E-1	4.687442E-9
1.663229E-1	5.043030E-9
1.703101E-1	5.402636E-9
1.743362E-1	5.772844E-9
1.783239E-1	6.165763E-9
1.823127E-1	6.540497E-9
1.863317E-1	6.952012E-9
1.903565E-1	7.361479E-9
1.943765E-1	7.769644E-9
1.983619E-1	8.190291E-9
2.023508E-1	8.583927E-9
2.063759E-1	9.005336E-9
2.103686E-1	9.465240E-9
2.144222E-1	9.883385E-9
2.184125E-1	1.033107E-8
2.224335E-1	1.080304E-8
2.264240E-1	1.122306E-8
2.304048E-1	1.167677E-8
2.344351E-1	1.216368E-8
2.384235E-1	1.260561E-8
2.424817E-1	1.309803E-8
2.464686E-1	1.360961E-8
2.504553E-1	1.406729E-8
2.544753E-1	1.456998E-8
2.584645E-1	1.507937E-8
2.624539E-1	1.560870E-8
2.665073E-1	1.612425E-8
2.705309E-1	1.663050E-8
2.745184E-1	1.717693E-8
2.785108E-1	1.773091E-8
2.825311E-1	1.823649E-8
2.865221E-1	1.879315E-8
2.905780E-1	1.935329E-8
2.945693E-1	1.991769E-8
2.985523E-1	2.048927E-8
3.025786E-1	2.107541E-8
3.065662E-1	2.166279E-8
3.105555E-1	2.227583E-8
3.146141E-1	2.285399E-8
3.186334E-1	2.350203E-8
3.226240E-1	2.408310E-8
3.266098E-1	2.470206E-8
3.306349E-1	2.534620E-8
3.346210E-1	2.600135E-8
3.386771E-1	2.663146E-8
3.426653E-1	2.727244E-8
3.466566E-1	2.794762E-8
3.506774E-1	2.859460E-8
3.546656E-1	2.927263E-8
3.586537E-1	2.996131E-8
3.626778E-1	3.064788E-8
3.667313E-1	3.139471E-8
3.707192E-1	3.207258E-8
3.747127E-1	3.282704E-8
3.787315E-1	3.356871E-8
3.827240E-1	3.433505E-8
3.867090E-1	3.510506E-8
3.907649E-1	3.590970E-8
3.947532E-1	3.668978E-8
3.987767E-1	3.752018E-8
4.027634E-1	3.834899E-8
4.067514E-1	3.919692E-8
4.107734E-1	4.007552E-8
4.148293E-1	4.095385E-8
4.188187E-1	4.188637E-8
4.228085E-1	4.278238E-8
4.268330E-1	4.376156E-8
4.308188E-1	4.470757E-8
4.348113E-1	4.569220E-8
4.388654E-1	4.670254E-8
4.428556E-1	4.774024E-8
4.468755E-1	4.879687E-8
4.508673E-1	4.984457E-8
4.548552E-1	5.096777E-8
4.588783E-1	5.210291E-8
4.628670E-1	5.327009E-8
4.669227E-1	5.445102E-8
4.709086E-1	5.567599E-8
4.749289E-1	5.687555E-8
4.789203E-1	5.812896E-8
4.829070E-1	5.939773E-8
4.869326E-1	6.071095E-8
4.909534E-1	6.200584E-8
4.949768E-1	6.344881E-8
4.989626E-1	6.483717E-8
5.029549E-1	6.626878E-8
5.069749E-1	6.768037E-8
5.109664E-1	6.911311E-8
5.150201E-1	7.062287E-8
5.190104E-1	7.216215E-8
5.230296E-1	7.376646E-8
5.270195E-1	7.537444E-8
5.310097E-1	7.696411E-8
5.350288E-1	7.865357E-8
5.390532E-1	8.031701E-8
5.430722E-1	8.207314E-8
5.470619E-1	8.380713E-8
5.510490E-1	8.560384E-8
5.550737E-1	8.734904E-8
5.590624E-1	8.920581E-8
5.630515E-1	9.104346E-8
5.671071E-1	9.299774E-8
5.711317E-1	9.489928E-8
5.751179E-1	9.688451E-8
5.791087E-1	9.886491E-8
5.831277E-1	1.008502E-7
5.871181E-1	1.029176E-7
5.911760E-1	1.050375E-7
5.951629E-1	1.071414E-7
5.991521E-1	1.092448E-7
6.031737E-1	1.113793E-7
6.071631E-1	1.135452E-7
6.111487E-1	1.157627E-7
6.152079E-1	1.180462E-7
6.192290E-1	1.203634E-7
6.232188E-1	1.226450E-7
6.272066E-1	1.249874E-7
6.312300E-1	1.272800E-7
6.352184E-1	1.297199E-7
6.392761E-1	1.320812E-7
6.432645E-1	1.345234E-7
6.472518E-1	1.369122E-7
6.512727E-1	1.394892E-7
6.552616E-1	1.418888E-7
6.592532E-1	1.445982E-7
6.632717E-1	1.470452E-7
6.673317E-1	1.496466E-7
6.713179E-1	1.523139E-7
6.753073E-1	1.548452E-7
6.793276E-1	1.575108E-7
6.833173E-1	1.601885E-7
6.873055E-1	1.629064E-7
6.913651E-1	1.656509E-7
6.953549E-1	1.683068E-7
6.993753E-1	1.711262E-7
7.033645E-1	1.739979E-7
7.073493E-1	1.768547E-7
7.113743E-1	1.797542E-7
7.154280E-1	1.826278E-7
7.194213E-1	1.855167E-7
7.234074E-1	1.885218E-7
7.274342E-1	1.915216E-7
7.314187E-1	1.945273E-7
7.354110E-1	1.976219E-7
7.394631E-1	2.007982E-7
7.434531E-1	2.038593E-7
7.474732E-1	2.069680E-7
7.514641E-1	2.102750E-7
7.554511E-1	2.134705E-7
7.594725E-1	2.166524E-7
7.634633E-1	2.198472E-7
7.675180E-1	2.231624E-7
7.715092E-1	2.265881E-7
7.755296E-1	2.298028E-7
7.795181E-1	2.333149E-7
7.835057E-1	2.366302E-7
7.875306E-1	2.402651E-7
7.915491E-1	2.436899E-7
7.955743E-1	2.472785E-7
7.995631E-1	2.507380E-7
8.035525E-1	2.543072E-7
8.075740E-1	2.578649E-7
8.115627E-1	2.614728E-7
8.156176E-1	2.650719E-7
8.196058E-1	2.690550E-7
8.236277E-1	2.725760E-7
8.276168E-1	2.764240E-7
8.316084E-1	2.800853E-7
8.356279E-1	2.840827E-7
8.396514E-1	2.878639E-7
8.436741E-1	2.919751E-7
8.476644E-1	2.958560E-7
8.516505E-1	2.998574E-7
8.556759E-1	3.036766E-7
8.596648E-1	3.079784E-7
8.636505E-1	3.119054E-7
8.677080E-1	3.160720E-7
8.717285E-1	3.200132E-7
8.757179E-1	3.242235E-7
8.797042E-1	3.285420E-7
8.837321E-1	3.326962E-7
8.877177E-1	3.370042E-7
8.917732E-1	3.414728E-7
8.957611E-1	3.457823E-7
8.997510E-1	3.500490E-7
9.037723E-1	3.546784E-7
9.077631E-1	3.589564E-7
9.117513E-1	3.634755E-7
9.158064E-1	3.678784E-7
9.198312E-1	3.723627E-7
9.238172E-1	3.770758E-7
9.278080E-1	3.818285E-7
9.318291E-1	3.863894E-7
9.358196E-1	3.911347E-7
9.398739E-1	3.958127E-7
9.438638E-1	4.006983E-7
9.478501E-1	4.057212E-7
9.518769E-1	4.105225E-7
9.558604E-1	4.153072E-7
9.598550E-1	4.204167E-7
9.638729E-1	4.255168E-7
9.678965E-1	4.301894E-7
9.719215E-1	4.355801E-7
9.759092E-1	4.404780E-7
9.799336E-1	4.455240E-7
9.839193E-1	4.508817E-7
9.879078E-1	4.559847E-7
9.919656E-1	4.613667E-7
9.959558E-1	4.666394E-7
9.999762E-1	4.720642E-7
