Voltage (V)	Current (A)
-5.000800E-1	-1.665149E-6
-4.980854E-1	-1.656933E-6
-4.960591E-1	-1.648703E-6
-4.940644E-1	-1.640493E-6
-4.920695E-1	-1.632232E-6
-4.900742E-1	-1.623982E-6
-4.880815E-1	-1.615791E-6
-4.860188E-1	-1.607184E-6
-4.840208E-1	-1.598786E-6
-4.820265E-1	-1.590643E-6
-4.800334E-1	-1.582477E-6
-4.780378E-1	-1.574268E-6
-4.760089E-1	-1.565836E-6
-4.740145E-1	-1.557859E-6
-4.720204E-1	-1.549730E-6
-4.700283E-1	-1.541591E-6
-4.680320E-1	-1.533656E-6
-4.660386E-1	-1.525599E-6
-4.640077E-1	-1.517238E-6
-4.619831E-1	-1.508864E-6
-4.599881E-1	-1.500900E-6
-4.579595E-1	-1.492443E-6
-4.559645E-1	-1.484329E-6
-4.539708E-1	-1.475874E-6
-4.519784E-1	-1.468070E-6
-4.499801E-1	-1.459891E-6
-4.479843E-1	-1.452146E-6
-4.459905E-1	-1.443976E-6
-4.439617E-1	-1.435970E-6
-4.419676E-1	-1.428097E-6
-4.399723E-1	-1.419866E-6
-4.379777E-1	-1.412076E-6
-4.359163E-1	-1.403772E-6
-4.339229E-1	-1.395695E-6
-4.319260E-1	-1.387767E-6
-4.299317E-1	-1.379929E-6
-4.279397E-1	-1.371828E-6
-4.259107E-1	-1.363777E-6
-4.239125E-1	-1.355769E-6
-4.219169E-1	-1.348037E-6
-4.199230E-1	-1.340132E-6
-4.179306E-1	-1.332310E-6
-4.159359E-1	-1.324485E-6
-4.139053E-1	-1.316350E-6
-4.118745E-1	-1.308498E-6
-4.098810E-1	-1.300718E-6
-4.078531E-1	-1.292854E-6
-4.058577E-1	-1.284732E-6
-4.038641E-1	-1.277013E-6
-4.018717E-1	-1.269149E-6
-3.998771E-1	-1.261660E-6
-3.978800E-1	-1.253850E-6
-3.958851E-1	-1.246139E-6
-3.938565E-1	-1.238330E-6
-3.918649E-1	-1.230354E-6
-3.898687E-1	-1.222811E-6
-3.878757E-1	-1.215080E-6
-3.858128E-1	-1.207142E-6
-3.838208E-1	-1.199386E-6
-3.818254E-1	-1.191815E-6
-3.798305E-1	-1.184079E-6
-3.778330E-1	-1.176492E-6
-3.758061E-1	-1.168784E-6
-3.738121E-1	-1.161168E-6
-3.718142E-1	-1.153561E-6
-3.698203E-1	-1.145733E-6
-3.678250E-1	-1.138269E-6
-3.658325E-1	-1.130904E-6
-3.638059E-1	-1.123115E-6
-3.617735E-1	-1.115652E-6
-3.597780E-1	-1.107950E-6
-3.577870E-1	-1.100271E-6
-3.557587E-1	-1.092881E-6
-3.537616E-1	-1.085356E-6
-3.517681E-1	-1.077824E-6
-3.497746E-1	-1.070544E-6
-3.477795E-1	-1.062980E-6
-3.457822E-1	-1.055523E-6
-3.437544E-1	-1.047957E-6
-3.417571E-1	-1.040492E-6
-3.397648E-1	-1.033072E-6
-3.377702E-1	-1.025744E-6
-3.357083E-1	-1.018114E-6
-3.337142E-1	-1.010729E-6
-3.317212E-1	-1.003354E-6
-3.297691E-1	-9.959205E-7
-3.277714E-1	-9.887432E-7
-3.257448E-1	-9.811413E-7
-3.237520E-1	-9.739183E-7
-3.217530E-1	-9.667280E-7
-3.197605E-1	-9.595531E-7
-3.177663E-1	-9.522416E-7
-3.157712E-1	-9.448963E-7
-3.137425E-1	-9.376830E-7
-3.117127E-1	-9.302851E-7
-3.097169E-1	-9.231019E-7
-3.077210E-1	-9.160011E-7
-3.056949E-1	-9.085976E-7
-3.036989E-1	-9.014750E-7
-3.017018E-1	-8.943865E-7
-2.997073E-1	-8.871156E-7
-2.977149E-1	-8.802061E-7
-2.957198E-1	-8.731396E-7
-2.936893E-1	-8.658078E-7
-2.916942E-1	-8.587540E-7
-2.897007E-1	-8.516316E-7
-2.877040E-1	-8.445825E-7
-2.856388E-1	-8.373728E-7
-2.836449E-1	-8.302685E-7
-2.816504E-1	-8.232162E-7
-2.796578E-1	-8.161882E-7
-2.776620E-1	-8.092210E-7
-2.756298E-1	-8.020876E-7
-2.736348E-1	-7.950584E-7
-2.716415E-1	-7.881021E-7
-2.696457E-1	-7.812228E-7
-2.676467E-1	-7.742441E-7
-2.656554E-1	-7.674311E-7
-2.636308E-1	-7.604077E-7
-2.616010E-1	-7.535168E-7
-2.596038E-1	-7.465993E-7
-2.576102E-1	-7.398173E-7
-2.555814E-1	-7.327630E-7
-2.535861E-1	-7.261607E-7
-2.515920E-1	-7.193584E-7
-2.495973E-1	-7.126018E-7
-2.476020E-1	-7.058126E-7
-2.456092E-1	-6.989872E-7
-2.435811E-1	-6.922149E-7
-2.415849E-1	-6.853762E-7
-2.395894E-1	-6.786493E-7
-2.375959E-1	-6.719700E-7
-2.355330E-1	-6.650710E-7
-2.335331E-1	-6.584268E-7
-2.315402E-1	-6.518163E-7
-2.295457E-1	-6.451468E-7
-2.275530E-1	-6.385537E-7
-2.255248E-1	-6.318381E-7
-2.235278E-1	-6.252837E-7
-2.215317E-1	-6.187440E-7
-2.195388E-1	-6.121149E-7
-2.175438E-1	-6.056428E-7
-2.155480E-1	-5.989834E-7
-2.135510E-1	-5.925756E-7
-2.114948E-1	-5.858225E-7
-2.094966E-1	-5.794101E-7
-2.074987E-1	-5.729042E-7
-2.054675E-1	-5.664470E-7
-2.034746E-1	-5.599504E-7
-2.014811E-1	-5.535438E-7
-1.994821E-1	-5.471753E-7
-1.974894E-1	-5.407762E-7
-1.954958E-1	-5.344500E-7
-1.934705E-1	-5.280211E-7
-1.914749E-1	-5.216642E-7
-1.894763E-1	-5.153678E-7
-1.874853E-1	-5.090952E-7
-1.854201E-1	-5.025668E-7
-1.834280E-1	-4.963361E-7
-1.814300E-1	-4.901078E-7
-1.794360E-1	-4.839125E-7
-1.774395E-1	-4.777312E-7
-1.754128E-1	-4.714302E-7
-1.734202E-1	-4.652318E-7
-1.714219E-1	-4.591000E-7
-1.694288E-1	-4.529991E-7
-1.674327E-1	-4.468235E-7
-1.654370E-1	-4.406913E-7
-1.634391E-1	-4.346598E-7
-1.613792E-1	-4.283670E-7
-1.593865E-1	-4.223545E-7
-1.573920E-1	-4.163305E-7
-1.553596E-1	-4.102039E-7
-1.533648E-1	-4.042360E-7
-1.513685E-1	-3.982391E-7
-1.493773E-1	-3.923222E-7
-1.473817E-1	-3.864496E-7
-1.453817E-1	-3.804120E-7
-1.433559E-1	-3.744960E-7
-1.413644E-1	-3.686038E-7
-1.393662E-1	-3.627655E-7
-1.373689E-1	-3.569477E-7
-1.353080E-1	-3.509675E-7
-1.333148E-1	-3.451087E-7
-1.313140E-1	-3.393430E-7
-1.293160E-1	-3.335889E-7
-1.273250E-1	-3.278838E-7
-1.253302E-1	-3.222123E-7
-1.233025E-1	-3.164075E-7
-1.213042E-1	-3.107245E-7
-1.193127E-1	-3.050873E-7
-1.173169E-1	-2.994204E-7
-1.153264E-1	-2.938197E-7
-1.133274E-1	-2.882403E-7
-1.112653E-1	-2.824648E-7
-1.092713E-1	-2.768975E-7
-1.072786E-1	-2.713755E-7
-1.052503E-1	-2.657653E-7
-1.032516E-1	-2.602329E-7
-1.012581E-1	-2.548209E-7
-9.926128E-2	-2.493626E-7
-9.726653E-2	-2.439325E-7
-9.527115E-2	-2.385167E-7
-9.324110E-2	-2.330415E-7
-9.124772E-2	-2.276766E-7
-8.925439E-2	-2.223338E-7
-8.725940E-2	-2.170247E-7
-8.519375E-2	-2.115239E-7
-8.320101E-2	-2.062334E-7
-8.120742E-2	-2.009922E-7
-7.921325E-2	-1.957492E-7
-7.721183E-2	-1.905170E-7
-7.522314E-2	-1.853362E-7
-7.319385E-2	-1.800576E-7
-7.119840E-2	-1.748947E-7
-6.920077E-2	-1.697328E-7
-6.720475E-2	-1.646190E-7
-6.521112E-2	-1.595264E-7
-6.321700E-2	-1.544294E-7
-6.115256E-2	-1.491689E-7
-5.915714E-2	-1.441243E-7
-5.716415E-2	-1.390864E-7
-5.513715E-2	-1.340049E-7
-5.314114E-2	-1.289990E-7
-5.114809E-2	-1.240018E-7
-4.915170E-2	-1.190288E-7
-4.715796E-2	-1.140977E-7
-4.516183E-2	-1.091640E-7
-4.312732E-2	-1.041363E-7
-4.113686E-2	-9.924663E-8
-3.914356E-2	-9.435199E-8
-3.715218E-2	-8.948582E-8
-3.508765E-2	-8.443551E-8
-3.309224E-2	-7.958320E-8
-3.109463E-2	-7.471700E-8
-2.910095E-2	-6.988785E-8
-2.710552E-2	-6.506060E-8
-2.510894E-2	-6.022867E-8
-2.308210E-2	-5.533125E-8
-2.108709E-2	-5.052264E-8
-1.909442E-2	-4.572077E-8
-1.709306E-2	-4.089762E-8
-1.510131E-2	-3.609743E-8
-1.310338E-2	-3.128544E-8
-1.104598E-2	-2.633886E-8
-9.043602E-3	-2.151376E-8
-7.053447E-3	-1.673013E-8
-5.025696E-3	-1.183579E-8
-3.030936E-3	-7.029318E-9
-1.037264E-3	-2.202778E-9
9.517886E-4	2.638599E-9
2.949159E-3	7.434195E-9
4.977508E-3	1.235381E-8
6.969605E-3	1.719722E-8
8.967308E-3	2.207615E-8
1.096083E-2	2.693309E-8
1.295537E-2	3.182334E-8
1.501509E-2	3.688236E-8
1.701373E-2	4.181844E-8
1.900776E-2	4.673756E-8
2.100136E-2	5.167451E-8
2.302879E-2	5.673160E-8
2.502172E-2	6.170083E-8
2.701943E-2	6.673177E-8
2.901506E-2	7.174523E-8
3.101090E-2	7.680859E-8
3.300076E-2	8.184168E-8
3.503507E-2	8.704406E-8
3.703149E-2	9.215152E-8
3.905657E-2	9.735821E-8
4.108427E-2	1.026120E-7
4.308062E-2	1.077993E-7
4.507538E-2	1.130235E-7
4.706445E-2	1.182237E-7
4.906169E-2	1.234839E-7
5.105561E-2	1.287923E-7
5.308337E-2	1.341779E-7
5.507950E-2	1.395000E-7
5.707084E-2	1.448748E-7
5.906460E-2	1.502712E-7
6.106082E-2	1.556746E-7
6.312386E-2	1.613337E-7
6.511707E-2	1.667632E-7
6.711130E-2	1.722876E-7
6.910798E-2	1.778233E-7
7.113682E-2	1.834673E-7
7.313041E-2	1.890268E-7
7.512534E-2	1.946350E-7
7.712051E-2	2.002748E-7
7.911482E-2	2.059571E-7
8.111032E-2	2.116295E-7
8.313870E-2	2.174670E-7
8.513130E-2	2.232085E-7
8.712988E-2	2.289696E-7
8.918960E-2	2.349889E-7
9.118369E-2	2.408213E-7
9.317455E-2	2.466529E-7
9.517408E-2	2.525419E-7
9.716926E-2	2.584461E-7
9.916301E-2	2.643594E-7
1.011897E-1	2.703987E-7
1.031851E-1	2.764262E-7
1.051812E-1	2.824077E-7
1.071710E-1	2.884341E-7
1.091697E-1	2.944887E-7
1.111603E-1	3.005574E-7
1.132287E-1	3.068709E-7
1.152190E-1	3.129918E-7
1.172151E-1	3.191429E-7
1.192428E-1	3.253884E-7
1.212374E-1	3.316332E-7
1.232327E-1	3.378409E-7
1.252227E-1	3.441138E-7
1.272176E-1	3.504335E-7
1.292133E-1	3.566605E-7
1.312455E-1	3.630476E-7
1.332372E-1	3.694209E-7
1.352283E-1	3.757966E-7
1.372281E-1	3.822257E-7
1.392921E-1	3.889098E-7
1.412888E-1	3.953264E-7
1.432818E-1	4.017316E-7
1.452756E-1	4.081693E-7
1.472696E-1	4.147024E-7
1.492975E-1	4.213285E-7
1.512944E-1	4.278684E-7
1.532901E-1	4.344093E-7
1.552835E-1	4.410378E-7
1.572796E-1	4.475475E-7
1.592712E-1	4.541756E-7
1.612985E-1	4.610035E-7
1.633257E-1	4.677356E-7
1.653259E-1	4.745167E-7
1.673539E-1	4.813868E-7
1.693481E-1	4.881506E-7
1.713417E-1	4.947981E-7
1.733397E-1	5.016170E-7
1.753335E-1	5.084054E-7
1.773260E-1	5.151928E-7
1.793545E-1	5.220834E-7
1.813492E-1	5.289309E-7
1.833468E-1	5.358128E-7
1.853381E-1	5.426718E-7
1.873325E-1	5.495584E-7
1.893940E-1	5.567598E-7
1.913915E-1	5.637527E-7
1.933836E-1	5.706252E-7
1.953798E-1	5.776697E-7
1.974051E-1	5.847507E-7
1.994006E-1	5.916356E-7
2.013953E-1	5.987528E-7
2.033869E-1	6.057237E-7
2.053854E-1	6.127595E-7
2.073804E-1	6.198672E-7
2.094098E-1	6.270886E-7
2.114023E-1	6.341273E-7
2.134301E-1	6.413553E-7
2.154574E-1	6.486903E-7
2.174504E-1	6.558467E-7
2.194508E-1	6.630885E-7
2.214436E-1	6.701864E-7
2.234377E-1	6.773387E-7
2.254332E-1	6.846043E-7
2.274610E-1	6.919656E-7
2.294544E-1	6.992469E-7
2.314485E-1	7.065788E-7
2.334447E-1	7.138079E-7
2.354400E-1	7.212216E-7
2.374341E-1	7.284373E-7
2.394960E-1	7.359216E-7
2.414915E-1	7.432392E-7
2.434848E-1	7.506804E-7
2.455155E-1	7.580250E-7
2.475085E-1	7.654319E-7
2.495008E-1	7.728344E-7
2.515001E-1	7.802515E-7
2.534930E-1	7.876930E-7
2.554861E-1	7.951032E-7
2.575134E-1	8.027578E-7
2.595096E-1	8.101443E-7
2.615058E-1	8.176572E-7
2.635631E-1	8.254971E-7
2.655579E-1	8.330264E-7
2.675525E-1	8.405902E-7
2.695485E-1	8.482036E-7
2.715375E-1	8.556753E-7
2.735375E-1	8.634663E-7
2.755656E-1	8.711516E-7
2.775633E-1	8.787408E-7
2.795576E-1	8.863771E-7
2.815488E-1	8.939359E-7
2.835434E-1	9.015596E-7
2.855401E-1	9.091220E-7
2.875697E-1	9.169476E-7
2.895967E-1	9.248415E-7
2.915921E-1	9.325654E-7
2.936215E-1	9.404615E-7
2.956144E-1	9.481814E-7
2.976077E-1	9.558753E-7
2.996028E-1	9.636984E-7
3.015975E-1	9.714713E-7
3.035955E-1	9.792510E-7
3.056218E-1	9.870774E-7
3.076175E-1	9.950398E-7
3.096095E-1	1.002723E-6
3.116059E-1	1.010502E-6
3.136708E-1	1.018524E-6
3.156644E-1	1.026486E-6
3.176563E-1	1.034493E-6
3.196524E-1	1.042413E-6
3.216099E-1	1.050163E-6
3.236361E-1	1.058048E-6
3.256308E-1	1.065936E-6
3.276244E-1	1.074004E-6
3.296222E-1	1.081957E-6
3.316157E-1	1.089891E-6
3.336096E-1	1.097873E-6
3.356351E-1	1.105873E-6
3.376291E-1	1.113899E-6
3.396562E-1	1.122090E-6
3.416858E-1	1.130139E-6
3.436807E-1	1.138407E-6
3.456760E-1	1.146308E-6
3.476716E-1	1.154370E-6
3.496637E-1	1.162555E-6
3.516582E-1	1.170671E-6
3.536852E-1	1.178784E-6
3.556817E-1	1.186849E-6
3.576763E-1	1.194826E-6
3.596692E-1	1.203191E-6
3.616646E-1	1.211510E-6
3.637288E-1	1.219673E-6
3.657223E-1	1.227997E-6
3.677149E-1	1.236251E-6
3.697083E-1	1.244474E-6
3.717387E-1	1.252567E-6
3.737321E-1	1.260762E-6
3.757257E-1	1.269158E-6
3.777196E-1	1.277337E-6
3.797156E-1	1.285707E-6
3.817113E-1	1.293869E-6
3.837397E-1	1.302143E-6
3.857329E-1	1.310638E-6
3.877267E-1	1.318769E-6
3.897559E-1	1.327086E-6
3.917824E-1	1.335679E-6
3.937771E-1	1.343899E-6
3.957704E-1	1.352539E-6
3.977655E-1	1.360909E-6
3.997602E-1	1.369423E-6
4.017870E-1	1.378075E-6
4.037789E-1	1.386232E-6
4.057730E-1	1.394825E-6
4.077706E-1	1.403370E-6
4.097654E-1	1.411718E-6
4.117600E-1	1.420253E-6
4.138230E-1	1.428814E-6
4.158186E-1	1.437304E-6
4.178096E-1	1.445925E-6
4.198041E-1	1.454268E-6
4.218329E-1	1.462944E-6
4.238289E-1	1.471405E-6
4.258232E-1	1.479894E-6
4.278155E-1	1.488359E-6
4.298092E-1	1.497110E-6
4.318391E-1	1.505914E-6
4.338334E-1	1.514283E-6
4.358304E-1	1.522770E-6
4.378195E-1	1.531502E-6
4.398820E-1	1.540271E-6
4.418785E-1	1.548896E-6
4.438743E-1	1.557805E-6
4.458670E-1	1.566302E-6
4.478608E-1	1.574941E-6
4.498571E-1	1.583312E-6
4.518860E-1	1.592518E-6
4.538791E-1	1.601089E-6
4.558732E-1	1.609443E-6
4.578676E-1	1.618408E-6
4.598621E-1	1.627071E-6
4.618877E-1	1.635767E-6
4.639175E-1	1.644740E-6
4.659097E-1	1.653382E-6
4.679074E-1	1.661975E-6
4.699347E-1	1.670921E-6
4.719278E-1	1.679857E-6
4.739193E-1	1.688425E-6
4.759153E-1	1.697504E-6
4.779114E-1	1.706367E-6
4.799016E-1	1.715192E-6
4.819306E-1	1.724179E-6
4.839281E-1	1.732811E-6
4.859224E-1	1.741769E-6
4.879149E-1	1.750677E-6
4.899780E-1	1.759359E-6
4.919712E-1	1.768554E-6
4.939685E-1	1.777199E-6
4.959623E-1	1.786268E-6
4.979534E-1	1.795239E-6
4.999820E-1	1.804145E-6
