Voltage (V)	Current (A)
-1.000068E+0	-2.467653E-7
-9.960819E-1	-2.439230E-7
-9.920549E-1	-2.410585E-7
-9.880696E-1	-2.380151E-7
-9.840094E-1	-2.349523E-7
-9.800223E-1	-2.322230E-7
-9.760333E-1	-2.291647E-7
-9.720135E-1	-2.263149E-7
-9.680205E-1	-2.234720E-7
-9.640315E-1	-2.206733E-7
-9.599736E-1	-2.179346E-7
-9.559855E-1	-2.151928E-7
-9.519636E-1	-2.124540E-7
-9.479690E-1	-2.098406E-7
-9.439834E-1	-2.072200E-7
-9.399614E-1	-2.044871E-7
-9.359383E-1	-2.017512E-7
-9.319136E-1	-1.990288E-7
-9.279273E-1	-1.964794E-7
-9.239346E-1	-1.939712E-7
-9.199148E-1	-1.915132E-7
-9.159244E-1	-1.889716E-7
-9.118679E-1	-1.864872E-7
-9.078777E-1	-1.838958E-7
-9.038588E-1	-1.815535E-7
-8.998688E-1	-1.790703E-7
-8.958771E-1	-1.766708E-7
-8.918549E-1	-1.742910E-7
-8.878663E-1	-1.719425E-7
-8.838113E-1	-1.695787E-7
-8.798198E-1	-1.671380E-7
-8.758336E-1	-1.648497E-7
-8.718110E-1	-1.625427E-7
-8.678197E-1	-1.604018E-7
-8.638312E-1	-1.582103E-7
-8.597760E-1	-1.559666E-7
-8.557838E-1	-1.537078E-7
-8.517632E-1	-1.514761E-7
-8.477729E-1	-1.494161E-7
-8.437818E-1	-1.472825E-7
-8.397613E-1	-1.453059E-7
-8.357344E-1	-1.429953E-7
-8.317160E-1	-1.410547E-7
-8.277246E-1	-1.389955E-7
-8.237345E-1	-1.369850E-7
-8.197127E-1	-1.350277E-7
-8.157232E-1	-1.330314E-7
-8.116658E-1	-1.310480E-7
-8.076785E-1	-1.291754E-7
-8.036558E-1	-1.271225E-7
-7.996688E-1	-1.253024E-7
-7.956778E-1	-1.233699E-7
-7.916906E-1	-1.216002E-7
-7.876660E-1	-1.196665E-7
-7.836080E-1	-1.178809E-7
-7.796196E-1	-1.160487E-7
-7.756291E-1	-1.142223E-7
-7.716083E-1	-1.125502E-7
-7.676181E-1	-1.108338E-7
-7.636311E-1	-1.089453E-7
-7.595708E-1	-1.073551E-7
-7.555827E-1	-1.056377E-7
-7.515610E-1	-1.040522E-7
-7.475727E-1	-1.023895E-7
-7.435849E-1	-1.006868E-7
-7.395625E-1	-9.918741E-8
-7.355389E-1	-9.750026E-8
-7.315145E-1	-9.598377E-8
-7.275284E-1	-9.444143E-8
-7.235376E-1	-9.276882E-8
-7.195141E-1	-9.131921E-8
-7.155231E-1	-8.978284E-8
-7.114698E-1	-8.824661E-8
-7.074774E-1	-8.679702E-8
-7.034903E-1	-8.543991E-8
-6.994652E-1	-8.401368E-8
-6.954780E-1	-8.262095E-8
-6.914851E-1	-8.120070E-8
-6.874632E-1	-7.987717E-8
-6.834062E-1	-7.837513E-8
-6.794183E-1	-7.707575E-8
-6.754299E-1	-7.567044E-8
-6.714045E-1	-7.435494E-8
-6.674165E-1	-7.296778E-8
-6.634277E-1	-7.180186E-8
-6.593727E-1	-7.053254E-8
-6.553832E-1	-6.930316E-8
-6.513602E-1	-6.804787E-8
-6.473686E-1	-6.677073E-8
-6.433817E-1	-6.596168E-8
-6.393566E-1	-6.445927E-8
-6.353359E-1	-6.322017E-8
-6.313115E-1	-6.210358E-8
-6.273230E-1	-6.092912E-8
-6.233346E-1	-5.983640E-8
-6.193084E-1	-5.858460E-8
-6.153213E-1	-5.762040E-8
-6.112636E-1	-5.647187E-8
-6.072780E-1	-5.542735E-8
-6.032879E-1	-5.438961E-8
-5.992650E-1	-5.339119E-8
-5.952761E-1	-5.230713E-8
-5.912882E-1	-5.126549E-8
-5.872626E-1	-5.030589E-8
-5.832077E-1	-4.929994E-8
-5.792158E-1	-4.831327E-8
-5.752296E-1	-4.732808E-8
-5.712047E-1	-4.636071E-8
-5.672142E-1	-4.540309E-8
-5.632260E-1	-4.449475E-8
-5.591684E-1	-4.383741E-8
-5.551817E-1	-4.298262E-8
-5.511554E-1	-4.205564E-8
-5.471674E-1	-4.097909E-8
-5.431758E-1	-4.007042E-8
-5.391555E-1	-3.918737E-8
-5.351306E-1	-3.840887E-8
-5.311107E-1	-3.755982E-8
-5.271208E-1	-3.679557E-8
-5.231340E-1	-3.592709E-8
-5.191099E-1	-3.516641E-8
-5.151199E-1	-3.436545E-8
-5.110621E-1	-3.362254E-8
-5.070722E-1	-3.285964E-8
-5.030850E-1	-3.208883E-8
-4.990615E-1	-3.140151E-8
-4.950729E-1	-3.068209E-8
-4.910805E-1	-2.996476E-8
-4.870609E-1	-2.930679E-8
-4.830015E-1	-2.865379E-8
-4.790133E-1	-2.795480E-8
-4.750220E-1	-2.725426E-8
-4.710362E-1	-2.667553E-8
-4.670111E-1	-2.602884E-8
-4.630223E-1	-2.537746E-8
-4.589672E-1	-2.475638E-8
-4.549779E-1	-2.414496E-8
-4.509574E-1	-2.355534E-8
-4.469649E-1	-2.301025E-8
-4.429770E-1	-2.243296E-8
-4.389522E-1	-2.186931E-8
-4.349308E-1	-2.132676E-8
-4.309062E-1	-2.078536E-8
-4.269162E-1	-2.028447E-8
-4.229277E-1	-1.978940E-8
-4.189067E-1	-1.929033E-8
-4.149141E-1	-1.878998E-8
-4.108580E-1	-1.832790E-8
-4.068667E-1	-1.786720E-8
-4.028771E-1	-1.741114E-8
-3.988558E-1	-1.697551E-8
-3.948641E-1	-1.654607E-8
-3.908788E-1	-1.609797E-8
-3.868557E-1	-1.570231E-8
-3.828008E-1	-1.527104E-8
-3.788083E-1	-1.488848E-8
-3.748222E-1	-1.450627E-8
-3.708288E-1	-1.413721E-8
-3.668080E-1	-1.372837E-8
-3.628153E-1	-1.340409E-8
-3.587609E-1	-1.305582E-8
-3.547707E-1	-1.273735E-8
-3.507481E-1	-1.239343E-8
-3.467610E-1	-1.206955E-8
-3.427689E-1	-1.177538E-8
-3.387459E-1	-1.144399E-8
-3.347228E-1	-1.115087E-8
-3.307040E-1	-1.086144E-8
-3.267120E-1	-1.055285E-8
-3.227258E-1	-1.027372E-8
-3.187005E-1	-1.000541E-8
-3.147128E-1	-9.744170E-9
-3.106542E-1	-9.484861E-9
-3.066656E-1	-9.242744E-9
-3.026725E-1	-8.988923E-9
-2.986501E-1	-8.732007E-9
-2.946616E-1	-8.505263E-9
-2.906725E-1	-8.265315E-9
-2.866501E-1	-8.039986E-9
-2.826263E-1	-7.798626E-9
-2.786059E-1	-7.568348E-9
-2.746116E-1	-7.358868E-9
-2.706222E-1	-7.138407E-9
-2.665981E-1	-6.953988E-9
-2.626116E-1	-6.733142E-9
-2.585529E-1	-6.546216E-9
-2.545668E-1	-6.327887E-9
-2.505423E-1	-6.155913E-9
-2.465511E-1	-5.979744E-9
-2.425659E-1	-5.785766E-9
-2.385754E-1	-5.581064E-9
-2.345185E-1	-5.412229E-9
-2.304937E-1	-5.238571E-9
-2.265050E-1	-5.067518E-9
-2.225163E-1	-4.888543E-9
-2.184937E-1	-4.711286E-9
-2.145038E-1	-4.536124E-9
-2.104497E-1	-4.371984E-9
-2.064554E-1	-4.218148E-9
-2.024679E-1	-4.061719E-9
-1.984412E-1	-3.899676E-9
-1.944560E-1	-3.743623E-9
-1.904654E-1	-3.595070E-9
-1.864100E-1	-3.456531E-9
-1.824190E-1	-3.308021E-9
-1.783979E-1	-3.172879E-9
-1.744113E-1	-3.019844E-9
-1.704189E-1	-2.892788E-9
-1.663961E-1	-2.752905E-9
-1.624027E-1	-2.608128E-9
-1.583481E-1	-2.490542E-9
-1.543597E-1	-2.368516E-9
-1.503372E-1	-2.245149E-9
-1.463452E-1	-2.119769E-9
-1.423583E-1	-2.001011E-9
-1.383634E-1	-1.861595E-9
-1.343070E-1	-1.755114E-9
-1.302820E-1	-1.643355E-9
-1.262909E-1	-1.540689E-9
-1.223047E-1	-1.435424E-9
-1.182816E-1	-1.336947E-9
-1.142934E-1	-1.243583E-9
-1.102340E-1	-1.143096E-9
-1.062505E-1	-1.052372E-9
-1.022574E-1	-9.639531E-10
-9.823450E-2	-8.862620E-10
-9.423982E-2	-8.106235E-10
-9.025480E-2	-7.463841E-10
-8.619681E-2	-6.757322E-10
-8.220571E-2	-6.221780E-10
-7.818507E-2	-5.494316E-10
-7.419562E-2	-5.022467E-10
-7.020634E-2	-4.618505E-10
-6.618230E-2	-4.230466E-10
-6.218980E-2	-3.749817E-10
-5.813510E-2	-3.241095E-10
-5.414787E-2	-2.905017E-10
-5.015334E-2	-2.601628E-10
-4.613711E-2	-2.250885E-10
-4.214584E-2	-1.998197E-10
-3.815882E-2	-1.674694E-10
-3.409779E-2	-1.365018E-10
-3.007439E-2	-1.212903E-10
-2.608045E-2	-1.088027E-10
-2.209394E-2	-9.300463E-11
-1.807426E-2	-8.722177E-11
-1.408323E-2	-7.226219E-11
-1.002671E-2	-5.755611E-11
-6.034935E-3	-5.428807E-11
-2.044654E-3	-4.720737E-11
1.970319E-3	-3.298591E-12
5.954781E-3	-3.296211E-11
9.948107E-3	-1.859121E-11
1.400381E-2	-2.483397E-11
1.803039E-2	-1.117528E-11
2.201759E-2	7.469136E-12
2.600346E-2	2.192381E-11
3.002551E-2	3.734219E-11
3.401768E-2	6.222949E-11
3.800333E-2	8.074835E-11
4.205796E-2	9.583127E-11
4.605184E-2	1.281765E-10
5.007226E-2	1.583427E-10
5.406107E-2	1.988159E-10
5.804871E-2	2.397923E-10
6.207084E-2	2.708804E-10
6.612568E-2	3.179728E-10
7.012009E-2	3.731107E-10
7.410497E-2	4.269912E-10
7.812928E-2	4.847681E-10
8.211845E-2	5.499606E-10
8.610737E-2	6.071086E-10
9.016099E-2	6.824414E-10
9.414688E-2	7.578574E-10
9.817235E-2	8.376725E-10
1.021610E-1	9.263694E-10
1.061502E-1	1.009620E-9
1.101715E-1	1.094588E-9
1.142304E-1	1.193552E-9
1.182176E-1	1.309860E-9
1.222058E-1	1.402622E-9
1.262260E-1	1.489309E-9
1.302165E-1	1.584582E-9
1.342052E-1	1.682286E-9
1.382312E-1	1.793486E-9
1.422498E-1	1.895256E-9
1.462751E-1	2.017386E-9
1.502665E-1	2.119323E-9
1.542516E-1	2.226830E-9
1.582765E-1	2.349259E-9
1.622593E-1	2.449812E-9
1.663213E-1	2.583674E-9
1.703098E-1	2.698852E-9
1.743359E-1	2.799783E-9
1.783236E-1	2.922086E-9
1.823111E-1	3.052973E-9
1.863315E-1	3.184990E-9
1.903567E-1	3.330546E-9
1.943755E-1	3.453091E-9
1.983624E-1	3.585745E-9
2.023506E-1	3.714749E-9
2.063759E-1	3.879824E-9
2.103674E-1	4.003844E-9
2.144212E-1	4.137619E-9
2.184125E-1	4.266749E-9
2.224310E-1	4.414064E-9
2.264230E-1	4.579896E-9
2.304042E-1	4.730346E-9
2.344337E-1	4.891026E-9
2.384225E-1	5.057190E-9
2.424800E-1	5.216910E-9
2.464666E-1	5.401047E-9
2.504532E-1	5.573371E-9
2.544739E-1	5.766941E-9
2.584620E-1	5.971439E-9
2.624528E-1	6.145394E-9
2.665064E-1	6.349776E-9
2.705303E-1	6.544520E-9
2.745180E-1	6.738205E-9
2.785104E-1	6.961275E-9
2.825298E-1	7.166653E-9
2.865198E-1	7.399227E-9
2.905760E-1	7.619319E-9
2.945670E-1	7.874692E-9
2.985519E-1	8.094275E-9
3.025768E-1	8.334718E-9
3.065661E-1	8.583299E-9
3.105544E-1	8.830705E-9
3.146142E-1	9.113942E-9
3.186326E-1	9.401905E-9
3.226207E-1	9.667109E-9
3.266076E-1	9.917196E-9
3.306341E-1	1.019424E-8
3.346181E-1	1.048118E-8
3.386748E-1	1.083719E-8
3.426637E-1	1.114497E-8
3.466553E-1	1.144245E-8
3.506744E-1	1.176312E-8
3.546646E-1	1.207791E-8
3.586522E-1	1.240396E-8
3.626766E-1	1.277802E-8
3.667295E-1	1.316381E-8
3.707183E-1	1.349383E-8
3.747088E-1	1.388669E-8
3.787309E-1	1.425047E-8
3.827204E-1	1.462507E-8
3.867075E-1	1.504344E-8
3.907650E-1	1.544066E-8
3.947522E-1	1.583524E-8
3.987762E-1	1.625786E-8
4.027610E-1	1.668795E-8
4.067499E-1	1.711401E-8
4.107715E-1	1.752761E-8
4.148303E-1	1.794570E-8
4.188185E-1	1.843198E-8
4.228081E-1	1.887456E-8
4.268320E-1	1.935570E-8
4.308185E-1	1.980739E-8
4.348090E-1	2.027288E-8
4.388634E-1	2.076926E-8
4.428528E-1	2.125063E-8
4.468746E-1	2.177540E-8
4.508680E-1	2.228105E-8
4.548522E-1	2.278279E-8
4.588749E-1	2.333393E-8
4.628623E-1	2.382961E-8
4.669206E-1	2.439411E-8
4.709058E-1	2.495276E-8
4.749273E-1	2.555358E-8
4.789173E-1	2.612185E-8
4.829065E-1	2.671844E-8
4.869299E-1	2.732003E-8
4.909505E-1	2.796208E-8
4.949740E-1	2.858561E-8
4.989605E-1	2.925251E-8
5.029525E-1	2.991132E-8
5.069731E-1	3.055788E-8
5.109640E-1	3.126900E-8
5.150185E-1	3.199513E-8
5.190087E-1	3.273200E-8
5.230292E-1	3.346117E-8
5.270174E-1	3.422783E-8
5.310079E-1	3.500403E-8
5.350283E-1	3.581505E-8
5.390519E-1	3.660644E-8
5.430724E-1	3.746758E-8
5.470597E-1	3.828514E-8
5.510487E-1	3.914792E-8
5.550729E-1	4.002590E-8
5.590597E-1	4.094814E-8
5.630485E-1	4.187146E-8
5.671049E-1	4.281853E-8
5.711294E-1	4.379999E-8
5.751151E-1	4.480211E-8
5.791050E-1	4.578399E-8
5.831264E-1	4.680969E-8
5.871169E-1	4.784028E-8
5.911753E-1	4.894495E-8
5.951606E-1	5.001208E-8
5.991516E-1	5.113418E-8
6.031705E-1	5.224771E-8
6.071607E-1	5.343173E-8
6.111472E-1	5.458740E-8
6.152045E-1	5.581876E-8
6.192251E-1	5.701921E-8
6.232149E-1	5.826784E-8
6.272032E-1	5.950547E-8
6.312281E-1	6.080693E-8
6.352122E-1	6.214727E-8
6.392719E-1	6.345632E-8
6.432605E-1	6.485062E-8
6.472459E-1	6.619454E-8
6.512694E-1	6.760233E-8
6.552579E-1	6.904258E-8
6.592485E-1	7.047544E-8
6.632705E-1	7.194259E-8
6.673285E-1	7.351089E-8
6.713135E-1	7.504023E-8
6.753035E-1	7.656433E-8
6.793227E-1	7.812541E-8
6.833137E-1	7.967601E-8
6.873010E-1	8.128118E-8
6.913593E-1	8.297440E-8
6.953495E-1	8.464758E-8
6.993687E-1	8.639551E-8
7.033591E-1	8.806881E-8
7.073463E-1	8.983397E-8
7.113708E-1	9.152831E-8
7.154227E-1	9.337891E-8
7.194143E-1	9.519338E-8
7.234030E-1	9.707378E-8
7.274281E-1	9.892859E-8
7.314144E-1	1.008695E-7
7.354046E-1	1.027835E-7
7.394583E-1	1.047546E-7
7.434483E-1	1.067429E-7
7.474683E-1	1.087175E-7
7.514583E-1	1.107485E-7
7.554474E-1	1.127955E-7
7.594672E-1	1.148683E-7
7.634572E-1	1.169538E-7
7.675130E-1	1.191058E-7
7.715005E-1	1.211931E-7
7.755234E-1	1.233590E-7
7.795128E-1	1.255341E-7
7.834990E-1	1.276779E-7
7.875232E-1	1.300324E-7
7.915441E-1	1.322756E-7
7.955692E-1	1.345986E-7
7.995571E-1	1.368253E-7
8.035467E-1	1.391416E-7
8.075666E-1	1.415419E-7
8.115548E-1	1.438848E-7
8.156141E-1	1.463676E-7
8.195996E-1	1.487936E-7
8.236228E-1	1.512989E-7
8.276101E-1	1.537524E-7
8.316021E-1	1.562558E-7
8.356198E-1	1.587463E-7
8.396467E-1	1.612736E-7
8.436676E-1	1.640721E-7
8.476555E-1	1.665412E-7
8.516442E-1	1.691550E-7
8.556672E-1	1.718719E-7
8.596589E-1	1.744978E-7
8.636447E-1	1.773060E-7
8.677023E-1	1.799281E-7
8.717232E-1	1.828124E-7
8.757119E-1	1.856422E-7
8.796986E-1	1.885441E-7
8.837251E-1	1.913068E-7
8.877102E-1	1.941851E-7
8.917665E-1	1.970960E-7
8.957547E-1	2.000353E-7
8.997464E-1	2.029056E-7
9.037658E-1	2.059382E-7
9.077557E-1	2.088914E-7
9.117469E-1	2.119897E-7
9.157986E-1	2.150119E-7
9.198231E-1	2.181018E-7
9.238101E-1	2.213663E-7
9.278011E-1	2.246115E-7
9.318206E-1	2.277269E-7
9.358107E-1	2.311549E-7
9.398644E-1	2.343127E-7
9.438564E-1	2.376566E-7
9.478406E-1	2.409945E-7
9.518678E-1	2.442562E-7
9.558549E-1	2.474995E-7
9.598466E-1	2.508898E-7
9.638665E-1	2.545758E-7
9.678903E-1	2.581636E-7
9.719126E-1	2.614722E-7
9.758990E-1	2.648692E-7
9.799231E-1	2.685299E-7
9.839111E-1	2.720866E-7
9.879019E-1	2.757430E-7
9.919567E-1	2.796104E-7
9.959486E-1	2.831382E-7
9.999681E-1	2.868894E-7
