Voltage (V)	Current (A)
-1.000067E+0	-2.467527E-6
-9.960926E-1	-2.447329E-6
-9.920616E-1	-2.427529E-6
-9.880601E-1	-2.407421E-6
-9.840084E-1	-2.387221E-6
-9.800134E-1	-2.367517E-6
-9.760410E-1	-2.348047E-6
-9.720170E-1	-2.328152E-6
-9.680298E-1	-2.308313E-6
-9.640286E-1	-2.288845E-6
-9.599708E-1	-2.269479E-6
-9.559877E-1	-2.249963E-6
-9.519611E-1	-2.230601E-6
-9.479713E-1	-2.211037E-6
-9.439836E-1	-2.192072E-6
-9.399680E-1	-2.172800E-6
-9.359389E-1	-2.153687E-6
-9.319185E-1	-2.134344E-6
-9.279275E-1	-2.115195E-6
-9.239357E-1	-2.096375E-6
-9.199022E-1	-2.077177E-6
-9.159341E-1	-2.058194E-6
-9.118741E-1	-2.039347E-6
-9.078845E-1	-2.020625E-6
-9.038541E-1	-2.001669E-6
-8.998687E-1	-1.983037E-6
-8.958740E-1	-1.964420E-6
-8.918530E-1	-1.945822E-6
-8.878609E-1	-1.927328E-6
-8.838221E-1	-1.908875E-6
-8.798213E-1	-1.890290E-6
-8.758317E-1	-1.872210E-6
-8.718067E-1	-1.853713E-6
-8.678250E-1	-1.835323E-6
-8.638374E-1	-1.817560E-6
-8.597759E-1	-1.799132E-6
-8.557851E-1	-1.781107E-6
-8.517724E-1	-1.763239E-6
-8.477709E-1	-1.745408E-6
-8.437718E-1	-1.727483E-6
-8.397607E-1	-1.709881E-6
-8.357346E-1	-1.691879E-6
-8.317251E-1	-1.674074E-6
-8.277205E-1	-1.656576E-6
-8.237424E-1	-1.639101E-6
-8.197055E-1	-1.621734E-6
-8.157353E-1	-1.604459E-6
-8.116794E-1	-1.587007E-6
-8.076708E-1	-1.569692E-6
-8.036547E-1	-1.552292E-6
-7.996612E-1	-1.535297E-6
-7.956780E-1	-1.518388E-6
-7.916819E-1	-1.501537E-6
-7.876655E-1	-1.484588E-6
-7.836220E-1	-1.467515E-6
-7.796311E-1	-1.450656E-6
-7.756338E-1	-1.434000E-6
-7.716085E-1	-1.417393E-6
-7.676136E-1	-1.400727E-6
-7.636337E-1	-1.384523E-6
-7.595817E-1	-1.367736E-6
-7.555910E-1	-1.351328E-6
-7.515612E-1	-1.334848E-6
-7.475727E-1	-1.318743E-6
-7.435897E-1	-1.302706E-6
-7.395617E-1	-1.286537E-6
-7.355387E-1	-1.270479E-6
-7.315177E-1	-1.254561E-6
-7.275282E-1	-1.238950E-6
-7.235271E-1	-1.222905E-6
-7.195235E-1	-1.207145E-6
-7.155191E-1	-1.191609E-6
-7.114683E-1	-1.176058E-6
-7.074856E-1	-1.160627E-6
-7.034835E-1	-1.145136E-6
-6.994646E-1	-1.129758E-6
-6.954837E-1	-1.114673E-6
-6.914954E-1	-1.099609E-6
-6.874655E-1	-1.084481E-6
-6.834122E-1	-1.069696E-6
-6.794128E-1	-1.054743E-6
-6.754264E-1	-1.039993E-6
-6.714097E-1	-1.025388E-6
-6.674274E-1	-1.010839E-6
-6.634620E-1	-9.962351E-7
-6.594138E-1	-9.819439E-7
-6.554229E-1	-9.675643E-7
-6.514089E-1	-9.533161E-7
-6.474152E-1	-9.392108E-7
-6.434201E-1	-9.252843E-7
-6.393886E-1	-9.114253E-7
-6.353709E-1	-8.974463E-7
-6.313556E-1	-8.836849E-7
-6.273495E-1	-8.700846E-7
-6.233698E-1	-8.565684E-7
-6.193332E-1	-8.430129E-7
-6.153656E-1	-8.297814E-7
-6.112925E-1	-8.163971E-7
-6.073021E-1	-8.033744E-7
-6.033245E-1	-7.903794E-7
-5.992858E-1	-7.774668E-7
-5.952959E-1	-7.647135E-7
-5.913208E-1	-7.521901E-7
-5.873066E-1	-7.395260E-7
-5.832364E-1	-7.267962E-7
-5.792399E-1	-7.145227E-7
-5.752588E-1	-7.023630E-7
-5.712294E-1	-6.902325E-7
-5.672505E-1	-6.781454E-7
-5.632609E-1	-6.662889E-7
-5.592009E-1	-6.543073E-7
-5.552074E-1	-6.428442E-7
-5.511806E-1	-6.311716E-7
-5.471902E-1	-6.198202E-7
-5.432118E-1	-6.086851E-7
-5.391728E-1	-5.974971E-7
-5.351514E-1	-5.862648E-7
-5.311249E-1	-5.754625E-7
-5.271384E-1	-5.646324E-7
-5.231546E-1	-5.540639E-7
-5.191375E-1	-5.434295E-7
-5.151515E-1	-5.330937E-7
-5.110829E-1	-5.227860E-7
-5.071062E-1	-5.126292E-7
-5.031033E-1	-5.026228E-7
-4.990810E-1	-4.926763E-7
-4.950935E-1	-4.829963E-7
-4.910897E-1	-4.733395E-7
-4.870706E-1	-4.638259E-7
-4.830208E-1	-4.542882E-7
-4.790312E-1	-4.451429E-7
-4.750510E-1	-4.360645E-7
-4.710568E-1	-4.270913E-7
-4.670270E-1	-4.182593E-7
-4.630313E-1	-4.095558E-7
-4.589850E-1	-4.008568E-7
-4.549814E-1	-3.924064E-7
-4.509649E-1	-3.840663E-7
-4.469918E-1	-3.759408E-7
-4.430037E-1	-3.677785E-7
-4.389719E-1	-3.598645E-7
-4.349371E-1	-3.519932E-7
-4.309118E-1	-3.442535E-7
-4.269394E-1	-3.367171E-7
-4.229319E-1	-3.293232E-7
-4.189140E-1	-3.218369E-7
-4.149318E-1	-3.146892E-7
-4.108664E-1	-3.075037E-7
-4.068758E-1	-3.005285E-7
-4.028899E-1	-2.936764E-7
-3.988680E-1	-2.868848E-7
-3.948727E-1	-2.802404E-7
-3.908893E-1	-2.737578E-7
-3.868704E-1	-2.673810E-7
-3.828118E-1	-2.609689E-7
-3.788259E-1	-2.548132E-7
-3.748406E-1	-2.486919E-7
-3.708343E-1	-2.426941E-7
-3.668192E-1	-2.367876E-7
-3.628224E-1	-2.310308E-7
-3.587613E-1	-2.251991E-7
-3.547794E-1	-2.196017E-7
-3.507675E-1	-2.141245E-7
-3.467591E-1	-2.087685E-7
-3.427747E-1	-2.034764E-7
-3.387512E-1	-1.982207E-7
-3.347328E-1	-1.930538E-7
-3.306989E-1	-1.880093E-7
-3.267268E-1	-1.830356E-7
-3.227368E-1	-1.781955E-7
-3.186977E-1	-1.734140E-7
-3.147177E-1	-1.687319E-7
-3.106545E-1	-1.640306E-7
-3.066669E-1	-1.595642E-7
-3.026801E-1	-1.550554E-7
-2.986553E-1	-1.506835E-7
-2.946573E-1	-1.464302E-7
-2.906774E-1	-1.421541E-7
-2.866649E-1	-1.380433E-7
-2.826303E-1	-1.339271E-7
-2.786102E-1	-1.298453E-7
-2.746165E-1	-1.259559E-7
-2.706218E-1	-1.221548E-7
-2.666037E-1	-1.183363E-7
-2.626189E-1	-1.146116E-7
-2.585604E-1	-1.109792E-7
-2.545728E-1	-1.073841E-7
-2.505457E-1	-1.038378E-7
-2.465558E-1	-1.004419E-7
-2.425782E-1	-9.709547E-8
-2.385687E-1	-9.380626E-8
-2.345220E-1	-9.057784E-8
-2.304851E-1	-8.739600E-8
-2.265086E-1	-8.435391E-8
-2.225197E-1	-8.130886E-8
-2.184962E-1	-7.832777E-8
-2.145008E-1	-7.545393E-8
-2.104519E-1	-7.261848E-8
-2.064661E-1	-6.987320E-8
-2.024674E-1	-6.715538E-8
-1.984386E-1	-6.454249E-8
-1.944696E-1	-6.196789E-8
-1.904696E-1	-5.949764E-8
-1.864059E-1	-5.693044E-8
-1.824257E-1	-5.459998E-8
-1.783940E-1	-5.231578E-8
-1.744231E-1	-5.007680E-8
-1.704185E-1	-4.787146E-8
-1.663960E-1	-4.570716E-8
-1.624063E-1	-4.367597E-8
-1.583420E-1	-4.162858E-8
-1.543575E-1	-3.962909E-8
-1.503391E-1	-3.775145E-8
-1.463470E-1	-3.592225E-8
-1.423576E-1	-3.409083E-8
-1.383561E-1	-3.241069E-8
-1.343039E-1	-3.071606E-8
-1.302810E-1	-2.903966E-8
-1.262920E-1	-2.746568E-8
-1.223145E-1	-2.594754E-8
-1.182805E-1	-2.446185E-8
-1.142956E-1	-2.304946E-8
-1.102335E-1	-2.171129E-8
-1.062623E-1	-2.038139E-8
-1.022570E-1	-1.910898E-8
-9.823607E-2	-1.789749E-8
-9.424118E-2	-1.671546E-8
-9.026153E-2	-1.562989E-8
-8.620400E-2	-1.454060E-8
-8.220731E-2	-1.350439E-8
-7.817997E-2	-1.250966E-8
-7.419699E-2	-1.160461E-8
-7.020301E-2	-1.068759E-8
-6.618409E-2	-9.814226E-9
-6.219503E-2	-9.021031E-9
-5.814115E-2	-8.226027E-9
-5.414670E-2	-7.469893E-9
-5.015123E-2	-6.762404E-9
-4.613692E-2	-6.054781E-9
-4.215184E-2	-5.385669E-9
-3.817446E-2	-4.793493E-9
-3.409538E-2	-4.159804E-9
-3.006756E-2	-3.604448E-9
-2.607029E-2	-3.027457E-9
-2.209235E-2	-2.493929E-9
-1.806746E-2	-1.940373E-9
-1.407666E-2	-1.453481E-9
-1.001161E-2	-9.589209E-10
-6.035999E-3	-4.430755E-10
-2.041297E-3	1.794315E-11
1.972575E-3	5.102401E-10
5.960952E-3	9.655409E-10
9.940354E-3	1.437682E-9
1.400242E-2	1.919213E-9
1.802593E-2	2.453068E-9
2.201438E-2	2.965055E-9
2.600247E-2	3.474662E-9
3.001995E-2	4.035677E-9
3.402169E-2	4.614780E-9
3.800137E-2	5.184368E-9
4.206083E-2	5.831267E-9
4.604562E-2	6.491879E-9
5.006702E-2	7.137557E-9
5.405202E-2	7.827815E-9
5.805440E-2	8.558050E-9
6.207787E-2	9.299908E-9
6.612502E-2	1.009744E-8
7.012337E-2	1.095032E-8
7.410025E-2	1.176313E-8
7.812294E-2	1.264636E-8
8.211287E-2	1.360428E-8
8.610999E-2	1.453284E-8
9.016109E-2	1.555274E-8
9.413975E-2	1.658032E-8
9.817879E-2	1.765201E-8
1.021641E-1	1.870881E-8
1.061499E-1	1.983329E-8
1.101818E-1	2.102345E-8
1.142331E-1	2.224183E-8
1.182151E-1	2.355883E-8
1.222161E-1	2.484979E-8
1.262161E-1	2.620064E-8
1.302088E-1	2.761333E-8
1.342134E-1	2.911615E-8
1.382332E-1	3.049579E-8
1.422524E-1	3.207696E-8
1.462760E-1	3.371840E-8
1.502636E-1	3.533141E-8
1.542544E-1	3.699846E-8
1.582793E-1	3.876631E-8
1.622625E-1	4.053885E-8
1.663257E-1	4.245754E-8
1.703119E-1	4.440095E-8
1.743281E-1	4.634448E-8
1.783279E-1	4.835660E-8
1.823133E-1	5.041487E-8
1.863396E-1	5.258484E-8
1.903551E-1	5.479004E-8
1.943784E-1	5.710245E-8
1.983681E-1	5.939986E-8
2.023503E-1	6.178497E-8
2.063800E-1	6.423661E-8
2.103718E-1	6.670105E-8
2.144182E-1	6.933684E-8
2.184149E-1	7.197544E-8
2.224321E-1	7.474114E-8
2.264243E-1	7.754324E-8
2.304084E-1	8.041782E-8
2.344292E-1	8.341733E-8
2.384258E-1	8.640423E-8
2.424889E-1	8.958489E-8
2.464717E-1	9.271142E-8
2.504581E-1	9.595925E-8
2.544708E-1	9.932710E-8
2.584716E-1	1.027583E-7
2.624676E-1	1.061918E-7
2.665023E-1	1.098720E-7
2.705372E-1	1.135987E-7
2.745162E-1	1.172408E-7
2.785091E-1	1.210625E-7
2.825470E-1	1.250233E-7
2.865362E-1	1.290457E-7
2.905849E-1	1.331531E-7
2.945593E-1	1.373184E-7
2.985511E-1	1.415588E-7
3.025779E-1	1.459666E-7
3.065619E-1	1.503307E-7
3.105619E-1	1.549051E-7
3.146150E-1	1.595724E-7
3.186380E-1	1.643427E-7
3.226278E-1	1.690617E-7
3.266184E-1	1.739452E-7
3.306487E-1	1.789475E-7
3.346359E-1	1.840747E-7
3.386877E-1	1.892093E-7
3.426822E-1	1.943902E-7
3.466538E-1	1.997019E-7
3.506869E-1	2.051274E-7
3.546803E-1	2.107348E-7
3.586617E-1	2.162979E-7
3.626775E-1	2.220791E-7
3.667412E-1	2.279089E-7
3.707280E-1	2.338082E-7
3.747181E-1	2.397605E-7
3.787418E-1	2.459047E-7
3.827216E-1	2.520992E-7
3.867182E-1	2.582251E-7
3.907748E-1	2.646735E-7
3.947735E-1	2.712394E-7
3.987922E-1	2.776451E-7
4.027725E-1	2.842015E-7
4.067456E-1	2.910074E-7
4.107746E-1	2.978753E-7
4.148381E-1	3.048581E-7
4.188401E-1	3.116313E-7
4.228214E-1	3.190737E-7
4.268492E-1	3.261806E-7
4.308313E-1	3.332502E-7
4.348226E-1	3.406749E-7
4.388826E-1	3.481868E-7
4.428696E-1	3.559547E-7
4.468898E-1	3.634567E-7
4.508750E-1	3.712652E-7
4.548776E-1	3.790004E-7
4.589024E-1	3.870981E-7
4.628797E-1	3.949881E-7
4.669383E-1	4.036012E-7
4.709071E-1	4.115646E-7
4.749352E-1	4.201847E-7
4.789196E-1	4.282239E-7
4.829227E-1	4.368172E-7
4.869508E-1	4.458237E-7
4.909762E-1	4.546006E-7
4.949824E-1	4.634987E-7
4.989874E-1	4.720537E-7
5.029594E-1	4.810270E-7
5.069991E-1	4.903796E-7
5.109837E-1	4.996999E-7
5.150231E-1	5.089141E-7
5.190236E-1	5.186843E-7
5.230572E-1	5.279839E-7
5.270269E-1	5.378024E-7
5.310335E-1	5.474120E-7
5.350403E-1	5.568594E-7
5.390723E-1	5.670415E-7
5.430919E-1	5.770644E-7
5.470865E-1	5.871733E-7
5.510743E-1	5.977756E-7
5.550799E-1	6.079156E-7
5.590906E-1	6.184541E-7
5.630794E-1	6.287220E-7
5.671484E-1	6.395387E-7
5.711449E-1	6.507408E-7
5.751342E-1	6.608900E-7
5.791293E-1	6.722405E-7
5.831617E-1	6.831901E-7
5.871463E-1	6.946695E-7
5.912020E-1	7.056640E-7
5.951859E-1	7.172895E-7
5.991785E-1	7.286261E-7
6.031891E-1	7.398933E-7
6.071840E-1	7.518676E-7
6.111676E-1	7.634277E-7
6.152420E-1	7.755947E-7
6.192532E-1	7.876025E-7
6.232367E-1	7.991953E-7
6.272340E-1	8.111966E-7
6.312485E-1	8.236722E-7
6.352562E-1	8.357270E-7
6.393095E-1	8.485740E-7
6.432914E-1	8.609095E-7
6.472874E-1	8.735723E-7
6.512979E-1	8.859063E-7
6.552945E-1	8.987350E-7
6.593036E-1	9.115373E-7
6.633061E-1	9.248139E-7
6.673742E-1	9.379638E-7
6.713475E-1	9.513467E-7
6.753366E-1	9.643245E-7
6.793854E-1	9.777253E-7
6.833348E-1	9.909385E-7
6.873338E-1	1.004180E-6
6.914019E-1	1.018732E-6
6.953433E-1	1.032003E-6
6.993729E-1	1.045449E-6
7.033690E-1	1.059740E-6
7.073534E-1	1.073220E-6
7.113662E-1	1.087410E-6
7.154098E-1	1.101637E-6
7.194251E-1	1.115705E-6
7.234032E-1	1.130366E-6
7.274336E-1	1.145022E-6
7.314081E-1	1.159115E-6
7.354090E-1	1.173803E-6
7.394628E-1	1.188317E-6
7.434497E-1	1.202876E-6
7.474735E-1	1.217856E-6
7.514631E-1	1.232640E-6
7.554551E-1	1.247740E-6
7.594864E-1	1.263201E-6
7.634637E-1	1.278172E-6
7.675217E-1	1.293426E-6
7.715117E-1	1.308514E-6
7.755231E-1	1.324236E-6
7.795187E-1	1.339561E-6
7.835093E-1	1.354824E-6
7.875102E-1	1.370479E-6
7.915326E-1	1.386190E-6
7.955680E-1	1.401993E-6
7.995561E-1	1.418170E-6
8.035459E-1	1.434261E-6
8.075674E-1	1.449828E-6
8.115558E-1	1.465978E-6
8.156055E-1	1.482611E-6
8.195999E-1	1.498478E-6
8.236330E-1	1.514993E-6
8.276193E-1	1.531407E-6
8.316177E-1	1.547295E-6
8.356225E-1	1.563871E-6
8.396654E-1	1.580755E-6
8.436763E-1	1.597479E-6
8.476679E-1	1.614349E-6
8.516557E-1	1.630740E-6
8.556761E-1	1.647577E-6
8.596663E-1	1.664708E-6
8.636482E-1	1.681608E-6
8.677107E-1	1.698796E-6
8.717248E-1	1.716405E-6
8.757232E-1	1.733218E-6
8.797000E-1	1.750773E-6
8.837453E-1	1.768089E-6
8.877237E-1	1.785245E-6
8.917750E-1	1.803158E-6
8.957690E-1	1.820358E-6
8.997365E-1	1.837833E-6
9.037536E-1	1.855842E-6
9.077548E-1	1.873109E-6
9.117447E-1	1.890940E-6
9.158030E-1	1.909147E-6
9.198254E-1	1.927020E-6
9.238136E-1	1.945342E-6
9.278020E-1	1.963448E-6
9.318275E-1	1.981669E-6
9.358036E-1	1.999271E-6
9.398657E-1	2.017923E-6
9.438464E-1	2.036141E-6
9.478228E-1	2.054398E-6
9.518707E-1	2.073136E-6
9.558499E-1	2.091634E-6
9.598426E-1	2.109938E-6
9.638578E-1	2.128449E-6
9.678644E-1	2.147271E-6
9.719203E-1	2.166313E-6
9.759054E-1	2.185311E-6
9.799221E-1	2.204138E-6
9.839182E-1	2.222624E-6
9.878971E-1	2.241640E-6
9.919553E-1	2.260590E-6
9.959497E-1	2.279680E-6
9.999611E-1	2.298659E-6
