Voltage (V)	Current (A)
9.999791E-1	2.313694E-6
9.959491E-1	2.294619E-6
9.919559E-1	2.276285E-6
9.879643E-1	2.257484E-6
9.839193E-1	2.238459E-6
9.799272E-1	2.219746E-6
9.759029E-1	2.200878E-6
9.719142E-1	2.182635E-6
9.678918E-1	2.164080E-6
9.639071E-1	2.145718E-6
9.598365E-1	2.126306E-6
9.558556E-1	2.107707E-6
9.518785E-1	2.089909E-6
9.478467E-1	2.071247E-6
9.438543E-1	2.053270E-6
9.398673E-1	2.034873E-6
9.358175E-1	2.016852E-6
9.318119E-1	1.998533E-6
9.278133E-1	1.980575E-6
9.238155E-1	1.962332E-6
9.198266E-1	1.944940E-6
9.158029E-1	1.927458E-6
9.117383E-1	1.909135E-6
9.077489E-1	1.890901E-6
9.037640E-1	1.874220E-6
8.997540E-1	1.856477E-6
8.957519E-1	1.838529E-6
8.917679E-1	1.821708E-6
8.877476E-1	1.804200E-6
8.837290E-1	1.786706E-6
8.796960E-1	1.769150E-6
8.757125E-1	1.752099E-6
8.717187E-1	1.735268E-6
8.677054E-1	1.718095E-6
8.637244E-1	1.701217E-6
8.596702E-1	1.684034E-6
8.556757E-1	1.667241E-6
8.516429E-1	1.650265E-6
8.476595E-1	1.633817E-6
8.436689E-1	1.617288E-6
8.396487E-1	1.601204E-6
8.356165E-1	1.584648E-6
8.316100E-1	1.567884E-6
8.276017E-1	1.551962E-6
8.236270E-1	1.535217E-6
8.196046E-1	1.519127E-6
8.156134E-1	1.503731E-6
8.115663E-1	1.487130E-6
8.075833E-1	1.470798E-6
8.035474E-1	1.455366E-6
7.995567E-1	1.439201E-6
7.955732E-1	1.424066E-6
7.915568E-1	1.408148E-6
7.875637E-1	1.392459E-6
7.835037E-1	1.377055E-6
7.795225E-1	1.361149E-6
7.755271E-1	1.346104E-6
7.715051E-1	1.331110E-6
7.675203E-1	1.315692E-6
7.635286E-1	1.300927E-6
7.594723E-1	1.285454E-6
7.554367E-1	1.270624E-6
7.514718E-1	1.256029E-6
7.474684E-1	1.241088E-6
7.434430E-1	1.226579E-6
7.394655E-1	1.211963E-6
7.354060E-1	1.197210E-6
7.314173E-1	1.182568E-6
7.274231E-1	1.168693E-6
7.234120E-1	1.154258E-6
7.194258E-1	1.140103E-6
7.154306E-1	1.125654E-6
7.113771E-1	1.111477E-6
7.073480E-1	1.098164E-6
7.033552E-1	1.083764E-6
6.993672E-1	1.070179E-6
6.953536E-1	1.056859E-6
6.913593E-1	1.042813E-6
6.873783E-1	1.029320E-6
6.833050E-1	1.016370E-6
6.793271E-1	1.002709E-6
6.753396E-1	9.894011E-7
6.713532E-1	9.767878E-7
6.673633E-1	9.636731E-7
6.633369E-1	9.502583E-7
6.592933E-1	9.375742E-7
6.552823E-1	9.242228E-7
6.513047E-1	9.116932E-7
6.472815E-1	8.989917E-7
6.432921E-1	8.867719E-7
6.393009E-1	8.740951E-7
6.352476E-1	8.621067E-7
6.312481E-1	8.494853E-7
6.272390E-1	8.373892E-7
6.232389E-1	8.256296E-7
6.192456E-1	8.138635E-7
6.152321E-1	8.015587E-7
6.111755E-1	7.896016E-7
6.071930E-1	7.781519E-7
6.032026E-1	7.666281E-7
5.991803E-1	7.553053E-7
5.951765E-1	7.435880E-7
5.912039E-1	7.327379E-7
5.871782E-1	7.215281E-7
5.831558E-1	7.102513E-7
5.791246E-1	6.991833E-7
5.751432E-1	6.884053E-7
5.711601E-1	6.772347E-7
5.671282E-1	6.667416E-7
5.631391E-1	6.560783E-7
5.590767E-1	6.453092E-7
5.550857E-1	6.346832E-7
5.510669E-1	6.244784E-7
5.470732E-1	6.140984E-7
5.430917E-1	6.044075E-7
5.390747E-1	5.943102E-7
5.350463E-1	5.841790E-7
5.310265E-1	5.744723E-7
5.270408E-1	5.646665E-7
5.230582E-1	5.546140E-7
5.190279E-1	5.450511E-7
5.150408E-1	5.356109E-7
5.109752E-1	5.259766E-7
5.069925E-1	5.166904E-7
5.029786E-1	5.073801E-7
4.989874E-1	4.982049E-7
4.949970E-1	4.894012E-7
4.909703E-1	4.802909E-7
4.869746E-1	4.717831E-7
4.829238E-1	4.628351E-7
4.789359E-1	4.542583E-7
4.749455E-1	4.458766E-7
4.709218E-1	4.372486E-7
4.669338E-1	4.287326E-7
4.629494E-1	4.205620E-7
4.588926E-1	4.122703E-7
4.548670E-1	4.040483E-7
4.508823E-1	3.959348E-7
4.468905E-1	3.880125E-7
4.428704E-1	3.800348E-7
4.388815E-1	3.723662E-7
4.348325E-1	3.645843E-7
4.308343E-1	3.570248E-7
4.268338E-1	3.495181E-7
4.228193E-1	3.421325E-7
4.188327E-1	3.347809E-7
4.148555E-1	3.275482E-7
4.107750E-1	3.203324E-7
4.067634E-1	3.131759E-7
4.027658E-1	3.060964E-7
3.987912E-1	2.992298E-7
3.947619E-1	2.923401E-7
3.907626E-1	2.856653E-7
3.867962E-1	2.791136E-7
3.827360E-1	2.724383E-7
3.787404E-1	2.660420E-7
3.747221E-1	2.596314E-7
3.707279E-1	2.533541E-7
3.667338E-1	2.472089E-7
3.627198E-1	2.409946E-7
3.586682E-1	2.349500E-7
3.546837E-1	2.290190E-7
3.506770E-1	2.232221E-7
3.466634E-1	2.174951E-7
3.426735E-1	2.117404E-7
3.386793E-1	2.062201E-7
3.346283E-1	2.006491E-7
3.306291E-1	1.953115E-7
3.266054E-1	1.899650E-7
3.226416E-1	1.847687E-7
3.186392E-1	1.795934E-7
3.146201E-1	1.745722E-7
3.105562E-1	1.695823E-7
3.065723E-1	1.647263E-7
3.025864E-1	1.598995E-7
2.985549E-1	1.551757E-7
2.945756E-1	1.506534E-7
2.905791E-1	1.461016E-7
2.865643E-1	1.416139E-7
2.825348E-1	1.372799E-7
2.785200E-1	1.329287E-7
2.745218E-1	1.287697E-7
2.705294E-1	1.246367E-7
2.665150E-1	1.206561E-7
2.625265E-1	1.167607E-7
2.584701E-1	1.128533E-7
2.544944E-1	1.091231E-7
2.504554E-1	1.054094E-7
2.464707E-1	1.018033E-7
2.424920E-1	9.833895E-8
2.384610E-1	9.482405E-8
2.344355E-1	9.141490E-8
2.304140E-1	8.812358E-8
2.264209E-1	8.494846E-8
2.224362E-1	8.184952E-8
2.184077E-1	7.879426E-8
2.144222E-1	7.581222E-8
2.103632E-1	7.284856E-8
2.063778E-1	7.010564E-8
2.023420E-1	6.728457E-8
1.983654E-1	6.465378E-8
1.943737E-1	6.205619E-8
1.903590E-1	5.956548E-8
1.863352E-1	5.702988E-8
1.823142E-1	5.460161E-8
1.783272E-1	5.232595E-8
1.743352E-1	5.004974E-8
1.703096E-1	4.783909E-8
1.663236E-1	4.574310E-8
1.623354E-1	4.370591E-8
1.582682E-1	4.166702E-8
1.542481E-1	3.969578E-8
1.502734E-1	3.782317E-8
1.462818E-1	3.603077E-8
1.422508E-1	3.427174E-8
1.382749E-1	3.260307E-8
1.342132E-1	3.095429E-8
1.302219E-1	2.936297E-8
1.262268E-1	2.776680E-8
1.222089E-1	2.632308E-8
1.182105E-1	2.487074E-8
1.142349E-1	2.349713E-8
1.101739E-1	2.212760E-8
1.061652E-1	2.089124E-8
1.021636E-1	1.962000E-8
9.817491E-2	1.842427E-8
9.415747E-2	1.730793E-8
9.015477E-2	1.618427E-8
8.609828E-2	1.510178E-8
8.212669E-2	1.406844E-8
7.813328E-2	1.309288E-8
7.410322E-2	1.215547E-8
7.011744E-2	1.128436E-8
6.613117E-2	1.041354E-8
6.210605E-2	9.570781E-9
5.804126E-2	8.768963E-9
5.406338E-2	8.010928E-9
5.007136E-2	7.267174E-9
4.604502E-2	6.580060E-9
4.205427E-2	5.915907E-9
3.807053E-2	5.264854E-9
3.401665E-2	4.647207E-9
3.002834E-2	4.090260E-9
2.601677E-2	3.491723E-9
2.201794E-2	2.986681E-9
1.802612E-2	2.459188E-9
1.399296E-2	1.941167E-9
9.947751E-3	1.448747E-9
5.955685E-3	9.698156E-10
1.971819E-3	4.775592E-10
-2.052185E-3	-1.322850E-11
-6.025793E-3	-4.822989E-10
-1.001382E-2	-9.401084E-10
-1.407682E-2	-1.447319E-9
-1.807185E-2	-1.934250E-9
-2.208924E-2	-2.490911E-9
-2.607935E-2	-3.010446E-9
-3.007527E-2	-3.568285E-9
-3.410127E-2	-4.172892E-9
-3.808029E-2	-4.776316E-9
-4.214403E-2	-5.441620E-9
-4.611989E-2	-6.065725E-9
-5.016059E-2	-6.755217E-9
-5.415255E-2	-7.484349E-9
-5.813456E-2	-8.245354E-9
-6.212235E-2	-8.993524E-9
-6.618438E-2	-9.846020E-9
-7.019813E-2	-1.071714E-8
-7.420995E-2	-1.169225E-8
-7.818607E-2	-1.261083E-8
-8.220582E-2	-1.356460E-8
-8.618689E-2	-1.471688E-8
-9.025704E-2	-1.580136E-8
-9.423840E-2	-1.698115E-8
-9.823018E-2	-1.816262E-8
-1.022542E-1	-1.941469E-8
-1.062601E-1	-2.070508E-8
-1.102430E-1	-2.211023E-8
-1.142969E-1	-2.354252E-8
-1.182812E-1	-2.503129E-8
-1.223187E-1	-2.659556E-8
-1.262940E-1	-2.811835E-8
-1.302701E-1	-2.978853E-8
-1.343092E-1	-3.150979E-8
-1.383041E-1	-3.331732E-8
-1.423588E-1	-3.514854E-8
-1.463446E-1	-3.701526E-8
-1.503320E-1	-3.897805E-8
-1.543701E-1	-4.087851E-8
-1.583455E-1	-4.293669E-8
-1.623440E-1	-4.506031E-8
-1.663983E-1	-4.721159E-8
-1.704107E-1	-4.945328E-8
-1.744113E-1	-5.180534E-8
-1.784125E-1	-5.411403E-8
-1.824210E-1	-5.659204E-8
-1.864217E-1	-5.908274E-8
-1.904625E-1	-6.162026E-8
-1.944621E-1	-6.420839E-8
-1.984432E-1	-6.693018E-8
-2.024593E-1	-6.968178E-8
-2.064575E-1	-7.253197E-8
-2.104520E-1	-7.538052E-8
-2.145069E-1	-7.832265E-8
-2.184896E-1	-8.127393E-8
-2.225295E-1	-8.443706E-8
-2.265066E-1	-8.757826E-8
-2.304991E-1	-9.079621E-8
-2.345232E-1	-9.408291E-8
-2.385069E-1	-9.741667E-8
-2.425821E-1	-1.008926E-7
-2.465551E-1	-1.043465E-7
-2.505460E-1	-1.079124E-7
-2.545714E-1	-1.115779E-7
-2.585459E-1	-1.152927E-7
-2.625433E-1	-1.190423E-7
-2.666027E-1	-1.229169E-7
-2.706182E-1	-1.268985E-7
-2.746147E-1	-1.308843E-7
-2.786070E-1	-1.349369E-7
-2.826272E-1	-1.390905E-7
-2.866129E-1	-1.432589E-7
-2.906695E-1	-1.475834E-7
-2.946762E-1	-1.519430E-7
-2.986546E-1	-1.563930E-7
-3.026815E-1	-1.609020E-7
-3.066733E-1	-1.655071E-7
-3.106574E-1	-1.701699E-7
-3.147196E-1	-1.750266E-7
-3.187084E-1	-1.798120E-7
-3.227376E-1	-1.847965E-7
-3.267072E-1	-1.897581E-7
-3.307083E-1	-1.947875E-7
-3.347397E-1	-1.999836E-7
-3.387527E-1	-2.053014E-7
-3.427794E-1	-2.106655E-7
-3.467651E-1	-2.161312E-7
-3.507480E-1	-2.216249E-7
-3.547785E-1	-2.273235E-7
-3.587660E-1	-2.330650E-7
-3.627594E-1	-2.388957E-7
-3.668182E-1	-2.448890E-7
-3.708433E-1	-2.509766E-7
-3.748329E-1	-2.570700E-7
-3.788187E-1	-2.632517E-7
-3.828118E-1	-2.696297E-7
-3.868427E-1	-2.761768E-7
-3.908902E-1	-2.827141E-7
-3.948871E-1	-2.893733E-7
-3.988790E-1	-2.960649E-7
-4.028988E-1	-3.030132E-7
-4.068796E-1	-3.099595E-7
-4.108742E-1	-3.171068E-7
-4.149140E-1	-3.244628E-7
-4.189164E-1	-3.317633E-7
-4.229408E-1	-3.391797E-7
-4.269176E-1	-3.468425E-7
-4.309181E-1	-3.544240E-7
-4.349366E-1	-3.623095E-7
-4.389659E-1	-3.703577E-7
-4.429872E-1	-3.784209E-7
-4.469745E-1	-3.866248E-7
-4.509667E-1	-3.949064E-7
-4.550033E-1	-4.034286E-7
-4.589942E-1	-4.119821E-7
-4.629724E-1	-4.206823E-7
-4.670381E-1	-4.296405E-7
-4.710539E-1	-4.385994E-7
-4.750412E-1	-4.477222E-7
-4.790326E-1	-4.569525E-7
-4.830177E-1	-4.662692E-7
-4.870456E-1	-4.758807E-7
-4.910937E-1	-4.855357E-7
-4.950943E-1	-4.952487E-7
-4.990815E-1	-5.051263E-7
-5.031012E-1	-5.151334E-7
-5.070927E-1	-5.251863E-7
-5.110802E-1	-5.354584E-7
-5.151418E-1	-5.459834E-7
-5.191322E-1	-5.565727E-7
-5.231681E-1	-5.671954E-7
-5.271442E-1	-5.779553E-7
-5.311359E-1	-5.887493E-7
-5.351541E-1	-5.997935E-7
-5.391808E-1	-6.110008E-7
-5.431978E-1	-6.223887E-7
-5.471923E-1	-6.336444E-7
-5.511863E-1	-6.450741E-7
-5.552092E-1	-6.568471E-7
-5.592014E-1	-6.685637E-7
-5.631866E-1	-6.803782E-7
-5.672334E-1	-6.924794E-7
-5.712339E-1	-7.045140E-7
-5.752620E-1	-7.168838E-7
-5.792469E-1	-7.291146E-7
-5.832292E-1	-7.414477E-7
-5.872713E-1	-7.540852E-7
-5.913146E-1	-7.669985E-7
-5.953062E-1	-7.797493E-7
-5.992855E-1	-7.925618E-7
-6.033200E-1	-8.056281E-7
-6.073126E-1	-8.186998E-7
-6.112999E-1	-8.318690E-7
-6.153548E-1	-8.453270E-7
-6.193458E-1	-8.586914E-7
-6.233698E-1	-8.723179E-7
-6.273595E-1	-8.857104E-7
-6.313468E-1	-8.994293E-7
-6.353768E-1	-9.131613E-7
-6.394027E-1	-9.271938E-7
-6.434307E-1	-9.413203E-7
-6.474063E-1	-9.553286E-7
-6.513978E-1	-9.695610E-7
-6.554235E-1	-9.838514E-7
-6.594134E-1	-9.983129E-7
-6.633978E-1	-1.012675E-6
-6.674612E-1	-1.027419E-6
-6.714073E-1	-1.042046E-6
-6.754366E-1	-1.056743E-6
-6.794162E-1	-1.071403E-6
-6.834027E-1	-1.086271E-6
-6.874298E-1	-1.101279E-6
-6.914805E-1	-1.116529E-6
-6.954757E-1	-1.131557E-6
-6.994642E-1	-1.146687E-6
-7.034915E-1	-1.162147E-6
-7.074775E-1	-1.177551E-6
-7.114672E-1	-1.193132E-6
-7.155355E-1	-1.208663E-6
-7.195246E-1	-1.224389E-6
-7.235329E-1	-1.239989E-6
-7.275321E-1	-1.255703E-6
-7.315151E-1	-1.271715E-6
-7.355377E-1	-1.287865E-6
-7.395670E-1	-1.303873E-6
-7.435784E-1	-1.320257E-6
-7.475767E-1	-1.336319E-6
-7.515620E-1	-1.352431E-6
-7.555850E-1	-1.368866E-6
-7.595693E-1	-1.385203E-6
-7.635543E-1	-1.401518E-6
-7.676308E-1	-1.418478E-6
-7.716104E-1	-1.434850E-6
-7.756215E-1	-1.451775E-6
-7.796219E-1	-1.468210E-6
-7.836108E-1	-1.485157E-6
-7.876438E-1	-1.501951E-6
-7.916929E-1	-1.519234E-6
-7.956880E-1	-1.536103E-6
-7.996725E-1	-1.553329E-6
-8.036472E-1	-1.570148E-6
-8.076756E-1	-1.587541E-6
-8.116615E-1	-1.604633E-6
-8.157243E-1	-1.622195E-6
-8.197055E-1	-1.639388E-6
-8.237367E-1	-1.657055E-6
-8.277290E-1	-1.674463E-6
-8.317091E-1	-1.691921E-6
-8.357389E-1	-1.709552E-6
-8.397645E-1	-1.727522E-6
-8.437825E-1	-1.745452E-6
-8.477678E-1	-1.763157E-6
-8.517582E-1	-1.781096E-6
-8.557894E-1	-1.799110E-6
-8.597658E-1	-1.817021E-6
-8.637557E-1	-1.834889E-6
-8.678223E-1	-1.853308E-6
-8.718120E-1	-1.871301E-6
-8.758327E-1	-1.889827E-6
-8.798194E-1	-1.907899E-6
-8.838149E-1	-1.926291E-6
-8.878352E-1	-1.945006E-6
-8.918580E-1	-1.963535E-6
-8.958670E-1	-1.981944E-6
-8.998591E-1	-2.000583E-6
-9.038547E-1	-2.019214E-6
-9.078773E-1	-2.038142E-6
-9.118699E-1	-2.056724E-6
-9.159234E-1	-2.075731E-6
-9.199151E-1	-2.095167E-6
-9.239388E-1	-2.114237E-6
-9.279391E-1	-2.133288E-6
-9.319180E-1	-2.151681E-6
-9.359410E-1	-2.170890E-6
-9.399671E-1	-2.189938E-6
-9.439749E-1	-2.209279E-6
-9.479658E-1	-2.228277E-6
-9.519619E-1	-2.247916E-6
-9.559871E-1	-2.267144E-6
-9.599812E-1	-2.286643E-6
-9.639668E-1	-2.305587E-6
-9.680065E-1	-2.325642E-6
-9.720147E-1	-2.344899E-6
-9.760271E-1	-2.364911E-6
-9.800105E-1	-2.384515E-6
-9.840093E-1	-2.404199E-6
-9.880465E-1	-2.424022E-6
-9.920617E-1	-2.443623E-6
-9.960696E-1	-2.464054E-6
-1.000072E+0	-2.483855E-6
