Voltage (V)	Current (A)
9.999565E-1	3.079404E-6
9.959570E-1	3.057730E-6
9.919578E-1	3.036303E-6
9.879661E-1	3.015027E-6
9.839065E-1	2.993724E-6
9.799169E-1	2.972795E-6
9.758942E-1	2.951576E-6
9.719107E-1	2.930688E-6
9.678904E-1	2.909598E-6
9.638952E-1	2.888918E-6
9.598600E-1	2.867736E-6
9.558431E-1	2.846761E-6
9.518722E-1	2.826285E-6
9.478316E-1	2.805618E-6
9.438425E-1	2.784966E-6
9.398724E-1	2.764567E-6
9.358073E-1	2.743761E-6
9.318215E-1	2.723780E-6
9.277989E-1	2.703052E-6
9.238014E-1	2.682644E-6
9.198142E-1	2.662446E-6
9.157938E-1	2.641900E-6
9.117439E-1	2.621282E-6
9.077599E-1	2.601055E-6
9.037657E-1	2.580822E-6
8.997423E-1	2.560634E-6
8.957595E-1	2.540998E-6
8.917681E-1	2.521277E-6
8.877410E-1	2.501131E-6
8.837290E-1	2.481170E-6
8.797038E-1	2.461041E-6
8.757169E-1	2.440868E-6
8.717246E-1	2.421411E-6
8.676959E-1	2.401565E-6
8.637109E-1	2.382384E-6
8.596634E-1	2.362566E-6
8.556691E-1	2.342958E-6
8.516430E-1	2.322999E-6
8.476574E-1	2.303790E-6
8.436715E-1	2.284833E-6
8.396387E-1	2.265022E-6
8.356155E-1	2.246124E-6
8.315970E-1	2.225947E-6
8.276168E-1	2.207199E-6
8.236223E-1	2.188216E-6
8.195965E-1	2.169361E-6
8.156127E-1	2.150622E-6
8.115582E-1	2.131334E-6
8.075689E-1	2.112482E-6
8.035480E-1	2.093726E-6
7.995565E-1	2.074895E-6
7.955699E-1	2.056545E-6
7.915543E-1	2.038288E-6
7.875410E-1	2.019711E-6
7.834959E-1	2.001043E-6
7.795128E-1	1.983044E-6
7.755404E-1	1.964551E-6
7.715034E-1	1.946538E-6
7.675005E-1	1.928458E-6
7.635232E-1	1.910813E-6
7.594631E-1	1.892400E-6
7.554324E-1	1.874636E-6
7.514603E-1	1.856645E-6
7.474642E-1	1.838853E-6
7.434387E-1	1.820991E-6
7.394603E-1	1.803557E-6
7.354049E-1	1.785767E-6
7.314145E-1	1.768332E-6
7.274165E-1	1.751117E-6
7.234175E-1	1.733557E-6
7.194176E-1	1.716619E-6
7.154230E-1	1.699412E-6
7.113663E-1	1.682070E-6
7.073411E-1	1.665158E-6
7.033680E-1	1.648139E-6
6.993729E-1	1.631427E-6
6.953487E-1	1.614359E-6
6.913593E-1	1.597622E-6
6.873727E-1	1.581036E-6
6.833078E-1	1.564311E-6
6.793188E-1	1.547846E-6
6.752892E-1	1.531145E-6
6.713114E-1	1.515138E-6
6.673229E-1	1.498682E-6
6.632999E-1	1.482429E-6
6.592445E-1	1.466234E-6
6.552586E-1	1.450120E-6
6.512777E-1	1.434014E-6
6.472478E-1	1.418054E-6
6.432641E-1	1.402326E-6
6.392778E-1	1.386826E-6
6.352181E-1	1.371395E-6
6.312270E-1	1.355407E-6
6.272003E-1	1.339684E-6
6.232190E-1	1.324353E-6
6.192392E-1	1.309380E-6
6.152064E-1	1.294087E-6
6.111491E-1	1.278858E-6
6.071692E-1	1.263761E-6
6.031702E-1	1.248852E-6
5.991485E-1	1.233861E-6
5.951647E-1	1.219101E-6
5.911888E-1	1.204368E-6
5.871539E-1	1.189735E-6
5.831305E-1	1.175245E-6
5.790958E-1	1.160777E-6
5.751194E-1	1.146375E-6
5.711296E-1	1.132067E-6
5.671041E-1	1.117591E-6
5.631140E-1	1.103461E-6
5.590648E-1	1.089516E-6
5.550639E-1	1.075463E-6
5.510447E-1	1.061351E-6
5.470519E-1	1.047595E-6
5.430662E-1	1.033724E-6
5.390481E-1	1.020053E-6
5.350237E-1	1.006588E-6
5.310400E-1	9.929137E-7
5.270528E-1	9.797523E-7
5.230628E-1	9.665667E-7
5.190418E-1	9.534151E-7
5.150599E-1	9.403062E-7
5.109987E-1	9.272055E-7
5.070055E-1	9.141093E-7
5.029852E-1	9.013587E-7
4.989954E-1	8.887405E-7
4.949969E-1	8.759729E-7
4.909862E-1	8.633123E-7
4.869993E-1	8.508912E-7
4.829360E-1	8.383758E-7
4.789489E-1	8.261796E-7
4.749556E-1	8.139982E-7
4.709375E-1	8.017650E-7
4.669539E-1	7.897429E-7
4.629536E-1	7.778783E-7
4.589082E-1	7.658873E-7
4.548808E-1	7.540140E-7
4.508982E-1	7.423608E-7
4.469006E-1	7.306802E-7
4.428793E-1	7.191182E-7
4.388897E-1	7.077234E-7
4.348251E-1	6.961988E-7
4.308427E-1	6.848367E-7
4.268567E-1	6.737766E-7
4.228170E-1	6.626458E-7
4.188397E-1	6.515846E-7
4.148511E-1	6.406534E-7
4.107930E-1	6.296361E-7
4.067730E-1	6.188856E-7
4.027849E-1	6.082458E-7
3.987978E-1	5.977082E-7
3.947715E-1	5.871535E-7
3.907797E-1	5.767369E-7
3.867902E-1	5.665349E-7
3.827427E-1	5.561270E-7
3.787545E-1	5.460196E-7
3.747267E-1	5.359040E-7
3.707272E-1	5.259512E-7
3.667378E-1	5.161031E-7
3.627386E-1	5.062295E-7
3.586722E-1	4.964064E-7
3.546814E-1	4.869025E-7
3.506978E-1	4.772926E-7
3.466716E-1	4.677659E-7
3.426776E-1	4.583713E-7
3.386909E-1	4.491336E-7
3.346315E-1	4.398144E-7
3.306464E-1	4.307522E-7
3.266181E-1	4.216706E-7
3.226390E-1	4.127997E-7
3.186388E-1	4.039804E-7
3.146239E-1	3.951967E-7
3.105640E-1	3.864769E-7
3.065734E-1	3.779391E-7
3.025913E-1	3.694709E-7
2.985684E-1	3.611199E-7
2.945766E-1	3.528698E-7
2.905895E-1	3.446397E-7
2.865664E-1	3.365120E-7
2.825541E-1	3.285103E-7
2.785282E-1	3.204625E-7
2.745249E-1	3.126646E-7
2.705411E-1	3.049044E-7
2.665200E-1	2.972199E-7
2.625143E-1	2.896278E-7
2.584682E-1	2.820731E-7
2.544789E-1	2.746768E-7
2.504648E-1	2.673651E-7
2.464741E-1	2.601820E-7
2.425007E-1	2.531675E-7
2.384610E-1	2.460441E-7
2.344478E-1	2.390806E-7
2.304140E-1	2.322485E-7
2.264311E-1	2.255636E-7
2.224414E-1	2.189447E-7
2.184183E-1	2.123681E-7
2.144204E-1	2.059170E-7
2.103753E-1	1.994899E-7
2.063806E-1	1.931973E-7
2.023498E-1	1.869943E-7
1.983652E-1	1.809450E-7
1.943796E-1	1.749964E-7
1.903606E-1	1.691046E-7
1.863341E-1	1.632606E-7
1.823151E-1	1.575582E-7
1.783293E-1	1.519228E-7
1.743359E-1	1.464296E-7
1.703279E-1	1.409869E-7
1.663235E-1	1.357019E-7
1.623314E-1	1.304897E-7
1.582862E-1	1.253227E-7
1.542551E-1	1.202912E-7
1.502703E-1	1.153517E-7
1.462770E-1	1.105546E-7
1.422505E-1	1.057894E-7
1.382789E-1	1.011730E-7
1.342103E-1	9.660393E-8
1.302210E-1	9.215362E-8
1.262355E-1	8.783778E-8
1.222129E-1	8.360919E-8
1.182170E-1	7.947878E-8
1.142281E-1	7.546382E-8
1.101609E-1	7.147144E-8
1.061525E-1	6.761919E-8
1.021510E-1	6.389212E-8
9.817893E-2	6.025284E-8
9.414965E-2	5.679199E-8
9.016377E-2	5.332580E-8
8.610605E-2	4.995627E-8
8.210913E-2	4.671306E-8
7.814080E-2	4.361693E-8
7.410350E-2	4.058651E-8
7.011886E-2	3.769648E-8
6.613071E-2	3.489969E-8
6.211840E-2	3.219177E-8
5.804886E-2	2.955816E-8
5.407015E-2	2.708165E-8
5.006962E-2	2.466642E-8
4.603847E-2	2.233373E-8
4.205937E-2	2.010000E-8
3.806997E-2	1.797808E-8
3.402407E-2	1.589447E-8
3.002585E-2	1.394626E-8
2.600794E-2	1.201152E-8
2.201949E-2	1.018773E-8
1.802531E-2	8.379119E-9
1.400498E-2	6.615579E-9
9.946697E-3	4.854791E-9
5.952228E-3	3.125436E-9
1.969726E-3	1.432362E-9
-2.041798E-3	-3.649232E-10
-6.045051E-3	-2.081841E-9
-1.002632E-2	-3.864993E-9
-1.408006E-2	-5.758622E-9
-1.808439E-2	-7.651744E-9
-2.209309E-2	-9.675952E-9
-2.609018E-2	-1.176655E-8
-3.007514E-2	-1.391742E-8
-3.408433E-2	-1.621333E-8
-3.809781E-2	-1.859050E-8
-4.214513E-2	-2.106582E-8
-4.613829E-2	-2.366293E-8
-5.014896E-2	-2.639447E-8
-5.414610E-2	-2.918783E-8
-5.813820E-2	-3.210958E-8
-6.212573E-2	-3.515153E-8
-6.618197E-2	-3.837392E-8
-7.021748E-2	-4.167680E-8
-7.420418E-2	-4.505074E-8
-7.819641E-2	-4.853278E-8
-8.220568E-2	-5.220645E-8
-8.620287E-2	-5.593966E-8
-9.025228E-2	-5.987879E-8
-9.424869E-2	-6.386001E-8
-9.823609E-2	-6.794035E-8
-1.022725E-1	-7.218205E-8
-1.062578E-1	-7.649132E-8
-1.102268E-1	-8.090064E-8
-1.142889E-1	-8.549746E-8
-1.182880E-1	-9.014059E-8
-1.223060E-1	-9.500483E-8
-1.263013E-1	-9.985882E-8
-1.302846E-1	-1.048684E-7
-1.343147E-1	-1.099969E-7
-1.383036E-1	-1.152138E-7
-1.423677E-1	-1.206037E-7
-1.463491E-1	-1.260333E-7
-1.503496E-1	-1.315253E-7
-1.543612E-1	-1.372404E-7
-1.583456E-1	-1.429349E-7
-1.623432E-1	-1.487890E-7
-1.663978E-1	-1.548006E-7
-1.704252E-1	-1.608897E-7
-1.744198E-1	-1.670361E-7
-1.784008E-1	-1.732578E-7
-1.824392E-1	-1.795968E-7
-1.864192E-1	-1.860087E-7
-1.904652E-1	-1.926646E-7
-1.944649E-1	-1.992238E-7
-1.984447E-1	-2.059392E-7
-2.024807E-1	-2.128452E-7
-2.064675E-1	-2.197515E-7
-2.104600E-1	-2.267424E-7
-2.145130E-1	-2.339580E-7
-2.185037E-1	-2.410632E-7
-2.225179E-1	-2.484338E-7
-2.265310E-1	-2.558352E-7
-2.305110E-1	-2.632757E-7
-2.345320E-1	-2.709123E-7
-2.385276E-1	-2.785407E-7
-2.425867E-1	-2.864075E-7
-2.465634E-1	-2.942269E-7
-2.505568E-1	-3.021979E-7
-2.545759E-1	-3.102648E-7
-2.585809E-1	-3.183665E-7
-2.625539E-1	-3.266014E-7
-2.666110E-1	-3.350778E-7
-2.706364E-1	-3.434778E-7
-2.746305E-1	-3.519665E-7
-2.786208E-1	-3.605499E-7
-2.826391E-1	-3.692392E-7
-2.866305E-1	-3.780153E-7
-2.906992E-1	-3.869726E-7
-2.946795E-1	-3.959995E-7
-2.986766E-1	-4.050173E-7
-3.026881E-1	-4.142397E-7
-3.066909E-1	-4.234153E-7
-3.106734E-1	-4.326846E-7
-3.147352E-1	-4.423561E-7
-3.187298E-1	-4.518272E-7
-3.227511E-1	-4.615487E-7
-3.267319E-1	-4.712336E-7
-3.307270E-1	-4.809984E-7
-3.347346E-1	-4.908887E-7
-3.387665E-1	-5.009755E-7
-3.427956E-1	-5.110657E-7
-3.467835E-1	-5.212576E-7
-3.507739E-1	-5.316156E-7
-3.547994E-1	-5.419605E-7
-3.587990E-1	-5.524383E-7
-3.627789E-1	-5.629849E-7
-3.668352E-1	-5.738700E-7
-3.708549E-1	-5.846259E-7
-3.748503E-1	-5.954248E-7
-3.788364E-1	-6.063671E-7
-3.828290E-1	-6.174631E-7
-3.868420E-1	-6.286537E-7
-3.909093E-1	-6.400864E-7
-3.948972E-1	-6.513634E-7
-3.988963E-1	-6.627722E-7
-4.028990E-1	-6.744102E-7
-4.068978E-1	-6.859100E-7
-4.108920E-1	-6.976215E-7
-4.149505E-1	-7.096566E-7
-4.189413E-1	-7.215348E-7
-4.229563E-1	-7.335495E-7
-4.269413E-1	-7.456737E-7
-4.309383E-1	-7.579191E-7
-4.349723E-1	-7.702298E-7
-4.389878E-1	-7.829539E-7
-4.430103E-1	-7.954217E-7
-4.470179E-1	-8.079362E-7
-4.509999E-1	-8.207276E-7
-4.550199E-1	-8.334420E-7
-4.590060E-1	-8.463853E-7
-4.629941E-1	-8.593706E-7
-4.670541E-1	-8.727253E-7
-4.710653E-1	-8.859889E-7
-4.750534E-1	-8.993140E-7
-4.790584E-1	-9.126683E-7
-4.830452E-1	-9.260456E-7
-4.870718E-1	-9.398225E-7
-4.911257E-1	-9.537034E-7
-4.951305E-1	-9.674703E-7
-4.991080E-1	-9.813911E-7
-5.031319E-1	-9.952862E-7
-5.071112E-1	-1.009321E-6
-5.111144E-1	-1.023460E-6
-5.151190E-1	-1.038089E-6
-5.191163E-1	-1.052120E-6
-5.231361E-1	-1.066641E-6
-5.271201E-1	-1.081096E-6
-5.311158E-1	-1.095926E-6
-5.351308E-1	-1.110570E-6
-5.391650E-1	-1.125639E-6
-5.431792E-1	-1.140706E-6
-5.471787E-1	-1.155721E-6
-5.511598E-1	-1.170775E-6
-5.551866E-1	-1.186084E-6
-5.591750E-1	-1.201334E-6
-5.631648E-1	-1.216493E-6
-5.672241E-1	-1.232292E-6
-5.712088E-1	-1.247814E-6
-5.752332E-1	-1.263516E-6
-5.792206E-1	-1.279098E-6
-5.832248E-1	-1.294995E-6
-5.872350E-1	-1.311011E-6
-5.913035E-1	-1.327290E-6
-5.952778E-1	-1.343167E-6
-5.992697E-1	-1.359501E-6
-6.033010E-1	-1.375792E-6
-6.072831E-1	-1.391872E-6
-6.112763E-1	-1.408263E-6
-6.153349E-1	-1.424724E-6
-6.193157E-1	-1.441535E-6
-6.233314E-1	-1.458425E-6
-6.273302E-1	-1.474622E-6
-6.313161E-1	-1.491606E-6
-6.353390E-1	-1.508728E-6
-6.393633E-1	-1.525938E-6
-6.433918E-1	-1.543021E-6
-6.473739E-1	-1.560088E-6
-6.513672E-1	-1.577243E-6
-6.553919E-1	-1.594834E-6
-6.593860E-1	-1.611842E-6
-6.633637E-1	-1.629164E-6
-6.674263E-1	-1.646970E-6
-6.714124E-1	-1.664263E-6
-6.754336E-1	-1.682254E-6
-6.794257E-1	-1.700010E-6
-6.834193E-1	-1.717419E-6
-6.874316E-1	-1.735692E-6
-6.914943E-1	-1.753753E-6
-6.954822E-1	-1.771966E-6
-6.994739E-1	-1.790227E-6
-7.034989E-1	-1.808283E-6
-7.074745E-1	-1.826603E-6
-7.114813E-1	-1.845146E-6
-7.155378E-1	-1.863812E-6
-7.195249E-1	-1.881913E-6
-7.235519E-1	-1.900734E-6
-7.275334E-1	-1.919353E-6
-7.315245E-1	-1.938001E-6
-7.355484E-1	-1.956577E-6
-7.395689E-1	-1.975437E-6
-7.435887E-1	-1.994487E-6
-7.475803E-1	-2.013102E-6
-4.697305E-2	-2.032051E-6
-7.555920E-1	-2.051338E-6
-7.595922E-1	-2.070138E-6
-7.635738E-1	-2.089304E-6
-7.676229E-1	-2.108475E-6
-7.716162E-1	-2.128029E-6
-7.756332E-1	-2.147662E-6
-7.796282E-1	-2.167227E-6
-7.836301E-1	-2.186268E-6
-7.876363E-1	-2.205970E-6
-7.917003E-1	-2.225773E-6
-7.956800E-1	-2.245516E-6
-7.996675E-1	-2.265381E-6
-8.036724E-1	-2.284772E-6
-8.077025E-1	-2.304658E-6
-8.116765E-1	-2.324303E-6
-8.157446E-1	-2.344423E-6
-5.123248E-2	-2.364317E-6
-8.237458E-1	-2.384916E-6
-8.277327E-1	-2.404797E-6
-8.317251E-1	-2.425228E-6
-8.357335E-1	-2.445330E-6
-8.397683E-1	-2.465625E-6
-8.437917E-1	-2.486289E-6
-8.477810E-1	-2.506610E-6
-8.517717E-1	-2.527067E-6
-8.557935E-1	-2.547675E-6
-8.597857E-1	-2.568104E-6
-8.637745E-1	-2.588788E-6
-5.423912E-2	-2.609360E-6
-8.718171E-1	-2.630217E-6
-8.758367E-1	-2.651128E-6
-8.798179E-1	-2.671506E-6
-8.838086E-1	-2.692409E-6
-8.878424E-1	-2.713116E-6
-8.918629E-1	-2.734358E-6
-8.958987E-1	-2.755580E-6
-8.998864E-1	-2.776854E-6
-9.038667E-1	-2.797855E-6
-9.078869E-1	-2.819003E-6
-9.118767E-1	-2.839509E-6
-9.159335E-1	-2.861239E-6
-9.199244E-1	-2.882396E-6
-9.239505E-1	-2.904172E-6
-9.279419E-1	-2.925534E-6
-9.319301E-1	-2.946399E-6
-9.359545E-1	-2.967992E-6
-9.399765E-1	-2.990023E-6
-9.439972E-1	-3.011736E-6
-9.479762E-1	-3.033087E-6
-9.519727E-1	-3.054516E-6
-9.559953E-1	-3.076256E-6
-9.599881E-1	-3.097967E-6
-9.639746E-1	-3.119525E-6
-9.680345E-1	-3.140990E-6
-9.720226E-1	-3.162980E-6
-9.760336E-1	-3.185027E-6
-9.800346E-1	-3.207034E-6
-9.840193E-1	-3.229121E-6
-9.880574E-1	-3.250646E-6
-9.920658E-1	-3.273131E-6
-9.960987E-1	-3.296859E-6
-1.000077E+0	-3.319659E-6
