Voltage (V)	Current (A)
9.999774E-1	3.778658E-6
9.959552E-1	3.755784E-6
9.919658E-1	3.732603E-6
9.879780E-1	3.710046E-6
9.839190E-1	3.686756E-6
9.799322E-1	3.663363E-6
9.759082E-1	3.640402E-6
9.719202E-1	3.617135E-6
9.678984E-1	3.594164E-6
9.639094E-1	3.571970E-6
9.598535E-1	3.548351E-6
9.558595E-1	3.525465E-6
9.518774E-1	3.503086E-6
9.478489E-1	3.480864E-6
9.438632E-1	3.457951E-6
9.398761E-1	3.435659E-6
9.358186E-1	3.413332E-6
9.318300E-1	3.390305E-6
9.278098E-1	3.367579E-6
9.238208E-1	3.345089E-6
9.198329E-1	3.323234E-6
9.158055E-1	3.301211E-6
9.117526E-1	3.278475E-6
9.077659E-1	3.256535E-6
9.037734E-1	3.234026E-6
8.997534E-1	3.211933E-6
8.957647E-1	3.189987E-6
8.917735E-1	3.168186E-6
8.877524E-1	3.146045E-6
8.837331E-1	3.123861E-6
8.797075E-1	3.101965E-6
8.757207E-1	3.080511E-6
8.717309E-1	3.058635E-6
8.677136E-1	3.036956E-6
8.637224E-1	3.015518E-6
8.596705E-1	2.993687E-6
8.556776E-1	2.971993E-6
8.516510E-1	2.950249E-6
8.476636E-1	2.928939E-6
8.436773E-1	2.907816E-6
8.396562E-1	2.886160E-6
8.356294E-1	2.865018E-6
8.316128E-1	2.843929E-6
8.276195E-1	2.822692E-6
8.236325E-1	2.801502E-6
8.196086E-1	2.780109E-6
8.156218E-1	2.759645E-6
8.115642E-1	2.738275E-6
8.075767E-1	2.717593E-6
8.035554E-1	2.696638E-6
7.995651E-1	2.675792E-6
7.955803E-1	2.655477E-6
7.915560E-1	2.634474E-6
7.875673E-1	2.613988E-6
7.835088E-1	2.592708E-6
7.795240E-1	2.572448E-6
7.755336E-1	2.552221E-6
7.715116E-1	2.531913E-6
7.675204E-1	2.511276E-6
7.635331E-1	2.491201E-6
7.594756E-1	2.470856E-6
7.554572E-1	2.450606E-6
7.514668E-1	2.430731E-6
7.474749E-1	2.410512E-6
7.434589E-1	2.390136E-6
7.394684E-1	2.370408E-6
7.354149E-1	2.350307E-6
7.314225E-1	2.330490E-6
7.274368E-1	2.310970E-6
7.234135E-1	2.291050E-6
7.194257E-1	2.271418E-6
7.154358E-1	2.251879E-6
7.113780E-1	2.232000E-6
7.073569E-1	2.212469E-6
7.033708E-1	2.193028E-6
6.993798E-1	2.174104E-6
6.953591E-1	2.154980E-6
6.913692E-1	2.135706E-6
6.873771E-1	2.116699E-6
6.833236E-1	2.097556E-6
6.793343E-1	2.078295E-6
6.753151E-1	2.059198E-6
6.713223E-1	2.040305E-6
6.673368E-1	2.021771E-6
6.633121E-1	2.002862E-6
6.592587E-1	1.983686E-6
6.552688E-1	1.965585E-6
6.512809E-1	1.947058E-6
6.472560E-1	1.928371E-6
6.432694E-1	1.910235E-6
6.392810E-1	1.891866E-6
6.352242E-1	1.873053E-6
6.312367E-1	1.854771E-6
6.272154E-1	1.836509E-6
6.232242E-1	1.818433E-6
6.192361E-1	1.800750E-6
6.152143E-1	1.782466E-6
6.111555E-1	1.764464E-6
6.071695E-1	1.746656E-6
6.031793E-1	1.728765E-6
5.991631E-1	1.711249E-6
5.951707E-1	1.693749E-6
5.911856E-1	1.676420E-6
5.871611E-1	1.658796E-6
5.831374E-1	1.641517E-6
5.791152E-1	1.624028E-6
5.751233E-1	1.606858E-6
5.711378E-1	1.589670E-6
5.671132E-1	1.572625E-6
5.631279E-1	1.555735E-6
5.590697E-1	1.538500E-6
5.550812E-1	1.521902E-6
5.510564E-1	1.504561E-6
5.470661E-1	1.488083E-6
5.430776E-1	1.471491E-6
5.390592E-1	1.454945E-6
5.350367E-1	1.438246E-6
5.310149E-1	1.421653E-6
5.270254E-1	1.405417E-6
5.230350E-1	1.389166E-6
5.190171E-1	1.372998E-6
5.150254E-1	1.356934E-6
5.109718E-1	1.340736E-6
5.069820E-1	1.324839E-6
5.029608E-1	1.308811E-6
4.989683E-1	1.293141E-6
4.949815E-1	1.277428E-6
4.909584E-1	1.261711E-6
4.869739E-1	1.246139E-6
4.829144E-1	1.230631E-6
4.789259E-1	1.215212E-6
4.749347E-1	1.199867E-6
4.709145E-1	1.184640E-6
4.669284E-1	1.169369E-6
4.629394E-1	1.154447E-6
4.588838E-1	1.139303E-6
4.548619E-1	1.124272E-6
4.508761E-1	1.109408E-6
4.468836E-1	1.094577E-6
4.428616E-1	1.079831E-6
4.388699E-1	1.065159E-6
4.348153E-1	1.050491E-6
4.308279E-1	1.036089E-6
4.268390E-1	1.021751E-6
4.228124E-1	1.007269E-6
4.188616E-1	9.934324E-7
4.148700E-1	9.793721E-7
4.108141E-1	9.650887E-7
4.067907E-1	9.510490E-7
4.028023E-1	9.371382E-7
3.988149E-1	9.233474E-7
3.947897E-1	9.095041E-7
3.908018E-1	8.960201E-7
3.868139E-1	8.824202E-7
3.827575E-1	8.687544E-7
3.787671E-1	8.553597E-7
3.747468E-1	8.419187E-7
3.707533E-1	8.287741E-7
3.667633E-1	8.155391E-7
3.627444E-1	8.023862E-7
3.586867E-1	7.892184E-7
3.546967E-1	7.763167E-7
3.507077E-1	7.635641E-7
3.466869E-1	7.507192E-7
3.426940E-1	7.380194E-7
3.387062E-1	7.254054E-7
3.346479E-1	7.127113E-7
3.306628E-1	7.003479E-7
3.266398E-1	6.878718E-7
3.226516E-1	6.755786E-7
3.186617E-1	6.633600E-7
3.146415E-1	6.511740E-7
3.105814E-1	6.389428E-7
3.065920E-1	6.270009E-7
3.026026E-1	6.151623E-7
2.985790E-1	6.032801E-7
2.945926E-1	5.915667E-7
2.906014E-1	5.799744E-7
2.865804E-1	5.682426E-7
2.825543E-1	5.567280E-7
2.785323E-1	5.452224E-7
2.745408E-1	5.339311E-7
2.705520E-1	5.227063E-7
2.665286E-1	5.114103E-7
2.625411E-1	5.002929E-7
2.584842E-1	4.891726E-7
2.544957E-1	4.782137E-7
2.504765E-1	4.673661E-7
2.464877E-1	4.566481E-7
2.425007E-1	4.460163E-7
2.384760E-1	4.353297E-7
2.344533E-1	4.247015E-7
2.304234E-1	4.141652E-7
2.264412E-1	4.038877E-7
2.224490E-1	3.936370E-7
2.184291E-1	3.834291E-7
2.144382E-1	3.733760E-7
2.103840E-1	3.632103E-7
2.063915E-1	3.533204E-7
2.023649E-1	3.434024E-7
1.983784E-1	3.336836E-7
1.943915E-1	3.240279E-7
1.903724E-1	3.144065E-7
1.863463E-1	3.048950E-7
1.823264E-1	2.954683E-7
1.783372E-1	2.861674E-7
1.743480E-1	2.769867E-7
1.703248E-1	2.678492E-7
1.663344E-1	2.589084E-7
1.623445E-1	2.500297E-7
1.582896E-1	2.411460E-7
1.542653E-1	2.323809E-7
1.502789E-1	2.237896E-7
1.462855E-1	2.153459E-7
1.422614E-1	2.068988E-7
1.382765E-1	1.986778E-7
1.342137E-1	1.904168E-7
1.302274E-1	1.823764E-7
1.262369E-1	1.744629E-7
1.222156E-1	1.666315E-7
1.182266E-1	1.589661E-7
1.142408E-1	1.514297E-7
1.101830E-1	1.439087E-7
1.061619E-1	1.366037E-7
1.021702E-1	1.294711E-7
9.818266E-2	1.224303E-7
9.415505E-2	1.155181E-7
9.017116E-2	1.088103E-7
8.611476E-2	1.021178E-7
8.212472E-2	9.572962E-8
7.813682E-2	8.946043E-8
7.411139E-2	8.329956E-8
7.012531E-2	7.737340E-8
6.613074E-2	7.159946E-8
6.211232E-2	6.595647E-8
5.805392E-2	6.043250E-8
5.406892E-2	5.522181E-8
5.007835E-2	5.013402E-8
4.605645E-2	4.521227E-8
4.206565E-2	4.052436E-8
3.807798E-2	3.599297E-8
3.402388E-2	3.156493E-8
3.003357E-2	2.738226E-8
2.600906E-2	2.332443E-8
2.202287E-2	1.946173E-8
1.803568E-2	1.575557E-8
1.400914E-2	1.212893E-8
9.951298E-3	8.554707E-9
5.960339E-3	5.144927E-9
1.972314E-3	1.792507E-9
-2.042716E-3	-1.569928E-9
-6.033553E-3	-4.833489E-9
-1.002481E-2	-8.149891E-9
-1.408156E-2	-1.154919E-8
-1.807239E-2	-1.495037E-8
-2.209227E-2	-1.844703E-8
-2.607937E-2	-2.200830E-8
-3.007370E-2	-2.570065E-8
-3.409705E-2	-2.948510E-8
-3.809205E-2	-3.342469E-8
-4.214533E-2	-3.746942E-8
-4.613684E-2	-4.162379E-8
-5.015408E-2	-4.597139E-8
-5.414651E-2	-5.041726E-8
-5.813348E-2	-5.501617E-8
-6.212281E-2	-5.972364E-8
-6.618231E-2	-6.461737E-8
-7.020666E-2	-6.965422E-8
-7.419545E-2	-7.486378E-8
-7.818521E-2	-8.009079E-8
-8.220541E-2	-8.548584E-8
-8.619671E-2	-9.107414E-8
-9.025657E-2	-9.685563E-8
-9.424277E-2	-1.025746E-7
-9.823672E-2	-1.084992E-7
-1.022601E-1	-1.146529E-7
-1.062531E-1	-1.208115E-7
-1.102372E-1	-1.270014E-7
-1.142982E-1	-1.335563E-7
-1.182861E-1	-1.400789E-7
-1.223108E-1	-1.466854E-7
-1.262947E-1	-1.534127E-7
-1.302869E-1	-1.603108E-7
-1.343120E-1	-1.673091E-7
-1.383011E-1	-1.743903E-7
-1.423636E-1	-1.817092E-7
-1.463514E-1	-1.889659E-7
-1.503428E-1	-1.962946E-7
-1.543649E-1	-2.038767E-7
-1.583547E-1	-2.114357E-7
-1.623429E-1	-2.191399E-7
-1.664045E-1	-2.270266E-7
-1.704285E-1	-2.350307E-7
-1.744193E-1	-2.429961E-7
-1.784074E-1	-2.510047E-7
-1.824278E-1	-2.592861E-7
-1.864188E-1	-2.675398E-7
-1.904766E-1	-2.760132E-7
-1.944662E-1	-2.845036E-7
-1.984524E-1	-2.929586E-7
-2.024790E-1	-3.016648E-7
-2.064671E-1	-3.103578E-7
-2.104610E-1	-3.191539E-7
-2.145171E-1	-3.282135E-7
-2.185063E-1	-3.371806E-7
-2.225295E-1	-3.463921E-7
-2.265179E-1	-3.554793E-7
-2.305084E-1	-3.647342E-7
-2.345317E-1	-3.741308E-7
-2.385229E-1	-3.835528E-7
-2.425812E-1	-3.932070E-7
-2.465678E-1	-4.027374E-7
-2.505593E-1	-4.124090E-7
-2.545852E-1	-4.222065E-7
-2.585696E-1	-4.319934E-7
-2.625623E-1	-4.419035E-7
-2.666147E-1	-4.521269E-7
-2.706409E-1	-4.622783E-7
-2.746304E-1	-4.723989E-7
-2.786241E-1	-4.826577E-7
-2.826452E-1	-4.930060E-7
-2.866358E-1	-5.033857E-7
-2.906935E-1	-5.140745E-7
-2.946823E-1	-5.245872E-7
-2.986706E-1	-5.352118E-7
-3.026959E-1	-5.460422E-7
-3.066872E-1	-5.568103E-7
-3.106754E-1	-5.677909E-7
-3.147358E-1	-5.787561E-7
-3.187242E-1	-5.898287E-7
-3.227501E-1	-6.010104E-7
-3.267353E-1	-6.121594E-7
-3.307290E-1	-6.234401E-7
-3.347478E-1	-6.348670E-7
-3.387720E-1	-6.464123E-7
-3.427958E-1	-6.580559E-7
-3.467884E-1	-6.695135E-7
-3.507772E-1	-6.812177E-7
-3.547992E-1	-6.930217E-7
-3.587908E-1	-7.048855E-7
-3.627807E-1	-7.166246E-7
-3.668397E-1	-7.288789E-7
-3.708594E-1	-7.409691E-7
-3.748516E-1	-7.530468E-7
-3.788400E-1	-7.652861E-7
-3.828334E-1	-7.774975E-7
-3.868558E-1	-7.898323E-7
-3.909130E-1	-8.025250E-7
-3.948982E-1	-8.149271E-7
-3.988912E-1	-8.275793E-7
-4.029113E-1	-8.403160E-7
-4.069012E-1	-8.530444E-7
-4.108945E-1	-8.658231E-7
-4.149495E-1	-8.788904E-7
-4.189436E-1	-8.918432E-7
-4.229640E-1	-9.049207E-7
-4.269561E-1	-9.180708E-7
-4.309438E-1	-9.311291E-7
-4.349687E-1	-9.444908E-7
-4.389915E-1	-9.578913E-7
-4.430159E-1	-9.714158E-7
-4.470064E-1	-9.848628E-7
-4.509977E-1	-9.983623E-7
-4.550202E-1	-1.012181E-6
-4.590095E-1	-1.025755E-6
-4.629973E-1	-1.039562E-6
-4.670131E-1	-1.053631E-6
-4.710361E-1	-1.067652E-6
-4.750220E-1	-1.081647E-6
-4.790139E-1	-1.095623E-6
-4.830016E-1	-1.109843E-6
-4.870270E-1	-1.124234E-6
-4.910820E-1	-1.138706E-6
-4.950742E-1	-1.153120E-6
-4.990612E-1	-1.167391E-6
-5.030861E-1	-1.182051E-6
-5.070729E-1	-1.196793E-6
-5.110645E-1	-1.211543E-6
-5.151195E-1	-1.226406E-6
-5.191105E-1	-1.241133E-6
-5.231338E-1	-1.256184E-6
-5.271219E-1	-1.271199E-6
-5.311112E-1	-1.286347E-6
-5.351328E-1	-1.301712E-6
-5.391553E-1	-1.316861E-6
-5.431774E-1	-1.332301E-6
-5.471675E-1	-1.347682E-6
-5.511566E-1	-1.362939E-6
-5.551822E-1	-1.378643E-6
-5.591688E-1	-1.394289E-6
-5.631598E-1	-1.409933E-6
-5.672158E-1	-1.425855E-6
-5.712059E-1	-1.441555E-6
-5.752313E-1	-1.457453E-6
-5.792189E-1	-1.473596E-6
-5.832098E-1	-1.489566E-6
-5.872305E-1	-1.505780E-6
-5.912884E-1	-1.522150E-6
-5.952764E-1	-1.538283E-6
-5.992670E-1	-1.554498E-6
-6.032888E-1	-1.571206E-6
-6.072797E-1	-1.587442E-6
-6.112641E-1	-1.604166E-6
-6.153231E-1	-1.620974E-6
-6.193097E-1	-1.637647E-6
-6.233357E-1	-1.654682E-6
-6.273242E-1	-1.671550E-6
-6.313130E-1	-1.688314E-6
-6.353375E-1	-1.705359E-6
-6.393601E-1	-1.722179E-6
-6.433836E-1	-1.739440E-6
-6.473697E-1	-1.756486E-6
-6.513619E-1	-1.773645E-6
-6.553844E-1	-1.791377E-6
-6.593751E-1	-1.808666E-6
-6.633642E-1	-1.826190E-6
-6.674203E-1	-1.843872E-6
-6.714068E-1	-1.861532E-6
-6.754312E-1	-1.879223E-6
-6.794176E-1	-1.896872E-6
-6.834074E-1	-1.914570E-6
-6.874328E-1	-1.932602E-6
-6.914877E-1	-1.950797E-6
-6.954792E-1	-1.968707E-6
-6.994669E-1	-1.986662E-6
-7.034921E-1	-2.005412E-6
-7.074797E-1	-2.023410E-6
-7.114714E-1	-2.041670E-6
-7.155252E-1	-2.060120E-6
-7.195178E-1	-2.078535E-6
-7.235398E-1	-2.097280E-6
-7.275309E-1	-2.115848E-6
-7.315171E-1	-2.133949E-6
-7.355411E-1	-2.152628E-6
-7.395664E-1	-2.171449E-6
-7.435861E-1	-2.190219E-6
-7.475759E-1	-2.209409E-6
-7.515621E-1	-2.228093E-6
-7.555863E-1	-2.247080E-6
-7.595751E-1	-2.266615E-6
-7.635674E-1	-2.285117E-6
-7.676217E-1	-2.304907E-6
-7.716117E-1	-2.323874E-6
-7.756332E-1	-2.343156E-6
-7.796223E-1	-2.362256E-6
-7.836120E-1	-2.381619E-6
-7.876358E-1	-2.401252E-6
-7.916950E-1	-2.421008E-6
-7.956815E-1	-2.440460E-6
-7.996724E-1	-2.460547E-6
-8.036607E-1	-2.479709E-6
-8.076833E-1	-2.499502E-6
-8.116693E-1	-2.518978E-6
-8.157277E-1	-2.539410E-6
-8.197162E-1	-2.559497E-6
-8.237396E-1	-2.579434E-6
-8.277278E-1	-2.599333E-6
-8.317202E-1	-2.619431E-6
-8.357397E-1	-2.639575E-6
-8.397654E-1	-2.659902E-6
-8.437847E-1	-2.680258E-6
-8.477756E-1	-2.700458E-6
-8.517674E-1	-2.720935E-6
-8.557873E-1	-2.742065E-6
-8.597791E-1	-2.761845E-6
-8.637660E-1	-2.782582E-6
-8.678255E-1	-2.803868E-6
-8.718134E-1	-2.824352E-6
-8.758371E-1	-2.844713E-6
-8.798235E-1	-2.865492E-6
-8.838153E-1	-2.886488E-6
-8.878353E-1	-2.907125E-6
-8.918592E-1	-2.928541E-6
-8.958805E-1	-2.949235E-6
-8.998716E-1	-2.970771E-6
-9.038616E-1	-2.991929E-6
-9.078811E-1	-3.012741E-6
-9.118736E-1	-3.033891E-6
-9.159265E-1	-3.055155E-6
-9.199179E-1	-3.076840E-6
-9.239390E-1	-3.098057E-6
-9.279323E-1	-3.119125E-6
-9.319179E-1	-3.140507E-6
-9.359415E-1	-3.162814E-6
-9.399657E-1	-3.184255E-6
-9.439868E-1	-3.205559E-6
-9.479737E-1	-3.226893E-6
-9.519662E-1	-3.249067E-6
-9.559894E-1	-3.270812E-6
-9.599786E-1	-3.292960E-6
-9.639672E-1	-3.315053E-6
-9.680235E-1	-3.336592E-6
-9.720142E-1	-3.358475E-6
-9.760340E-1	-3.380501E-6
-9.800270E-1	-3.402729E-6
-9.840134E-1	-3.424440E-6
-9.880383E-1	-3.446858E-6
-9.920564E-1	-3.469270E-6
-9.960861E-1	-3.491996E-6
-1.000071E+0	-3.513874E-6
