Voltage (V)	Current (A)
-1.000073E+0	-3.500781E-6
-9.960869E-1	-3.478474E-6
-9.920613E-1	-3.456304E-6
-9.880747E-1	-3.434683E-6
-9.840138E-1	-3.412064E-6
-9.800272E-1	-3.390026E-6
-9.760377E-1	-3.367737E-6
-9.720154E-1	-3.346147E-6
-9.680234E-1	-3.324063E-6
-9.640368E-1	-3.301970E-6
-9.599791E-1	-3.280595E-6
-9.559885E-1	-3.259016E-6
-9.519665E-1	-3.236813E-6
-9.479750E-1	-3.215184E-6
-9.439883E-1	-3.193506E-6
-9.399667E-1	-3.172334E-6
-9.359432E-1	-3.150346E-6
-9.319193E-1	-3.129260E-6
-9.279328E-1	-3.107835E-6
-9.239389E-1	-3.086483E-6
-9.199184E-1	-3.064836E-6
-9.159266E-1	-3.043662E-6
-9.118734E-1	-3.022479E-6
-9.078834E-1	-3.001616E-6
-9.038632E-1	-2.979973E-6
-8.998727E-1	-2.959228E-6
-8.958816E-1	-2.938161E-6
-8.918602E-1	-2.917355E-6
-8.878710E-1	-2.896670E-6
-8.838149E-1	-2.875424E-6
-8.798254E-1	-2.854692E-6
-8.758371E-1	-2.834150E-6
-8.718149E-1	-2.813683E-6
-8.678257E-1	-2.792913E-6
-8.638335E-1	-2.772858E-6
-8.597792E-1	-2.751950E-6
-8.557879E-1	-2.731664E-6
-8.517678E-1	-2.710893E-6
-8.477764E-1	-2.690776E-6
-8.437874E-1	-2.670592E-6
-8.397657E-1	-2.650140E-6
-8.357401E-1	-2.629943E-6
-8.317195E-1	-2.609603E-6
-8.277285E-1	-2.589773E-6
-8.237408E-1	-2.569858E-6
-8.197170E-1	-2.549727E-6
-8.157294E-1	-2.529573E-6
-8.116705E-1	-2.509385E-6
-8.076838E-1	-2.490184E-6
-8.036613E-1	-2.470140E-6
-7.996727E-1	-2.450429E-6
-7.956814E-1	-2.431078E-6
-7.916963E-1	-2.411164E-6
-7.876708E-1	-2.391564E-6
-7.836136E-1	-2.372310E-6
-7.796232E-1	-2.352946E-6
-7.756337E-1	-2.333834E-6
-7.716129E-1	-2.314626E-6
-7.676230E-1	-2.295385E-6
-7.636348E-1	-2.276208E-6
-7.595763E-1	-2.256888E-6
-7.555870E-1	-2.238166E-6
-7.515643E-1	-2.219098E-6
-7.475781E-1	-2.200095E-6
-7.435877E-1	-2.181574E-6
-7.395669E-1	-2.162525E-6
-7.355430E-1	-2.143651E-6
-7.315183E-1	-2.124781E-6
-7.275302E-1	-2.106499E-6
-7.235404E-1	-2.088217E-6
-7.195183E-1	-2.069600E-6
-7.155271E-1	-2.051332E-6
-7.114736E-1	-2.032594E-6
-7.074807E-1	-2.014456E-6
-7.034922E-1	-1.996229E-6
-6.994693E-1	-1.978154E-6
-6.954825E-1	-1.960572E-6
-6.914899E-1	-1.942310E-6
-6.874682E-1	-1.924395E-6
-6.834098E-1	-1.906253E-6
-6.794198E-1	-1.888600E-6
-6.754334E-1	-1.870968E-6
-6.714083E-1	-1.853233E-6
-6.674206E-1	-1.835835E-6
-6.634304E-1	-1.818245E-6
-6.593753E-1	-1.800675E-6
-6.553866E-1	-1.783486E-6
-6.513631E-1	-1.766469E-6
-6.473711E-1	-1.748977E-6
-6.433843E-1	-1.731794E-6
-6.393608E-1	-1.714553E-6
-6.353384E-1	-1.697476E-6
-6.313142E-1	-1.680257E-6
-6.273248E-1	-1.663547E-6
-6.233376E-1	-1.647031E-6
-6.193117E-1	-1.630134E-6
-6.153238E-1	-1.613628E-6
-6.112665E-1	-1.596797E-6
-6.072815E-1	-1.580253E-6
-6.032895E-1	-1.563945E-6
-5.992675E-1	-1.547564E-6
-5.952772E-1	-1.531308E-6
-5.912915E-1	-1.515274E-6
-5.872664E-1	-1.499112E-6
-5.832096E-1	-1.482511E-6
-5.792174E-1	-1.466664E-6
-5.752319E-1	-1.450810E-6
-5.712080E-1	-1.434712E-6
-5.672174E-1	-1.418886E-6
-5.632291E-1	-1.403363E-6
-5.591704E-1	-1.387510E-6
-5.551840E-1	-1.372103E-6
-5.511574E-1	-1.356520E-6
-5.471706E-1	-1.341272E-6
-5.431795E-1	-1.326062E-6
-5.391573E-1	-1.310747E-6
-5.351349E-1	-1.295477E-6
-5.311131E-1	-1.280249E-6
-5.271239E-1	-1.265174E-6
-5.231354E-1	-1.250390E-6
-5.191115E-1	-1.235271E-6
-5.151211E-1	-1.220463E-6
-5.110649E-1	-1.205699E-6
-5.070748E-1	-1.190976E-6
-5.030879E-1	-1.176414E-6
-4.990636E-1	-1.161982E-6
-4.950752E-1	-1.147488E-6
-4.910833E-1	-1.133123E-6
-4.870623E-1	-1.118849E-6
-4.830024E-1	-1.104392E-6
-4.790153E-1	-1.090256E-6
-4.750263E-1	-1.076158E-6
-4.710393E-1	-1.062302E-6
-4.670141E-1	-1.048174E-6
-4.630236E-1	-1.034374E-6
-4.589699E-1	-1.020402E-6
-4.549815E-1	-1.006867E-6
-4.509994E-1	-9.931121E-7
-4.470080E-1	-9.796720E-7
-4.430188E-1	-9.661794E-7
-4.389931E-1	-9.527565E-7
-4.349719E-1	-9.394294E-7
-4.309458E-1	-9.261423E-7
-4.269565E-1	-9.129764E-7
-4.229655E-1	-8.999037E-7
-4.189450E-1	-8.869098E-7
-4.149525E-1	-8.740081E-7
-4.108970E-1	-8.609627E-7
-4.069040E-1	-8.482805E-7
-4.029137E-1	-8.356849E-7
-3.988941E-1	-8.230237E-7
-3.949038E-1	-8.105904E-7
-3.909152E-1	-7.981030E-7
-3.868912E-1	-7.855824E-7
-3.828356E-1	-7.731211E-7
-3.788433E-1	-7.609117E-7
-3.748546E-1	-7.488304E-7
-3.708617E-1	-7.367762E-7
-3.668405E-1	-7.246401E-7
-3.628486E-1	-7.127899E-7
-3.587928E-1	-7.008232E-7
-3.548023E-1	-6.889920E-7
-3.507782E-1	-6.772667E-7
-3.467911E-1	-6.656593E-7
-3.427984E-1	-6.541615E-7
-3.387743E-1	-6.425747E-7
-3.347510E-1	-6.312106E-7
-3.307324E-1	-6.198101E-7
-3.267385E-1	-6.086372E-7
-3.227504E-1	-5.975811E-7
-3.187271E-1	-5.863992E-7
-3.147378E-1	-5.753738E-7
-3.106794E-1	-5.642552E-7
-3.066911E-1	-5.534595E-7
-3.026976E-1	-5.427432E-7
-2.986749E-1	-5.319897E-7
-2.946859E-1	-5.214261E-7
-2.906949E-1	-5.108931E-7
-2.866729E-1	-5.003660E-7
-2.826482E-1	-4.899426E-7
-2.786266E-1	-4.795465E-7
-2.746333E-1	-4.693416E-7
-2.706431E-1	-4.592307E-7
-2.666188E-1	-4.491781E-7
-2.626315E-1	-4.392045E-7
-2.585733E-1	-4.291875E-7
-2.545872E-1	-4.194737E-7
-2.505617E-1	-4.096785E-7
-2.465697E-1	-4.000578E-7
-2.425849E-1	-3.904858E-7
-2.385921E-1	-3.810784E-7
-2.345357E-1	-3.715286E-7
-2.305113E-1	-3.621949E-7
-2.265200E-1	-3.529935E-7
-2.225320E-1	-3.439337E-7
-2.185086E-1	-3.348453E-7
-2.145188E-1	-3.258641E-7
-2.104643E-1	-3.168927E-7
-2.064696E-1	-3.081282E-7
-2.024826E-1	-2.994448E-7
-1.984555E-1	-2.908541E-7
-1.944683E-1	-2.823907E-7
-1.904790E-1	-2.739733E-7
-1.864204E-1	-2.655530E-7
-1.824308E-1	-2.573584E-7
-1.784078E-1	-2.491232E-7
-1.744212E-1	-2.410908E-7
-1.704299E-1	-2.331805E-7
-1.664059E-1	-2.252173E-7
-1.624105E-1	-2.175173E-7
-1.583569E-1	-2.097328E-7
-1.543670E-1	-2.022106E-7
-1.503451E-1	-1.947208E-7
-1.463539E-1	-1.874351E-7
-1.423661E-1	-1.801974E-7
-1.383709E-1	-1.730322E-7
-1.343139E-1	-1.659108E-7
-1.302889E-1	-1.589503E-7
-1.262990E-1	-1.521069E-7
-1.223115E-1	-1.454316E-7
-1.182883E-1	-1.388282E-7
-1.143010E-1	-1.324013E-7
-1.102388E-1	-1.259187E-7
-1.062555E-1	-1.196709E-7
-1.022621E-1	-1.135679E-7
-9.823932E-2	-1.075089E-7
-9.424555E-2	-1.016709E-7
-9.025995E-2	-9.588710E-8
-8.620024E-2	-9.018893E-8
-8.221025E-2	-8.474408E-8
-7.818807E-2	-7.933593E-8
-7.420055E-2	-7.412919E-8
-7.020873E-2	-6.902943E-8
-6.618454E-2	-6.400280E-8
-6.219383E-2	-5.922308E-8
-5.813567E-2	-5.447581E-8
-5.414914E-2	-4.994166E-8
-5.015811E-2	-4.551878E-8
-4.613943E-2	-4.122530E-8
-4.214726E-2	-3.707056E-8
-3.816110E-2	-3.309398E-8
-3.409966E-2	-2.919919E-8
-3.007664E-2	-2.541180E-8
-2.608106E-2	-2.177330E-8
-2.209395E-2	-1.821931E-8
-1.807687E-2	-1.479250E-8
-1.408252E-2	-1.142574E-8
-1.002794E-2	-8.055211E-9
-6.035334E-3	-4.775846E-9
-2.043224E-3	-1.531716E-9
1.971987E-3	1.831270E-9
5.954757E-3	5.105818E-9
9.950833E-3	8.457076E-9
1.400585E-2	1.196462E-8
1.803225E-2	1.557225E-8
2.201936E-2	1.926887E-8
2.600395E-2	2.306796E-8
3.002845E-2	2.709536E-8
3.401990E-2	3.125702E-8
3.800661E-2	3.554985E-8
4.206146E-2	4.010457E-8
4.605410E-2	4.477874E-8
5.007566E-2	4.967287E-8
5.406741E-2	5.468946E-8
5.805170E-2	5.987074E-8
6.207472E-2	6.527329E-8
6.613042E-2	7.090530E-8
7.012349E-2	7.664761E-8
7.410786E-2	8.251768E-8
7.813603E-2	8.865796E-8
8.212313E-2	9.484346E-8
8.611231E-2	1.012410E-7
9.016614E-2	1.078292E-7
9.415220E-2	1.145085E-7
9.817948E-2	1.214201E-7
1.021686E-1	1.283145E-7
1.061590E-1	1.354239E-7
1.101800E-1	1.427498E-7
1.142374E-1	1.502043E-7
1.182250E-1	1.577156E-7
1.222147E-1	1.652756E-7
1.262351E-1	1.731299E-7
1.302259E-1	1.809999E-7
1.342129E-1	1.889434E-7
1.382411E-1	1.970759E-7
1.422593E-1	2.053170E-7
1.462845E-1	2.136937E-7
1.502778E-1	2.221333E-7
1.542648E-1	2.306431E-7
1.582896E-1	2.393227E-7
1.622706E-1	2.480656E-7
1.663339E-1	2.570168E-7
1.703226E-1	2.659715E-7
1.743488E-1	2.750828E-7
1.783357E-1	2.841848E-7
1.823244E-1	2.934183E-7
1.863456E-1	3.027643E-7
1.903706E-1	3.122900E-7
1.943898E-1	3.217846E-7
1.983759E-1	3.314104E-7
2.023643E-1	3.410395E-7
2.063897E-1	3.509070E-7
2.103835E-1	3.607381E-7
2.144361E-1	3.708902E-7
2.184281E-1	3.809125E-7
2.224480E-1	3.910410E-7
2.264410E-1	4.013340E-7
2.304224E-1	4.116429E-7
2.344523E-1	4.220269E-7
2.384402E-1	4.324445E-7
2.424998E-1	4.431414E-7
2.464876E-1	4.537289E-7
2.504738E-1	4.644317E-7
2.544941E-1	4.752688E-7
2.584837E-1	4.861728E-7
2.624738E-1	4.970660E-7
2.665269E-1	5.083582E-7
2.705523E-1	5.195221E-7
2.745399E-1	5.307129E-7
2.785319E-1	5.420222E-7
2.825526E-1	5.533516E-7
2.865433E-1	5.648070E-7
2.905988E-1	5.764794E-7
2.945940E-1	5.881133E-7
2.985760E-1	5.997315E-7
3.026032E-1	6.115366E-7
3.065889E-1	6.234080E-7
3.105803E-1	6.352790E-7
3.146370E-1	6.474158E-7
3.186593E-1	6.596593E-7
3.226503E-1	6.717263E-7
3.266384E-1	6.839496E-7
3.306618E-1	6.963665E-7
3.346477E-1	7.086913E-7
3.387016E-1	7.213834E-7
3.426927E-1	7.339676E-7
3.466856E-1	7.466601E-7
3.507065E-1	7.593775E-7
3.546938E-1	7.721732E-7
3.586818E-1	7.850057E-7
3.627088E-1	7.980029E-7
3.667634E-1	8.111931E-7
3.707501E-1	8.242235E-7
3.747461E-1	8.375234E-7
3.787650E-1	8.509282E-7
3.827570E-1	8.641510E-7
3.867404E-1	8.776115E-7
3.908004E-1	8.912830E-7
3.947879E-1	9.048801E-7
3.988134E-1	9.187880E-7
4.027986E-1	9.323546E-7
4.067878E-1	9.461951E-7
4.108100E-1	9.601325E-7
4.148679E-1	9.744125E-7
4.188575E-1	9.884874E-7
4.228459E-1	1.002532E-6
4.268719E-1	1.016959E-6
4.308597E-1	1.031201E-6
4.348527E-1	1.045608E-6
4.388668E-1	1.060004E-6
4.428586E-1	1.074540E-6
4.468793E-1	1.089212E-6
4.508725E-1	1.103824E-6
4.548588E-1	1.118788E-6
4.588823E-1	1.133739E-6
4.628698E-1	1.148576E-6
4.669274E-1	1.163865E-6
4.709126E-1	1.178856E-6
4.749329E-1	1.193982E-6
4.789237E-1	1.209395E-6
4.829121E-1	1.224724E-6
4.869371E-1	1.240140E-6
4.909569E-1	1.255896E-6
4.949802E-1	1.271686E-6
4.989680E-1	1.287206E-6
5.029600E-1	1.302705E-6
5.069792E-1	1.318677E-6
5.109691E-1	1.334456E-6
5.150247E-1	1.350765E-6
5.190141E-1	1.366650E-6
5.230347E-1	1.382837E-6
5.270243E-1	1.399206E-6
5.310137E-1	1.415314E-6
5.350329E-1	1.431699E-6
5.390589E-1	1.448237E-6
5.430773E-1	1.464824E-6
5.470676E-1	1.481411E-6
5.510527E-1	1.498028E-6
5.550797E-1	1.514852E-6
5.590675E-1	1.531596E-6
5.630577E-1	1.548608E-6
5.671109E-1	1.565497E-6
5.711355E-1	1.582944E-6
5.751225E-1	1.599956E-6
5.791124E-1	1.617163E-6
5.831329E-1	1.634407E-6
5.871232E-1	1.651641E-6
5.911793E-1	1.668945E-6
5.951678E-1	1.686450E-6
5.991584E-1	1.703999E-6
6.031776E-1	1.721633E-6
6.071687E-1	1.739277E-6
6.111553E-1	1.756969E-6
6.152141E-1	1.774933E-6
6.192335E-1	1.793024E-6
6.232235E-1	1.810920E-6
6.272117E-1	1.828766E-6
6.312335E-1	1.847171E-6
6.352216E-1	1.865079E-6
6.392804E-1	1.883610E-6
6.432667E-1	1.901748E-6
6.472566E-1	1.920118E-6
6.512778E-1	1.938620E-6
6.552658E-1	1.957183E-6
6.592577E-1	1.975505E-6
6.632767E-1	1.994192E-6
6.673350E-1	2.013485E-6
6.713217E-1	2.032001E-6
6.753110E-1	2.050679E-6
6.793312E-1	2.069666E-6
6.833215E-1	2.088595E-6
6.873059E-1	2.107409E-6
6.913702E-1	2.126701E-6
6.953585E-1	2.145965E-6
6.993767E-1	2.165478E-6
7.033667E-1	2.184643E-6
7.073542E-1	2.203908E-6
7.113771E-1	2.222956E-6
7.154321E-1	2.243159E-6
7.194217E-1	2.262944E-6
7.234127E-1	2.282100E-6
7.274381E-1	2.302042E-6
7.314221E-1	2.321684E-6
7.354116E-1	2.341343E-6
7.394665E-1	2.361252E-6
7.434571E-1	2.381229E-6
7.474774E-1	2.401271E-6
7.514658E-1	2.421286E-6
7.554545E-1	2.441202E-6
7.594769E-1	2.461745E-6
7.634668E-1	2.481537E-6
7.675213E-1	2.501841E-6
7.715129E-1	2.522303E-6
7.755333E-1	2.542732E-6
7.795213E-1	2.562528E-6
7.835109E-1	2.583348E-6
7.875334E-1	2.604331E-6
7.915545E-1	2.624785E-6
7.955799E-1	2.645312E-6
7.995662E-1	2.665896E-6
8.035560E-1	2.686641E-6
8.075746E-1	2.707535E-6
8.115633E-1	2.728292E-6
8.156242E-1	2.749453E-6
8.196084E-1	2.770373E-6
8.236297E-1	2.791292E-6
8.276167E-1	2.812171E-6
8.316103E-1	2.833129E-6
8.356293E-1	2.854593E-6
8.396549E-1	2.876341E-6
8.436734E-1	2.897476E-6
8.476634E-1	2.918494E-6
8.516517E-1	2.939876E-6
8.556771E-1	2.961378E-6
8.596647E-1	2.983340E-6
8.636532E-1	3.005061E-6
8.677098E-1	3.026877E-6
8.717318E-1	3.048611E-6
8.757192E-1	3.069944E-6
8.797079E-1	3.091496E-6
8.837329E-1	3.113489E-6
8.877189E-1	3.135538E-6
8.917758E-1	3.157685E-6
8.957619E-1	3.179619E-6
8.997520E-1	3.201389E-6
9.037727E-1	3.223486E-6
9.077632E-1	3.245590E-6
9.117498E-1	3.267346E-6
9.158046E-1	3.290005E-6
9.198311E-1	3.312452E-6
9.238164E-1	3.335001E-6
9.278080E-1	3.357366E-6
9.318264E-1	3.380116E-6
9.358174E-1	3.402092E-6
9.398743E-1	3.424804E-6
9.438621E-1	3.446763E-6
9.478481E-1	3.468862E-6
9.518752E-1	3.491597E-6
9.558588E-1	3.514406E-6
9.598524E-1	3.537098E-6
9.638735E-1	3.559888E-6
9.678960E-1	3.582799E-6
9.719196E-1	3.604890E-6
9.759065E-1	3.627602E-6
9.799322E-1	3.650921E-6
9.839194E-1	3.674477E-6
9.879070E-1	3.697627E-6
9.919602E-1	3.720899E-6
9.959535E-1	3.743801E-6
9.999737E-1	3.767200E-6
