Voltage (V)	Current (A)
9.999727E-1	3.702984E-6
9.959527E-1	3.679848E-6
9.919630E-1	3.657121E-6
9.879757E-1	3.633831E-6
9.839172E-1	3.611093E-6
9.799274E-1	3.588797E-6
9.759049E-1	3.566326E-6
9.719188E-1	3.542850E-6
9.678956E-1	3.520408E-6
9.639059E-1	3.497488E-6
9.598510E-1	3.475007E-6
9.558598E-1	3.451661E-6
9.518729E-1	3.429675E-6
9.478474E-1	3.407401E-6
9.438587E-1	3.385639E-6
9.398728E-1	3.363132E-6
9.358164E-1	3.340227E-6
9.318255E-1	3.318313E-6
9.278057E-1	3.295935E-6
9.238151E-1	3.274077E-6
9.198290E-1	3.252078E-6
9.158050E-1	3.230009E-6
9.117512E-1	3.207692E-6
9.077606E-1	3.185854E-6
9.037685E-1	3.164290E-6
8.997511E-1	3.142547E-6
8.957617E-1	3.120417E-6
8.917722E-1	3.098552E-6
8.877501E-1	3.077312E-6
8.837313E-1	3.055551E-6
8.797051E-1	3.033518E-6
8.757186E-1	3.012544E-6
8.717296E-1	2.991487E-6
8.677067E-1	2.969011E-6
8.637203E-1	2.948275E-6
8.596638E-1	2.926184E-6
8.556755E-1	2.904826E-6
8.516496E-1	2.883600E-6
8.476632E-1	2.862652E-6
8.436750E-1	2.841691E-6
8.396537E-1	2.820561E-6
8.356281E-1	2.799014E-6
8.316077E-1	2.777896E-6
8.276170E-1	2.757774E-6
8.236293E-1	2.736933E-6
8.196061E-1	2.715923E-6
8.156191E-1	2.695243E-6
8.115605E-1	2.674718E-6
8.075736E-1	2.654237E-6
8.035517E-1	2.633415E-6
7.995633E-1	2.613245E-6
7.955781E-1	2.592745E-6
7.915511E-1	2.572010E-6
7.875649E-1	2.551842E-6
7.835057E-1	2.531135E-6
7.795205E-1	2.511323E-6
7.755311E-1	2.490905E-6
7.715076E-1	2.470318E-6
7.675173E-1	2.450103E-6
7.635329E-1	2.430560E-6
7.594731E-1	2.410597E-6
7.554521E-1	2.390772E-6
7.514625E-1	2.370672E-6
7.474746E-1	2.350688E-6
7.434532E-1	2.331220E-6
7.394642E-1	2.311648E-6
7.354110E-1	2.291813E-6
7.314211E-1	2.272080E-6
7.274342E-1	2.252717E-6
7.234092E-1	2.233219E-6
7.194217E-1	2.213738E-6
7.154314E-1	2.194601E-6
7.113779E-1	2.175304E-6
7.073544E-1	2.155907E-6
7.033668E-1	2.137240E-6
6.993778E-1	2.117737E-6
6.953583E-1	2.099006E-6
6.913662E-1	2.080096E-6
6.873755E-1	2.061471E-6
6.833202E-1	2.042550E-6
6.793314E-1	2.023608E-6
6.753085E-1	2.005139E-6
6.713213E-1	1.986601E-6
6.673347E-1	1.967838E-6
6.633101E-1	1.949462E-6
6.592551E-1	1.930888E-6
6.552638E-1	1.912770E-6
6.512779E-1	1.894619E-6
6.472540E-1	1.875996E-6
6.432675E-1	1.857649E-6
6.392792E-1	1.840088E-6
6.352203E-1	1.821417E-6
6.312342E-1	1.804019E-6
6.272101E-1	1.785975E-6
6.232216E-1	1.768188E-6
6.192318E-1	1.750616E-6
6.152124E-1	1.732876E-6
6.111525E-1	1.715128E-6
6.071681E-1	1.697743E-6
6.031764E-1	1.680374E-6
5.991576E-1	1.662638E-6
5.951660E-1	1.645519E-6
5.911798E-1	1.628468E-6
5.871566E-1	1.611300E-6
5.831305E-1	1.594180E-6
5.791130E-1	1.577127E-6
5.751223E-1	1.560246E-6
5.711337E-1	1.543432E-6
5.671085E-1	1.526419E-6
5.631240E-1	1.509894E-6
5.590667E-1	1.493097E-6
5.550778E-1	1.476617E-6
5.510535E-1	1.459985E-6
5.470671E-1	1.443692E-6
5.430754E-1	1.427387E-6
5.390577E-1	1.411012E-6
5.350311E-1	1.394827E-6
5.310112E-1	1.378680E-6
5.270233E-1	1.362644E-6
5.230336E-1	1.347006E-6
5.190130E-1	1.331095E-6
5.150242E-1	1.315474E-6
5.109679E-1	1.299322E-6
5.069780E-1	1.283718E-6
5.029593E-1	1.268317E-6
4.989659E-1	1.253053E-6
4.949801E-1	1.237574E-6
4.909564E-1	1.222102E-6
4.869687E-1	1.206800E-6
4.829105E-1	1.191302E-6
4.789231E-1	1.176525E-6
4.749327E-1	1.161602E-6
4.709119E-1	1.146566E-6
4.669261E-1	1.131880E-6
4.629359E-1	1.117189E-6
4.588814E-1	1.102299E-6
4.548577E-1	1.087661E-6
4.508707E-1	1.073087E-6
4.468786E-1	1.058802E-6
4.428580E-1	1.044184E-6
4.388659E-1	1.030114E-6
4.348143E-1	1.015697E-6
4.308223E-1	1.001604E-6
4.268715E-1	9.876582E-7
4.228451E-1	9.737091E-7
4.188552E-1	9.598150E-7
4.148673E-1	9.461926E-7
4.108089E-1	9.323172E-7
4.067868E-1	9.184749E-7
4.027970E-1	9.051288E-7
3.988127E-1	8.916841E-7
3.947861E-1	8.781711E-7
3.907977E-1	8.648752E-7
3.868086E-1	8.517460E-7
3.827550E-1	8.384082E-7
3.787627E-1	8.253747E-7
3.747411E-1	8.122502E-7
3.707508E-1	7.994781E-7
3.667603E-1	7.865207E-7
3.627405E-1	7.738205E-7
3.586817E-1	7.609159E-7
3.546934E-1	7.483159E-7
3.507035E-1	7.359220E-7
3.466834E-1	7.233971E-7
3.426909E-1	7.110389E-7
3.387007E-1	6.987666E-7
3.346436E-1	6.863700E-7
3.306589E-1	6.743740E-7
3.266358E-1	6.622248E-7
3.226479E-1	6.501645E-7
3.186568E-1	6.384894E-7
3.146365E-1	6.265251E-7
3.105792E-1	6.145705E-7
3.065890E-1	6.030416E-7
3.026004E-1	5.915431E-7
2.985741E-1	5.799436E-7
2.945895E-1	5.686229E-7
2.905957E-1	5.573458E-7
2.865776E-1	5.460217E-7
2.825499E-1	5.347655E-7
2.785303E-1	5.236482E-7
2.745375E-1	5.126918E-7
2.705500E-1	5.018245E-7
2.665259E-1	4.908410E-7
2.625399E-1	4.802085E-7
2.584799E-1	4.693075E-7
2.544906E-1	4.587851E-7
2.504708E-1	4.481669E-7
2.464829E-1	4.377434E-7
2.424967E-1	4.274213E-7
2.384702E-1	4.171025E-7
2.344489E-1	4.068788E-7
2.304204E-1	3.967229E-7
2.264375E-1	3.867313E-7
2.224455E-1	3.768743E-7
2.184268E-1	3.669512E-7
2.144356E-1	3.571489E-7
2.103803E-1	3.473836E-7
2.063874E-1	3.378339E-7
2.023629E-1	3.282119E-7
1.983738E-1	3.188949E-7
1.943882E-1	3.095744E-7
1.903679E-1	3.003282E-7
1.863425E-1	2.910795E-7
1.823225E-1	2.819898E-7
1.783326E-1	2.730725E-7
1.743456E-1	2.642686E-7
1.703207E-1	2.554306E-7
1.663312E-1	2.467824E-7
1.623394E-1	2.382101E-7
1.582854E-1	2.296651E-7
1.542606E-1	2.212519E-7
1.502746E-1	2.130135E-7
1.462831E-1	2.048856E-7
1.422571E-1	1.967864E-7
1.382724E-1	1.889149E-7
1.342112E-1	1.809110E-7
1.302233E-1	1.732421E-7
1.262302E-1	1.656647E-7
1.222120E-1	1.581383E-7
1.182228E-1	1.507954E-7
1.142366E-1	1.435998E-7
1.101784E-1	1.364278E-7
1.061580E-1	1.293993E-7
1.021662E-1	1.225916E-7
9.817760E-2	1.159042E-7
9.415059E-2	1.093053E-7
9.016557E-2	1.028710E-7
8.611196E-2	9.655120E-8
8.212155E-2	9.037815E-8
7.813483E-2	8.444498E-8
7.410870E-2	7.861071E-8
7.012213E-2	7.294972E-8
6.612720E-2	6.747859E-8
6.211029E-2	6.214407E-8
5.805122E-2	5.694250E-8
5.406481E-2	5.198786E-8
5.007390E-2	4.716409E-8
4.605399E-2	4.253841E-8
4.205921E-2	3.804875E-8
3.807327E-2	3.380450E-8
3.401926E-2	2.962136E-8
3.002763E-2	2.569901E-8
2.600502E-2	2.188097E-8
2.201738E-2	1.823654E-8
1.802965E-2	1.474830E-8
1.400378E-2	1.135385E-8
9.949423E-3	8.004006E-9
5.955350E-3	4.823559E-9
1.970231E-3	1.685384E-9
-2.044901E-3	-1.472799E-9
-6.036427E-3	-4.500955E-9
-1.002678E-2	-7.614848E-9
-1.408371E-2	-1.079039E-8
-1.807456E-2	-1.396793E-8
-2.209473E-2	-1.726692E-8
-2.608240E-2	-2.057475E-8
-3.007585E-2	-2.400694E-8
-3.410070E-2	-2.756184E-8
-3.809419E-2	-3.122476E-8
-4.214746E-2	-3.506637E-8
-4.613850E-2	-3.896838E-8
-5.015588E-2	-4.302096E-8
-5.415130E-2	-4.721328E-8
-5.813571E-2	-5.151583E-8
-6.212778E-2	-5.595965E-8
-6.618661E-2	-6.067533E-8
-7.021084E-2	-6.535549E-8
-7.420085E-2	-7.024225E-8
-7.818887E-2	-7.519932E-8
-8.220795E-2	-8.033960E-8
-8.620263E-2	-8.563059E-8
-9.026014E-2	-9.106990E-8
-9.424534E-2	-9.648130E-8
-9.823913E-2	-1.021165E-7
-1.022630E-1	-1.079424E-7
-1.062559E-1	-1.137148E-7
-1.102417E-1	-1.196789E-7
-1.143003E-1	-1.258713E-7
-1.182884E-1	-1.320866E-7
-1.223137E-1	-1.384208E-7
-1.262993E-1	-1.448719E-7
-1.302897E-1	-1.513933E-7
-1.343140E-1	-1.581166E-7
-1.383045E-1	-1.648166E-7
-1.423669E-1	-1.718435E-7
-1.463545E-1	-1.787986E-7
-1.503456E-1	-1.858644E-7
-1.543670E-1	-1.930647E-7
-1.583565E-1	-2.003494E-7
-1.623446E-1	-2.076602E-7
-1.664052E-1	-2.152310E-7
-1.704307E-1	-2.228235E-7
-1.744219E-1	-2.305614E-7
-1.784087E-1	-2.382942E-7
-1.824304E-1	-2.462135E-7
-1.864204E-1	-2.541179E-7
-1.904788E-1	-2.623088E-7
-1.944672E-1	-2.704552E-7
-1.984547E-1	-2.786559E-7
-2.024803E-1	-2.870352E-7
-2.064678E-1	-2.953892E-7
-2.104631E-1	-3.038542E-7
-2.145173E-1	-3.126260E-7
-2.185069E-1	-3.212716E-7
-2.225303E-1	-3.300466E-7
-2.265216E-1	-3.388577E-7
-2.305118E-1	-3.477615E-7
-2.345350E-1	-3.568243E-7
-2.385247E-1	-3.659891E-7
-2.425843E-1	-3.753403E-7
-2.465699E-1	-3.846177E-7
-2.505604E-1	-3.939412E-7
-2.545854E-1	-4.034924E-7
-2.585718E-1	-4.129934E-7
-2.625644E-1	-4.225724E-7
-2.666188E-1	-4.323654E-7
-2.706416E-1	-4.422128E-7
-2.746321E-1	-4.519403E-7
-2.786267E-1	-4.619993E-7
-2.826472E-1	-4.720535E-7
-2.866362E-1	-4.820853E-7
-2.906948E-1	-4.924885E-7
-2.946840E-1	-5.026533E-7
-2.986730E-1	-5.129984E-7
-3.026962E-1	-5.234808E-7
-3.066907E-1	-5.339325E-7
-3.106782E-1	-5.445381E-7
-3.147381E-1	-5.553431E-7
-3.187260E-1	-5.660610E-7
-3.227500E-1	-5.769496E-7
-3.267363E-1	-5.877727E-7
-3.307307E-1	-5.987612E-7
-3.347499E-1	-6.098508E-7
-3.387735E-1	-6.211036E-7
-3.427968E-1	-6.323501E-7
-3.467894E-1	-6.435501E-7
-3.507777E-1	-6.548862E-7
-3.548003E-1	-6.664058E-7
-3.587908E-1	-6.778814E-7
-3.627802E-1	-6.895162E-7
-3.668401E-1	-7.012929E-7
-3.708617E-1	-7.130689E-7
-3.748519E-1	-7.248286E-7
-3.788428E-1	-7.368017E-7
-3.828329E-1	-7.487063E-7
-3.868564E-1	-7.609194E-7
-3.909130E-1	-7.731782E-7
-3.949018E-1	-7.853449E-7
-3.988925E-1	-7.976592E-7
-4.029137E-1	-8.101248E-7
-4.069024E-1	-8.224453E-7
-4.108948E-1	-8.350327E-7
-4.149498E-1	-8.477054E-7
-4.189428E-1	-8.601696E-7
-4.229637E-1	-8.730472E-7
-4.269566E-1	-8.859450E-7
-4.309450E-1	-8.988231E-7
-4.349708E-1	-9.117676E-7
-4.389916E-1	-9.248512E-7
-4.430190E-1	-9.380440E-7
-4.470070E-1	-9.512306E-7
-4.510006E-1	-9.644463E-7
-4.550217E-1	-9.779076E-7
-4.590107E-1	-9.912096E-7
-4.629988E-1	-1.004727E-6
-4.670566E-1	-1.018468E-6
-4.710821E-1	-1.032281E-6
-4.750685E-1	-1.046003E-6
-4.790171E-1	-1.059692E-6
-4.830042E-1	-1.073576E-6
-4.870301E-1	-1.087554E-6
-4.910839E-1	-1.101797E-6
-4.950764E-1	-1.115980E-6
-4.990637E-1	-1.129873E-6
-5.030876E-1	-1.144331E-6
-5.070763E-1	-1.158646E-6
-5.110659E-1	-1.173091E-6
-5.151208E-1	-1.187825E-6
-5.191123E-1	-1.202146E-6
-5.231361E-1	-1.216826E-6
-5.271234E-1	-1.231522E-6
-5.311133E-1	-1.246285E-6
-5.351339E-1	-1.261161E-6
-5.391589E-1	-1.276179E-6
-5.431800E-1	-1.291408E-6
-5.471708E-1	-1.306582E-6
-5.511602E-1	-1.321629E-6
-5.551835E-1	-1.336890E-6
-5.591714E-1	-1.352029E-6
-5.631623E-1	-1.367444E-6
-5.672180E-1	-1.383136E-6
-5.712087E-1	-1.398664E-6
-5.752315E-1	-1.414380E-6
-5.792184E-1	-1.429924E-6
-5.832103E-1	-1.445751E-6
-5.872316E-1	-1.461552E-6
-5.912911E-1	-1.477734E-6
-5.952802E-1	-1.493309E-6
-5.992683E-1	-1.509462E-6
-6.032906E-1	-1.525526E-6
-6.072822E-1	-1.541757E-6
-6.112677E-1	-1.557874E-6
-6.153245E-1	-1.574724E-6
-6.193131E-1	-1.590725E-6
-6.233385E-1	-1.607366E-6
-6.273258E-1	-1.623813E-6
-6.313154E-1	-1.640698E-6
-6.353403E-1	-1.657289E-6
-6.393597E-1	-1.674193E-6
-6.433858E-1	-1.691138E-6
-6.473709E-1	-1.708027E-6
-6.513631E-1	-1.724999E-6
-6.553871E-1	-1.742007E-6
-6.593770E-1	-1.759296E-6
-6.633651E-1	-1.776492E-6
-6.674212E-1	-1.794035E-6
-6.714097E-1	-1.810932E-6
-6.754339E-1	-1.828398E-6
-6.794196E-1	-1.845845E-6
-6.834112E-1	-1.863457E-6
-6.874343E-1	-1.881216E-6
-6.914891E-1	-1.899214E-6
-6.954830E-1	-1.916794E-6
-6.994687E-1	-1.934562E-6
-7.034941E-1	-1.952588E-6
-7.074807E-1	-1.970195E-6
-7.114733E-1	-1.988091E-6
-7.155278E-1	-2.006619E-6
-7.195191E-1	-2.024663E-6
-7.235408E-1	-2.043003E-6
-7.275320E-1	-2.061155E-6
-7.315183E-1	-2.079435E-6
-7.355433E-1	-2.097901E-6
-7.395660E-1	-2.116421E-6
-7.435890E-1	-2.135125E-6
-7.475766E-1	-2.153664E-6
-7.515649E-1	-2.171628E-6
-7.555873E-1	-2.190665E-6
-7.595764E-1	-2.209435E-6
-7.635688E-1	-2.228255E-6
-7.676218E-1	-2.247527E-6
-7.716138E-1	-2.266695E-6
-7.756340E-1	-2.285773E-6
-7.796229E-1	-2.304519E-6
-7.836121E-1	-2.323713E-6
-7.876376E-1	-2.343241E-6
-7.916959E-1	-2.362746E-6
-7.956827E-1	-2.382382E-6
-7.996722E-1	-2.401586E-6
-8.036605E-1	-2.420853E-6
-8.076840E-1	-2.440357E-6
-8.116698E-1	-2.459724E-6
-8.157279E-1	-2.479947E-6
-8.197172E-1	-2.499437E-6
-8.237396E-1	-2.519507E-6
-8.277287E-1	-2.539077E-6
-8.317198E-1	-2.558841E-6
-8.357401E-1	-2.578727E-6
-8.397671E-1	-2.598957E-6
-8.437873E-1	-2.619135E-6
-8.477760E-1	-2.639339E-6
-8.517686E-1	-2.658933E-6
-8.557881E-1	-2.679116E-6
-8.597796E-1	-2.699631E-6
-8.637661E-1	-2.720180E-6
-8.678262E-1	-2.740546E-6
-8.718153E-1	-2.760454E-6
-8.758384E-1	-2.781373E-6
-8.798258E-1	-2.801791E-6
-8.838156E-1	-2.822023E-6
-8.878366E-1	-2.843081E-6
-8.918601E-1	-2.863703E-6
-8.958831E-1	-2.884645E-6
-8.998736E-1	-2.905581E-6
-9.038628E-1	-2.926244E-6
-9.078844E-1	-2.946363E-6
-9.118736E-1	-2.967598E-6
-9.159273E-1	-2.989245E-6
-9.199187E-1	-3.010264E-6
-9.239388E-1	-3.031456E-6
-9.279332E-1	-3.052524E-6
-9.319179E-1	-3.073464E-6
-9.359442E-1	-3.095046E-6
-9.399673E-1	-3.116651E-6
-9.439890E-1	-3.138281E-6
-9.479756E-1	-3.158950E-6
-9.519676E-1	-3.180264E-6
-9.559924E-1	-3.202229E-6
-9.599792E-1	-3.223539E-6
-9.639677E-1	-3.244947E-6
-9.680221E-1	-3.266586E-6
-9.720178E-1	-3.288499E-6
-9.760343E-1	-3.310606E-6
-9.800274E-1	-3.332549E-6
-9.840147E-1	-3.353808E-6
-9.880401E-1	-3.375854E-6
-9.920604E-1	-3.397626E-6
-9.960865E-1	-3.420307E-6
-1.000072E+0	-3.442309E-6
