Voltage (V)	Current (A)
9.999813E-1	3.804313E-6
9.959589E-1	3.781238E-6
9.919627E-1	3.757696E-6
9.879792E-1	3.734063E-6
9.839224E-1	3.710473E-6
9.799314E-1	3.687618E-6
9.759058E-1	3.664236E-6
9.719217E-1	3.642015E-6
9.678972E-1	3.619311E-6
9.639087E-1	3.596547E-6
9.598503E-1	3.572960E-6
9.558597E-1	3.550525E-6
9.518764E-1	3.527822E-6
9.478508E-1	3.504701E-6
9.438610E-1	3.482223E-6
9.398736E-1	3.459380E-6
9.358191E-1	3.436426E-6
9.318321E-1	3.413854E-6
9.278094E-1	3.391723E-6
9.238154E-1	3.368897E-6
9.198335E-1	3.346725E-6
9.158071E-1	3.324798E-6
9.117569E-1	3.301868E-6
9.077684E-1	3.279426E-6
9.037747E-1	3.257204E-6
8.997522E-1	3.235382E-6
8.957651E-1	3.213276E-6
8.917781E-1	3.191440E-6
8.877536E-1	3.169074E-6
8.837352E-1	3.147395E-6
8.797050E-1	3.125091E-6
8.757195E-1	3.103842E-6
8.717349E-1	3.081408E-6
8.677086E-1	3.059656E-6
8.637191E-1	3.038499E-6
8.596696E-1	3.016085E-6
8.556782E-1	2.994390E-6
8.516515E-1	2.973221E-6
8.476713E-1	2.951520E-6
8.436775E-1	2.930242E-6
8.396579E-1	2.908638E-6
8.356343E-1	2.886497E-6
8.316147E-1	2.865515E-6
8.276205E-1	2.844026E-6
8.236321E-1	2.823060E-6
8.196099E-1	2.801684E-6
8.156207E-1	2.780666E-6
8.115650E-1	2.759044E-6
8.075776E-1	2.738009E-6
8.035581E-1	2.717214E-6
7.995639E-1	2.696322E-6
7.955810E-1	2.675067E-6
7.915534E-1	2.654791E-6
7.875684E-1	2.634173E-6
7.835081E-1	2.613282E-6
7.795217E-1	2.593020E-6
7.755325E-1	2.572494E-6
7.715072E-1	2.551554E-6
7.675238E-1	2.531126E-6
7.635357E-1	2.510927E-6
7.594767E-1	2.490913E-6
7.554551E-1	2.470198E-6
7.514657E-1	2.450013E-6
7.474769E-1	2.429951E-6
7.434565E-1	2.409740E-6
7.394662E-1	2.390013E-6
7.354137E-1	2.369569E-6
7.314267E-1	2.349857E-6
7.274368E-1	2.330229E-6
7.234126E-1	2.310265E-6
7.194253E-1	2.290727E-6
7.154343E-1	2.271019E-6
7.113809E-1	2.251170E-6
7.073556E-1	2.231444E-6
7.033681E-1	2.212307E-6
6.993736E-1	2.192603E-6
6.953624E-1	2.173341E-6
6.913680E-1	2.153816E-6
6.873779E-1	2.134634E-6
6.833215E-1	2.115204E-6
6.793316E-1	2.096344E-6
6.753102E-1	2.077179E-6
6.713185E-1	2.058418E-6
6.673388E-1	2.039692E-6
6.633107E-1	2.020378E-6
6.592597E-1	2.001173E-6
6.552665E-1	1.982435E-6
6.512779E-1	1.964391E-6
6.472556E-1	1.945398E-6
6.432695E-1	1.927008E-6
6.392822E-1	1.908614E-6
6.352257E-1	1.890072E-6
6.312370E-1	1.871865E-6
6.272098E-1	1.853374E-6
6.232253E-1	1.835269E-6
6.192352E-1	1.817271E-6
6.152115E-1	1.799034E-6
6.111557E-1	1.780800E-6
6.071667E-1	1.762869E-6
6.031786E-1	1.745336E-6
5.991580E-1	1.727475E-6
5.951646E-1	1.709895E-6
5.911815E-1	1.692018E-6
5.871560E-1	1.674580E-6
5.831342E-1	1.657107E-6
5.791118E-1	1.639697E-6
5.751210E-1	1.622311E-6
5.711347E-1	1.604912E-6
5.671118E-1	1.587691E-6
5.631264E-1	1.570814E-6
5.590698E-1	1.553519E-6
5.550785E-1	1.536727E-6
5.510539E-1	1.519641E-6
5.470648E-1	1.502919E-6
5.430775E-1	1.486266E-6
5.390577E-1	1.469656E-6
5.350352E-1	1.452878E-6
5.310181E-1	1.436347E-6
5.270248E-1	1.419809E-6
5.230350E-1	1.403495E-6
5.190167E-1	1.387018E-6
5.150217E-1	1.370998E-6
5.109686E-1	1.354633E-6
5.069814E-1	1.338687E-6
5.029613E-1	1.322718E-6
4.989698E-1	1.306799E-6
4.949826E-1	1.291006E-6
4.909587E-1	1.275008E-6
4.869698E-1	1.259503E-6
4.829128E-1	1.243719E-6
4.789225E-1	1.228307E-6
4.749328E-1	1.212934E-6
4.709142E-1	1.197468E-6
4.669276E-1	1.182165E-6
4.629367E-1	1.166918E-6
4.588857E-1	1.151607E-6
4.548609E-1	1.136481E-6
4.508753E-1	1.121648E-6
4.468807E-1	1.106624E-6
4.428588E-1	1.091972E-6
4.388678E-1	1.077108E-6
4.348123E-1	1.062199E-6
4.308258E-1	1.047683E-6
4.268367E-1	1.033284E-6
4.228108E-1	1.018879E-6
4.188227E-1	1.004643E-6
4.148720E-1	9.906424E-7
4.108129E-1	9.762746E-7
4.067887E-1	9.622260E-7
4.028028E-1	9.482868E-7
3.988116E-1	9.343451E-7
3.947868E-1	9.204494E-7
3.908019E-1	9.065042E-7
3.868123E-1	8.930019E-7
3.827606E-1	8.792478E-7
3.787662E-1	8.656459E-7
3.747447E-1	8.521941E-7
3.707544E-1	8.388236E-7
3.667608E-1	8.256385E-7
3.627464E-1	8.123006E-7
3.586857E-1	7.990643E-7
3.546968E-1	7.858972E-7
3.507080E-1	7.729532E-7
3.466877E-1	7.599934E-7
3.426947E-1	7.471180E-7
3.387062E-1	7.345656E-7
3.346479E-1	7.216616E-7
3.306628E-1	7.091364E-7
3.266407E-1	6.964254E-7
3.226458E-1	6.841880E-7
3.186617E-1	6.719217E-7
3.146427E-1	6.595650E-7
3.105804E-1	6.471479E-7
3.065926E-1	6.352003E-7
3.026023E-1	6.232120E-7
2.985746E-1	6.111740E-7
2.945941E-1	5.993970E-7
2.905999E-1	5.876576E-7
2.865798E-1	5.758578E-7
2.825526E-1	5.641066E-7
2.785337E-1	5.525657E-7
2.745446E-1	5.410662E-7
2.705538E-1	5.297623E-7
2.665285E-1	5.184294E-7
2.625409E-1	5.072146E-7
2.584822E-1	4.959144E-7
2.544945E-1	4.849387E-7
2.504727E-1	4.739483E-7
2.464880E-1	4.630578E-7
2.424994E-1	4.523043E-7
2.384715E-1	4.415776E-7
2.344560E-1	4.308397E-7
2.304215E-1	4.202164E-7
2.264383E-1	4.097829E-7
2.224509E-1	3.993980E-7
2.184300E-1	3.890884E-7
2.144403E-1	3.789102E-7
2.103855E-1	3.686248E-7
2.063898E-1	3.585918E-7
2.023666E-1	3.485306E-7
1.983763E-1	3.387371E-7
1.943888E-1	3.290658E-7
1.903687E-1	3.192843E-7
1.863451E-1	3.096533E-7
1.823273E-1	3.000920E-7
1.783358E-1	2.906828E-7
1.743491E-1	2.813892E-7
1.703273E-1	2.722676E-7
1.663365E-1	2.630644E-7
1.623428E-1	2.540901E-7
1.582900E-1	2.450820E-7
1.542650E-1	2.362149E-7
1.502806E-1	2.275260E-7
1.462854E-1	2.189589E-7
1.422637E-1	2.104099E-7
1.382769E-1	2.020636E-7
1.342171E-1	1.937026E-7
1.302261E-1	1.855329E-7
1.262341E-1	1.775959E-7
1.222157E-1	1.695868E-7
1.182266E-1	1.617948E-7
1.142399E-1	1.541735E-7
1.101831E-1	1.465330E-7
1.061609E-1	1.390857E-7
1.021716E-1	1.318541E-7
9.818190E-2	1.246908E-7
9.415495E-2	1.176484E-7
9.016744E-2	1.108639E-7
8.611240E-2	1.040658E-7
8.212403E-2	9.761386E-8
7.813697E-2	9.122990E-8
7.410795E-2	8.493018E-8
7.012834E-2	7.890418E-8
6.613082E-2	7.301990E-8
6.210960E-2	6.730113E-8
5.805300E-2	6.170933E-8
5.407063E-2	5.638384E-8
5.007570E-2	5.120829E-8
4.605566E-2	4.617361E-8
4.206408E-2	4.136454E-8
3.807775E-2	3.675816E-8
3.402120E-2	3.224149E-8
3.003061E-2	2.798030E-8
2.600737E-2	2.386551E-8
2.202045E-2	1.991406E-8
1.803491E-2	1.612244E-8
1.400304E-2	1.237605E-8
9.950398E-3	8.749423E-9
5.959287E-3	5.264115E-9
1.972237E-3	1.835333E-9
-2.043222E-3	-1.579443E-9
-6.033993E-3	-4.944344E-9
-1.002476E-2	-8.340501E-9
-1.408118E-2	-1.181272E-8
-1.807395E-2	-1.526205E-8
-2.209250E-2	-1.886345E-8
-2.607913E-2	-2.250165E-8
-3.007410E-2	-2.623897E-8
-3.410070E-2	-3.013619E-8
-3.809238E-2	-3.414275E-8
-4.214607E-2	-3.828351E-8
-4.613904E-2	-4.254398E-8
-5.015420E-2	-4.693268E-8
-5.414949E-2	-5.148976E-8
-5.813501E-2	-5.617379E-8
-6.212503E-2	-6.093505E-8
-6.618543E-2	-6.602793E-8
-7.020823E-2	-7.113737E-8
-7.419775E-2	-7.636937E-8
-7.818592E-2	-8.169893E-8
-8.220752E-2	-8.724752E-8
-8.619702E-2	-9.291198E-8
-9.025969E-2	-9.875940E-8
-9.424113E-2	-1.046172E-7
-9.823719E-2	-1.106715E-7
-1.022624E-1	-1.168390E-7
-1.062556E-1	-1.230970E-7
-1.102366E-1	-1.294785E-7
-1.142982E-1	-1.360863E-7
-1.182861E-1	-1.427236E-7
-1.223116E-1	-1.494951E-7
-1.262961E-1	-1.562646E-7
-1.302873E-1	-1.632756E-7
-1.343113E-1	-1.703395E-7
-1.383013E-1	-1.775782E-7
-1.423608E-1	-1.849809E-7
-1.463529E-1	-1.922743E-7
-1.503435E-1	-1.998027E-7
-1.543647E-1	-2.074079E-7
-1.583532E-1	-2.151684E-7
-1.623433E-1	-2.229498E-7
-1.664041E-1	-2.310002E-7
-1.704284E-1	-2.390717E-7
-1.744209E-1	-2.471126E-7
-1.784061E-1	-2.552587E-7
-1.824300E-1	-2.635749E-7
-1.864220E-1	-2.719698E-7
-1.904762E-1	-2.805577E-7
-1.944643E-1	-2.891121E-7
-1.984500E-1	-2.977222E-7
-2.024803E-1	-3.064744E-7
-2.064694E-1	-3.153393E-7
-2.104624E-1	-3.243040E-7
-2.145171E-1	-3.334131E-7
-2.185093E-1	-3.424911E-7
-2.225304E-1	-3.517688E-7
-2.265186E-1	-3.610416E-7
-2.305089E-1	-3.703516E-7
-2.345335E-1	-3.798590E-7
-2.385247E-1	-3.893195E-7
-2.425818E-1	-3.991635E-7
-2.465688E-1	-4.087844E-7
-2.505597E-1	-4.185750E-7
-2.545864E-1	-4.284384E-7
-2.585716E-1	-4.383412E-7
-2.625629E-1	-4.483646E-7
-2.666182E-1	-4.586146E-7
-2.706416E-1	-4.688189E-7
-2.746322E-1	-4.791420E-7
-2.786263E-1	-4.894274E-7
-2.826461E-1	-5.000024E-7
-2.866364E-1	-5.104774E-7
-2.906935E-1	-5.211653E-7
-2.946853E-1	-5.319469E-7
-2.986720E-1	-5.426576E-7
-3.026956E-1	-5.535781E-7
-3.066899E-1	-5.644202E-7
-3.106765E-1	-5.754163E-7
-3.147373E-1	-5.866755E-7
-3.187262E-1	-5.977961E-7
-3.227499E-1	-6.091577E-7
-3.267369E-1	-6.203680E-7
-3.307306E-1	-6.316848E-7
-3.347507E-1	-6.432600E-7
-3.387741E-1	-6.549233E-7
-3.427976E-1	-6.666348E-7
-3.467901E-1	-6.783372E-7
-3.507783E-1	-6.900570E-7
-3.548010E-1	-7.019159E-7
-3.587924E-1	-7.138348E-7
-3.627801E-1	-7.258135E-7
-3.668392E-1	-7.380762E-7
-3.708614E-1	-7.502743E-7
-3.748512E-1	-7.624960E-7
-3.788401E-1	-7.748301E-7
-3.828331E-1	-7.871289E-7
-3.868562E-1	-7.996829E-7
-3.909130E-1	-8.123333E-7
-3.948995E-1	-8.250346E-7
-3.988926E-1	-8.376436E-7
-4.029116E-1	-8.504007E-7
-4.069028E-1	-8.632160E-7
-4.108927E-1	-8.762101E-7
-4.149523E-1	-8.893873E-7
-4.189425E-1	-9.024434E-7
-4.229665E-1	-9.156150E-7
-4.269567E-1	-9.287838E-7
-4.309472E-1	-9.421010E-7
-4.349703E-1	-9.554751E-7
-4.389941E-1	-9.691656E-7
-4.430187E-1	-9.826633E-7
-4.470088E-1	-9.961514E-7
-4.510006E-1	-1.009813E-6
-4.550224E-1	-1.023647E-6
-4.590133E-1	-1.037411E-6
-4.629550E-1	-1.051293E-6
-4.670125E-1	-1.065387E-6
-4.710393E-1	-1.079643E-6
-4.750243E-1	-1.093623E-6
-4.790129E-1	-1.107861E-6
-4.830023E-1	-1.122034E-6
-4.870273E-1	-1.136508E-6
-4.910808E-1	-1.151013E-6
-4.950745E-1	-1.165568E-6
-4.990614E-1	-1.180213E-6
-5.030869E-1	-1.194928E-6
-5.070744E-1	-1.209649E-6
-5.110656E-1	-1.224541E-6
-5.151206E-1	-1.239539E-6
-5.191096E-1	-1.254358E-6
-5.231358E-1	-1.269507E-6
-5.271211E-1	-1.284606E-6
-5.311113E-1	-1.299978E-6
-5.351319E-1	-1.315534E-6
-5.391567E-1	-1.330974E-6
-5.431774E-1	-1.346282E-6
-5.471684E-1	-1.361878E-6
-5.511586E-1	-1.377183E-6
-5.551814E-1	-1.392826E-6
-5.591705E-1	-1.408639E-6
-5.631610E-1	-1.424358E-6
-5.672160E-1	-1.440296E-6
-5.712076E-1	-1.456360E-6
-5.752313E-1	-1.472423E-6
-5.792180E-1	-1.488494E-6
-5.832096E-1	-1.504591E-6
-5.872311E-1	-1.520761E-6
-5.912909E-1	-1.537368E-6
-5.952778E-1	-1.553521E-6
-5.992683E-1	-1.569883E-6
-6.032889E-1	-1.586448E-6
-6.072813E-1	-1.603041E-6
-6.112663E-1	-1.619684E-6
-6.153224E-1	-1.636740E-6
-6.193111E-1	-1.653631E-6
-6.233377E-1	-1.670211E-6
-6.273252E-1	-1.687197E-6
-6.313154E-1	-1.704176E-6
-6.353380E-1	-1.721320E-6
-6.393601E-1	-1.738758E-6
-6.433837E-1	-1.756194E-6
-6.473698E-1	-1.773541E-6
-6.513618E-1	-1.790812E-6
-6.553853E-1	-1.808269E-6
-6.593786E-1	-1.825602E-6
-6.633622E-1	-1.843054E-6
-6.674184E-1	-1.860864E-6
-6.714064E-1	-1.878647E-6
-6.754327E-1	-1.896449E-6
-6.794189E-1	-1.914184E-6
-6.834103E-1	-1.932099E-6
-6.874350E-1	-1.950227E-6
-6.914900E-1	-1.968551E-6
-6.954815E-1	-1.986825E-6
-6.994681E-1	-2.004650E-6
-7.034940E-1	-2.023064E-6
-7.074795E-1	-2.041349E-6
-7.114718E-1	-2.059272E-6
-7.155266E-1	-2.078261E-6
-7.195174E-1	-2.097030E-6
-7.235402E-1	-2.115568E-6
-7.275311E-1	-2.133881E-6
-7.315183E-1	-2.152570E-6
-7.355420E-1	-2.171134E-6
-7.395666E-1	-2.190351E-6
-7.435868E-1	-2.209338E-6
-7.475775E-1	-2.228545E-6
-7.515655E-1	-2.247209E-6
-7.555872E-1	-2.266230E-6
-7.595762E-1	-2.285301E-6
-7.635692E-1	-2.304336E-6
-7.676224E-1	-2.323962E-6
-7.716141E-1	-2.343517E-6
-7.756341E-1	-2.362769E-6
-7.796235E-1	-2.382276E-6
-7.836115E-1	-2.402036E-6
-7.876364E-1	-2.421448E-6
-7.916948E-1	-2.441417E-6
-7.956820E-1	-2.460740E-6
-7.996723E-1	-2.480273E-6
-8.036621E-1	-2.500355E-6
-8.076833E-1	-2.520296E-6
-8.116699E-1	-2.539843E-6
-8.157290E-1	-2.560345E-6
-8.197178E-1	-2.580278E-6
-8.237396E-1	-2.600619E-6
-8.277270E-1	-2.620708E-6
-8.317216E-1	-2.640609E-6
-8.357407E-1	-2.660833E-6
-8.397661E-1	-2.681200E-6
-8.437847E-1	-2.701755E-6
-8.477744E-1	-2.721583E-6
-8.517680E-1	-2.742020E-6
-8.557872E-1	-2.762926E-6
-8.597802E-1	-2.783177E-6
-8.637668E-1	-2.804262E-6
-8.678252E-1	-2.825185E-6
-8.718143E-1	-2.845879E-6
-8.758359E-1	-2.866425E-6
-8.798242E-1	-2.887452E-6
-8.838146E-1	-2.908024E-6
-8.878353E-1	-2.929162E-6
-8.918591E-1	-2.950160E-6
-8.958824E-1	-2.971318E-6
-8.998707E-1	-2.992376E-6
-9.038628E-1	-3.013692E-6
-9.078822E-1	-3.034835E-6
-9.118724E-1	-3.056052E-6
-9.159269E-1	-3.077810E-6
-9.199186E-1	-3.098562E-6
-9.239386E-1	-3.120241E-6
-9.279328E-1	-3.141608E-6
-9.319187E-1	-3.163411E-6
-9.359418E-1	-3.185041E-6
-9.399650E-1	-3.207293E-6
-9.439868E-1	-3.228626E-6
-9.479744E-1	-3.250534E-6
-9.519662E-1	-3.271606E-6
-9.559913E-1	-3.293615E-6
-9.599788E-1	-3.315486E-6
-9.639688E-1	-3.337453E-6
-9.680230E-1	-3.360040E-6
-9.720130E-1	-3.381674E-6
-9.760342E-1	-3.403769E-6
-9.800276E-1	-3.425898E-6
-9.840146E-1	-3.447739E-6
-9.880389E-1	-3.470336E-6
-9.920581E-1	-3.492866E-6
-9.960855E-1	-3.515064E-6
-1.000072E+0	-3.537426E-6
