Voltage (V)	Current (A)
-1.000072E+0	-1.901861E-6
-9.960896E-1	-1.884516E-6
-9.920572E-1	-1.867030E-6
-9.880812E-1	-1.849838E-6
-9.840176E-1	-1.832574E-6
-9.800254E-1	-1.815253E-6
-9.760400E-1	-1.798547E-6
-9.720138E-1	-1.781367E-6
-9.680298E-1	-1.764628E-6
-9.640356E-1	-1.747652E-6
-9.599794E-1	-1.730449E-6
-9.559756E-1	-1.713755E-6
-9.519618E-1	-1.697092E-6
-9.479744E-1	-1.680341E-6
-9.439868E-1	-1.663940E-6
-9.399701E-1	-1.647416E-6
-9.359408E-1	-1.630769E-6
-9.319187E-1	-1.614486E-6
-9.279346E-1	-1.597978E-6
-9.239378E-1	-1.581869E-6
-9.199178E-1	-1.565638E-6
-9.159293E-1	-1.549277E-6
-9.118790E-1	-1.533154E-6
-9.078847E-1	-1.517152E-6
-5.649132E-2	-1.501185E-6
-8.998760E-1	-1.485108E-6
-8.958811E-1	-1.469813E-6
-8.918597E-1	-1.453639E-6
-8.878761E-1	-1.438107E-6
-8.838235E-1	-1.422180E-6
-8.798287E-1	-1.406700E-6
-8.758377E-1	-1.391310E-6
-8.718132E-1	-1.375821E-6
-8.678188E-1	-1.360565E-6
-8.638288E-1	-1.345222E-6
-8.597763E-1	-1.330032E-6
-8.557805E-1	-1.314921E-6
-8.517661E-1	-1.299776E-6
-8.477716E-1	-1.284695E-6
-8.437858E-1	-1.270098E-6
-8.397638E-1	-1.255217E-6
-8.357362E-1	-1.240365E-6
-8.317199E-1	-1.225494E-6
-8.277198E-1	-1.210908E-6
-8.237423E-1	-1.196494E-6
-8.197227E-1	-1.181993E-6
-8.157260E-1	-1.167567E-6
-8.116754E-1	-1.153143E-6
-8.076882E-1	-1.138959E-6
-8.036604E-1	-1.124801E-6
-7.996716E-1	-1.110814E-6
-7.956823E-1	-1.096978E-6
-7.917008E-1	-1.083194E-6
-7.876726E-1	-1.069322E-6
-7.836156E-1	-1.055531E-6
-7.796233E-1	-1.041887E-6
-7.756339E-1	-1.028356E-6
-7.716110E-1	-1.014888E-6
-7.676245E-1	-1.001615E-6
-7.636749E-1	-9.883332E-7
-7.596145E-1	-9.751600E-7
-7.556200E-1	-9.620784E-7
-7.516001E-1	-9.490147E-7
-7.476137E-1	-9.361704E-7
-7.436245E-1	-9.234274E-7
-7.395985E-1	-9.105506E-7
-7.355790E-1	-8.978680E-7
-7.315552E-1	-8.852875E-7
-7.275684E-1	-8.728592E-7
-7.235661E-1	-8.605094E-7
-7.195502E-1	-8.482353E-7
-7.155550E-1	-8.360353E-7
-7.115080E-1	-8.239431E-7
-7.075138E-1	-8.119408E-7
-7.035211E-1	-8.000187E-7
-6.994939E-1	-7.882020E-7
-6.955107E-1	-7.765868E-7
-6.915221E-1	-7.650252E-7
-6.874943E-1	-7.534107E-7
-6.834353E-1	-7.418281E-7
-6.794446E-1	-7.305348E-7
-6.754637E-1	-7.193871E-7
-6.714365E-1	-7.081746E-7
-6.674503E-1	-6.971907E-7
-4.146604E-2	-6.862321E-7
-6.593958E-1	-6.753296E-7
-6.554102E-1	-6.645696E-7
-6.513880E-1	-6.540065E-7
-6.473957E-1	-6.435690E-7
-6.434158E-1	-6.332165E-7
-6.393825E-1	-6.227855E-7
-6.353689E-1	-6.125172E-7
-6.313413E-1	-6.024131E-7
-6.273496E-1	-5.923708E-7
-6.233585E-1	-5.825167E-7
-6.193383E-1	-5.726718E-7
-6.153454E-1	-5.630254E-7
-6.112880E-1	-5.532908E-7
-6.073034E-1	-5.438266E-7
-6.033125E-1	-5.344236E-7
-5.992875E-1	-5.250959E-7
-3.720549E-2	-5.159983E-7
-5.913092E-1	-5.070790E-7
-5.872795E-1	-4.979564E-7
-5.832275E-1	-4.890444E-7
-5.792424E-1	-4.802529E-7
-5.752544E-1	-4.716240E-7
-5.712248E-1	-4.630437E-7
-5.672349E-1	-4.546552E-7
-5.632457E-1	-4.463605E-7
-5.591812E-1	-4.379921E-7
-5.552005E-1	-4.299302E-7
-5.511771E-1	-4.218311E-7
-5.471848E-1	-4.140005E-7
-5.431963E-1	-4.061499E-7
-5.391786E-1	-3.983606E-7
-5.351517E-1	-3.907196E-7
-5.311258E-1	-3.831790E-7
-5.271292E-1	-3.758273E-7
-5.231505E-1	-3.684961E-7
-5.191295E-1	-3.612356E-7
-5.151387E-1	-3.542013E-7
-5.110748E-1	-3.471326E-7
-5.070751E-1	-3.402341E-7
-5.030960E-1	-3.334550E-7
-4.990768E-1	-3.267553E-7
-4.950884E-1	-3.200862E-7
-4.910927E-1	-3.135985E-7
-4.870747E-1	-3.071815E-7
-4.830160E-1	-3.007087E-7
-4.790234E-1	-2.945888E-7
-4.750325E-1	-2.884988E-7
-4.710488E-1	-2.825953E-7
-4.670109E-1	-2.765535E-7
-4.630318E-1	-2.707563E-7
-4.589805E-1	-2.649302E-7
-4.549923E-1	-2.592939E-7
-4.509691E-1	-2.537098E-7
-4.469724E-1	-2.483173E-7
-4.429807E-1	-2.429993E-7
-4.389620E-1	-2.377172E-7
-4.349465E-1	-2.325066E-7
-4.309141E-1	-2.273897E-7
-4.269284E-1	-2.223919E-7
-4.229358E-1	-2.175086E-7
-4.189150E-1	-2.126810E-7
-4.149196E-1	-2.079422E-7
-4.108738E-1	-2.032651E-7
-4.068812E-1	-1.986570E-7
-4.028808E-1	-1.941708E-7
-3.988666E-1	-1.897597E-7
-3.948604E-1	-1.854782E-7
-3.908909E-1	-1.812744E-7
-3.868637E-1	-1.770999E-7
-3.828159E-1	-1.729976E-7
-3.788151E-1	-1.690203E-7
-3.748271E-1	-1.650970E-7
-3.708300E-1	-1.612180E-7
-3.668145E-1	-1.574200E-7
-3.628279E-1	-1.537415E-7
-3.587672E-1	-1.501029E-7
-3.547792E-1	-1.465267E-7
-3.507451E-1	-1.429750E-7
-3.467682E-1	-1.395975E-7
-3.427721E-1	-1.361923E-7
-3.387518E-1	-1.328597E-7
-3.347376E-1	-1.296265E-7
-3.307067E-1	-1.263923E-7
-3.267196E-1	-1.232823E-7
-3.227375E-1	-1.202007E-7
-3.187048E-1	-1.172061E-7
-3.147166E-1	-1.142274E-7
-3.106674E-1	-1.113284E-7
-3.066715E-1	-1.084925E-7
-3.026788E-1	-1.057282E-7
-2.986549E-1	-1.030215E-7
-2.946741E-1	-1.003448E-7
-2.906833E-1	-9.770899E-8
-2.866514E-1	-9.511014E-8
-2.826308E-1	-9.256673E-8
-2.786100E-1	-9.014046E-8
-2.746155E-1	-8.768855E-8
-2.706291E-1	-8.535343E-8
-2.666020E-1	-8.296313E-8
-2.626176E-1	-8.067990E-8
-2.585634E-1	-7.847680E-8
-2.545659E-1	-7.619994E-8
-2.505430E-1	-7.401281E-8
-2.465561E-1	-7.193569E-8
-2.425741E-1	-6.984033E-8
-2.385803E-1	-6.781353E-8
-2.345263E-1	-6.575961E-8
-2.304990E-1	-6.379345E-8
-2.265124E-1	-6.181066E-8
-2.225220E-1	-5.993591E-8
-2.185006E-1	-5.808472E-8
-2.145071E-1	-5.624516E-8
-2.104541E-1	-5.444169E-8
-2.064609E-1	-5.272207E-8
-2.024667E-1	-5.098511E-8
-1.984453E-1	-4.928723E-8
-1.944577E-1	-4.766445E-8
-1.904745E-1	-4.602376E-8
-1.864132E-1	-4.436192E-8
-1.824155E-1	-4.286703E-8
-1.783919E-1	-4.126362E-8
-1.744119E-1	-3.975495E-8
-1.704141E-1	-3.826780E-8
-1.663994E-1	-3.686759E-8
-1.624052E-1	-3.537319E-8
-1.583488E-1	-3.400367E-8
-1.543652E-1	-3.268939E-8
-1.503398E-1	-3.132599E-8
-1.463432E-1	-3.000098E-8
-1.423509E-1	-2.874624E-8
-1.383702E-1	-2.750042E-8
-1.343067E-1	-2.628353E-8
-1.302840E-1	-2.510951E-8
-1.263006E-1	-2.390990E-8
-1.222992E-1	-2.281797E-8
-1.182849E-1	-2.168033E-8
-1.142881E-1	-2.061963E-8
-1.102242E-1	-1.958935E-8
-1.062474E-1	-1.857927E-8
-1.022559E-1	-1.759028E-8
-9.823444E-2	-1.663010E-8
-9.424257E-2	-1.568663E-8
-9.024803E-2	-1.475031E-8
-8.619951E-2	-1.384977E-8
-8.220721E-2	-1.298786E-8
-7.818449E-2	-1.215444E-8
-7.419893E-2	-1.133804E-8
-7.019327E-2	-1.057927E-8
-6.617477E-2	-9.785333E-9
-6.218985E-2	-9.013729E-9
-5.813416E-2	-8.323023E-9
-5.415284E-2	-7.626986E-9
-5.015729E-2	-6.928519E-9
-4.613777E-2	-6.272467E-9
-4.214165E-2	-5.630855E-9
-3.816289E-2	-4.994790E-9
-3.409141E-2	-4.391994E-9
-3.007111E-2	-3.805877E-9
-2.608221E-2	-3.219467E-9
-2.209448E-2	-2.657351E-9
-1.807855E-2	-2.110878E-9
-1.408182E-2	-1.570977E-9
-1.002308E-2	-9.983530E-10
-6.030556E-3	-5.074409E-10
-2.042887E-3	5.301135E-11
1.977590E-3	6.172020E-10
5.952151E-3	1.100030E-9
9.948716E-3	1.641889E-9
1.400594E-2	2.192261E-9
1.802537E-2	2.741494E-9
2.201963E-2	3.304923E-9
2.600678E-2	3.933392E-9
3.002515E-2	4.522516E-9
3.401700E-2	5.138502E-9
3.800967E-2	5.803239E-9
4.205639E-2	6.487102E-9
4.605681E-2	7.178427E-9
5.007622E-2	7.940006E-9
5.406107E-2	8.698363E-9
5.804976E-2	9.493354E-9
6.207432E-2	1.033191E-8
6.613471E-2	1.119377E-8
7.012480E-2	1.205552E-8
7.410628E-2	1.300034E-8
7.813777E-2	1.393228E-8
8.212299E-2	1.493056E-8
8.611090E-2	1.594712E-8
9.016455E-2	1.700731E-8
9.414048E-2	1.803847E-8
9.816860E-2	1.918138E-8
1.021627E-1	2.035449E-8
1.061620E-1	2.150855E-8
1.101847E-1	2.271247E-8
1.142366E-1	2.401379E-8
1.182212E-1	2.526945E-8
1.222152E-1	2.651700E-8
1.262290E-1	2.786310E-8
1.302164E-1	2.924030E-8
1.342062E-1	3.063519E-8
1.382406E-1	3.207445E-8
1.422499E-1	3.349838E-8
1.462690E-1	3.498508E-8
1.502673E-1	3.651759E-8
1.542549E-1	3.811024E-8
1.582755E-1	3.968666E-8
1.622642E-1	4.131168E-8
1.663204E-1	4.296918E-8
1.703145E-1	4.469552E-8
1.743369E-1	4.635802E-8
1.783257E-1	4.809556E-8
1.823079E-1	4.987113E-8
1.863344E-1	5.168989E-8
1.903537E-1	5.362891E-8
1.943822E-1	5.544817E-8
1.983627E-1	5.737069E-8
2.023514E-1	5.934148E-8
2.063797E-1	6.125570E-8
2.103809E-1	6.331308E-8
2.144243E-1	6.536333E-8
2.184154E-1	6.748757E-8
2.224346E-1	6.958016E-8
2.264266E-1	7.176471E-8
2.304089E-1	7.395265E-8
2.344373E-1	7.621955E-8
2.384198E-1	7.842433E-8
2.424809E-1	8.071324E-8
2.464789E-1	8.303819E-8
2.504539E-1	8.542262E-8
2.544783E-1	8.782109E-8
2.584647E-1	9.024772E-8
2.624580E-1	9.272405E-8
2.665079E-1	9.526867E-8
2.705352E-1	9.786175E-8
2.745202E-1	1.003711E-7
2.785128E-1	1.029794E-7
2.825357E-1	1.056960E-7
2.865218E-1	1.083137E-7
2.905765E-1	1.111398E-7
2.945703E-1	1.138235E-7
2.985586E-1	1.166829E-7
3.025708E-1	1.197020E-7
3.065756E-1	1.225437E-7
3.105638E-1	1.255234E-7
3.146172E-1	1.283940E-7
3.186368E-1	1.316498E-7
3.226218E-1	1.347493E-7
3.266120E-1	1.377790E-7
3.306412E-1	1.410789E-7
3.346203E-1	1.441869E-7
3.386775E-1	1.475625E-7
3.426763E-1	1.509417E-7
3.466600E-1	1.542820E-7
3.506768E-1	1.577124E-7
3.546806E-1	1.611971E-7
3.586586E-1	1.647666E-7
3.626917E-1	1.683841E-7
3.667419E-1	1.722891E-7
3.707245E-1	1.759591E-7
3.747194E-1	1.795344E-7
3.787376E-1	1.834704E-7
3.827328E-1	1.873156E-7
3.867064E-1	1.911378E-7
3.907695E-1	1.952794E-7
3.947645E-1	1.993636E-7
3.987866E-1	2.035842E-7
4.027723E-1	2.076682E-7
4.067558E-1	2.120088E-7
4.107744E-1	2.163049E-7
4.148395E-1	2.208196E-7
4.188311E-1	2.252773E-7
4.228240E-1	2.298051E-7
4.268407E-1	2.343956E-7
4.308289E-1	2.389991E-7
4.348090E-1	2.437643E-7
4.388703E-1	2.486281E-7
4.428687E-1	2.534373E-7
4.468800E-1	2.585008E-7
4.508781E-1	2.635763E-7
4.548624E-1	2.687218E-7
4.588948E-1	2.739070E-7
4.628752E-1	2.790747E-7
4.669292E-1	2.846406E-7
4.709184E-1	2.900071E-7
4.749348E-1	2.955334E-7
4.789287E-1	3.011191E-7
4.829240E-1	3.066599E-7
4.869352E-1	3.125054E-7
4.909602E-1	3.183512E-7
4.949818E-1	3.244003E-7
4.989787E-1	3.303542E-7
5.029646E-1	3.363732E-7
5.069837E-1	3.425180E-7
5.109691E-1	3.486793E-7
5.150281E-1	3.549597E-7
5.190140E-1	3.613648E-7
5.230440E-1	3.678994E-7
5.270280E-1	3.742730E-7
5.310268E-1	3.810497E-7
5.350394E-1	3.877693E-7
5.390713E-1	3.944827E-7
5.430803E-1	4.014246E-7
5.470777E-1	4.085447E-7
5.510595E-1	4.154981E-7
5.550817E-1	4.226709E-7
5.590764E-1	4.298733E-7
5.630571E-1	4.371085E-7
5.671180E-1	4.447081E-7
5.711542E-1	4.522513E-7
5.751306E-1	4.597482E-7
5.791205E-1	4.675135E-7
5.831405E-1	4.751697E-7
5.871305E-1	4.829025E-7
5.911995E-1	4.909998E-7
5.951824E-1	4.990678E-7
5.991676E-1	5.070292E-7
6.031846E-1	5.151729E-7
6.071723E-1	5.233416E-7
6.111726E-1	5.316735E-7
6.152217E-1	5.401668E-7
6.192463E-1	5.488947E-7
6.232423E-1	5.575239E-7
6.272296E-1	5.660721E-7
6.312379E-1	5.749097E-7
6.352294E-1	5.836810E-7
6.392983E-1	5.928065E-7
6.432879E-1	6.018070E-7
6.472673E-1	6.109293E-7
6.512877E-1	6.203329E-7
6.552815E-1	6.294396E-7
6.592756E-1	6.388361E-7
6.632900E-1	6.483081E-7
6.673504E-1	6.579503E-7
6.713361E-1	6.676001E-7
6.753247E-1	6.772033E-7
6.793553E-1	6.871015E-7
6.833342E-1	6.971344E-7
6.873212E-1	7.068969E-7
6.913896E-1	7.171610E-7
6.953735E-1	7.273147E-7
6.993866E-1	7.376911E-7
7.033779E-1	7.478425E-7
7.073740E-1	7.581665E-7
7.113978E-1	7.686639E-7
7.154520E-1	7.795537E-7
7.194412E-1	7.900564E-7
7.234296E-1	8.009004E-7
7.274523E-1	8.118381E-7
7.314431E-1	8.227668E-7
7.354333E-1	8.336864E-7
7.394824E-1	8.451457E-7
7.434837E-1	8.562667E-7
7.475064E-1	8.675828E-7
7.514931E-1	8.787775E-7
7.554726E-1	8.902508E-7
7.595005E-1	9.018619E-7
7.634864E-1	9.134947E-7
7.675421E-1	9.252440E-7
7.715376E-1	9.369825E-7
7.755623E-1	9.490146E-7
7.795408E-1	9.608075E-7
7.835365E-1	9.728598E-7
7.875660E-1	9.850816E-7
7.915780E-1	9.973763E-7
7.956061E-1	1.009685E-6
7.995977E-1	1.022021E-6
8.035530E-1	1.034431E-6
8.075651E-1	1.046918E-6
8.115554E-1	1.059433E-6
8.156151E-1	1.072352E-6
8.195985E-1	1.085057E-6
8.236159E-1	1.097950E-6
8.275993E-1	1.111028E-6
8.316021E-1	1.124040E-6
8.356165E-1	1.137224E-6
8.396476E-1	1.150580E-6
8.436571E-1	1.163785E-6
8.476468E-1	1.177174E-6
8.516421E-1	1.190443E-6
8.556637E-1	1.204172E-6
8.596551E-1	1.217706E-6
8.636482E-1	1.231297E-6
8.676971E-1	1.245472E-6
8.717219E-1	1.259093E-6
8.757066E-1	1.273101E-6
8.796912E-1	1.287126E-6
8.837175E-1	1.301234E-6
8.877080E-1	1.315296E-6
8.917642E-1	1.329713E-6
8.957521E-1	1.343845E-6
8.997518E-1	1.358391E-6
9.037615E-1	1.372936E-6
9.077598E-1	1.387378E-6
9.117358E-1	1.401868E-6
9.157912E-1	1.416837E-6
9.198167E-1	1.431620E-6
9.238076E-1	1.446414E-6
9.277929E-1	1.461306E-6
9.318222E-1	1.476243E-6
9.358136E-1	1.491262E-6
9.398614E-1	1.506619E-6
9.438480E-1	1.521783E-6
9.478320E-1	1.536939E-6
9.518646E-1	1.552409E-6
9.558407E-1	1.567650E-6
9.598390E-1	1.583235E-6
9.638588E-1	1.598909E-6
9.678810E-1	1.614637E-6
9.719034E-1	1.630343E-6
9.759051E-1	1.646089E-6
9.799196E-1	1.662112E-6
9.839038E-1	1.677815E-6
9.878909E-1	1.693640E-6
9.919487E-1	1.709847E-6
9.959469E-1	1.725945E-6
9.999595E-1	1.742201E-6
