Voltage (V)	Current (A)
9.999684E-1	2.858723E-6
9.959490E-1	2.837841E-6
9.919577E-1	2.817116E-6
9.879702E-1	2.796277E-6
9.839104E-1	2.775217E-6
9.799206E-1	2.754495E-6
9.759024E-1	2.733893E-6
9.719139E-1	2.713217E-6
9.678946E-1	2.692630E-6
9.638991E-1	2.672223E-6
9.598469E-1	2.651425E-6
9.558532E-1	2.631115E-6
9.518685E-1	2.610793E-6
9.478434E-1	2.590597E-6
9.438567E-1	2.570092E-6
9.398686E-1	2.550148E-6
9.358119E-1	2.529935E-6
9.318222E-1	2.509788E-6
9.278042E-1	2.489825E-6
9.238146E-1	2.469804E-6
9.198284E-1	2.449753E-6
9.157995E-1	2.430036E-6
9.117456E-1	2.409624E-6
9.077516E-1	2.390179E-6
9.037681E-1	2.370643E-6
8.997486E-1	2.350903E-6
8.957564E-1	2.331476E-6
8.917699E-1	2.311937E-6
8.877451E-1	2.292287E-6
8.837231E-1	2.272877E-6
8.797010E-1	2.253437E-6
8.757175E-1	2.234286E-6
8.717228E-1	2.215058E-6
8.677074E-1	2.195756E-6
8.637161E-1	2.176907E-6
8.596603E-1	2.157569E-6
8.556728E-1	2.138722E-6
8.516450E-1	2.119425E-6
8.476616E-1	2.100751E-6
8.436695E-1	2.081824E-6
8.396504E-1	2.063349E-6
8.356239E-1	2.044527E-6
8.316049E-1	2.025856E-6
8.276139E-1	2.007493E-6
8.236215E-1	1.988841E-6
8.196047E-1	1.970129E-6
8.156151E-1	1.951855E-6
8.115549E-1	1.933398E-6
8.075713E-1	1.915370E-6
8.035489E-1	1.896805E-6
7.995569E-1	1.878991E-6
7.955648E-1	1.860869E-6
7.915474E-1	1.842844E-6
7.875592E-1	1.825059E-6
7.835035E-1	1.807068E-6
7.795181E-1	1.789495E-6
7.755297E-1	1.771774E-6
7.715063E-1	1.754148E-6
7.675130E-1	1.736622E-6
7.635283E-1	1.719143E-6
7.594698E-1	1.701270E-6
7.554498E-1	1.683984E-6
7.514614E-1	1.666659E-6
7.474755E-1	1.649586E-6
7.434477E-1	1.632498E-6
7.394590E-1	1.615552E-6
7.354100E-1	1.598335E-6
7.314188E-1	1.581344E-6
7.274289E-1	1.564773E-6
7.234055E-1	1.548146E-6
7.194201E-1	1.531445E-6
7.154250E-1	1.514961E-6
7.113725E-1	1.498198E-6
7.073511E-1	1.481751E-6
7.033636E-1	1.465583E-6
6.993691E-1	1.449365E-6
6.953534E-1	1.433128E-6
6.913635E-1	1.416856E-6
6.873719E-1	1.401134E-6
6.833175E-1	1.385007E-6
6.793250E-1	1.369366E-6
6.753054E-1	1.353486E-6
6.713138E-1	1.337820E-6
6.673305E-1	1.322232E-6
6.633053E-1	1.306517E-6
6.592544E-1	1.290910E-6
6.552613E-1	1.275461E-6
6.512768E-1	1.260346E-6
6.472493E-1	1.245088E-6
6.432645E-1	1.230125E-6
6.392735E-1	1.215178E-6
6.352178E-1	1.199860E-6
6.312299E-1	1.185209E-6
6.272061E-1	1.170337E-6
6.232162E-1	1.155825E-6
6.192287E-1	1.141177E-6
6.152060E-1	1.126768E-6
6.111491E-1	1.112218E-6
6.071646E-1	1.098004E-6
6.031740E-1	1.083862E-6
5.991547E-1	1.069544E-6
5.951605E-1	1.055643E-6
5.911773E-1	1.041688E-6
5.871556E-1	1.027777E-6
5.831290E-1	1.014000E-6
5.791044E-1	1.000287E-6
5.751494E-1	9.868046E-7
5.711647E-1	9.735063E-7
5.671405E-1	9.600153E-7
5.631553E-1	9.468113E-7
5.590932E-1	9.333778E-7
5.551103E-1	9.203269E-7
5.510834E-1	9.071841E-7
5.470968E-1	8.943852E-7
5.431071E-1	8.815624E-7
5.390832E-1	8.687517E-7
5.350618E-1	8.559964E-7
5.310408E-1	8.434717E-7
5.270501E-1	8.308443E-7
5.230597E-1	8.187302E-7
5.190396E-1	8.063619E-7
5.150469E-1	7.941890E-7
5.109911E-1	7.820228E-7
5.070018E-1	7.700182E-7
5.029811E-1	7.580742E-7
4.989886E-1	7.462821E-7
4.950056E-1	7.345303E-7
4.909779E-1	7.228142E-7
4.869897E-1	7.113988E-7
4.829339E-1	6.998078E-7
4.789445E-1	6.885667E-7
4.749543E-1	6.772502E-7
4.709308E-1	6.657865E-7
4.669447E-1	6.548296E-7
4.629558E-1	6.439389E-7
4.589015E-1	6.328378E-7
4.548765E-1	6.224412E-7
4.508904E-1	6.117590E-7
4.468967E-1	6.008316E-7
4.428753E-1	5.903296E-7
4.388849E-1	5.800512E-7
4.348336E-1	5.694361E-7
4.308350E-1	5.593229E-7
4.268540E-1	5.493562E-7
4.228260E-1	5.391937E-7
4.188398E-1	5.293206E-7
4.148503E-1	5.194760E-7
4.107908E-1	5.097873E-7
4.067706E-1	4.998550E-7
4.027828E-1	4.902467E-7
3.987939E-1	4.811596E-7
3.947692E-1	4.713967E-7
3.907812E-1	4.621711E-7
3.867940E-1	4.530791E-7
3.827395E-1	4.436544E-7
3.787465E-1	4.347375E-7
3.747216E-1	4.259009E-7
3.707330E-1	4.169875E-7
3.667499E-1	4.084187E-7
3.627268E-1	3.998807E-7
3.586670E-1	3.910854E-7
3.546780E-1	3.826640E-7
3.506912E-1	3.743487E-7
3.466664E-1	3.660752E-7
3.426785E-1	3.578358E-7
3.386847E-1	3.497931E-7
3.346290E-1	3.417952E-7
3.306482E-1	3.339822E-7
3.266228E-1	3.261415E-7
3.226313E-1	3.183955E-7
3.186456E-1	3.108818E-7
3.146247E-1	3.032987E-7
3.105673E-1	2.957587E-7
3.065758E-1	2.885621E-7
3.025886E-1	2.812971E-7
2.985634E-1	2.741793E-7
2.945766E-1	2.672264E-7
2.905913E-1	2.602380E-7
2.865668E-1	2.533710E-7
2.825413E-1	2.465896E-7
2.785194E-1	2.398981E-7
2.745261E-1	2.333130E-7
2.705394E-1	2.268572E-7
2.665175E-1	2.205243E-7
2.625291E-1	2.142958E-7
2.584719E-1	2.081192E-7
2.544887E-1	2.020180E-7
2.504630E-1	1.960413E-7
2.464771E-1	1.902488E-7
2.424908E-1	1.844980E-7
2.384642E-1	1.788322E-7
2.344422E-1	1.732809E-7
2.304151E-1	1.676788E-7
2.264317E-1	1.623765E-7
2.224349E-1	1.571152E-7
2.184188E-1	1.518910E-7
2.144291E-1	1.468481E-7
2.103765E-1	1.418353E-7
2.063818E-1	1.369079E-7
2.023557E-1	1.320632E-7
1.983692E-1	1.274431E-7
1.943845E-1	1.227845E-7
1.903659E-1	1.182433E-7
1.863370E-1	1.138885E-7
1.823196E-1	1.095021E-7
1.783303E-1	1.053094E-7
1.743403E-1	1.011740E-7
1.703177E-1	9.707965E-8
1.663256E-1	9.309808E-8
1.623350E-1	8.928627E-8
1.582842E-1	8.546070E-8
1.542564E-1	8.174833E-8
1.502722E-1	7.814462E-8
1.462805E-1	7.466178E-8
1.422560E-1	7.123874E-8
1.382726E-1	6.792008E-8
1.342084E-1	6.465132E-8
1.302227E-1	6.147571E-8
1.262321E-1	5.844509E-8
1.222118E-1	5.545510E-8
1.182223E-1	5.253287E-8
1.142342E-1	4.971004E-8
1.101777E-1	4.694111E-8
1.061604E-1	4.428918E-8
1.021609E-1	4.173120E-8
9.818844E-2	3.926313E-8
9.415086E-2	3.685786E-8
9.016762E-2	3.451328E-8
8.610953E-2	3.226932E-8
8.212623E-2	3.011306E-8
7.813139E-2	2.805761E-8
7.411097E-2	2.601625E-8
7.012431E-2	2.412707E-8
6.612663E-2	2.226506E-8
6.210956E-2	2.049836E-8
5.805232E-2	1.880773E-8
5.407061E-2	1.714349E-8
5.007805E-2	1.559839E-8
4.605021E-2	1.410773E-8
4.206053E-2	1.266787E-8
3.807742E-2	1.131071E-8
3.402475E-2	9.995964E-9
3.002868E-2	8.754752E-9
2.600988E-2	7.547781E-9
2.202059E-2	6.401927E-9
1.803408E-2	5.294665E-9
1.400737E-2	4.193935E-9
9.953380E-3	3.093670E-9
5.958317E-3	2.061526E-9
1.973147E-3	1.015811E-9
-2.040118E-3	-8.034935E-11
-6.034463E-3	-1.067659E-9
-1.002294E-2	-2.170665E-9
-1.407994E-2	-3.305734E-9
-1.807153E-2	-4.447336E-9
-2.208879E-2	-5.651723E-9
-2.607572E-2	-6.900148E-9
-3.007429E-2	-8.191690E-9
-3.409591E-2	-9.572500E-9
-3.808832E-2	-1.096850E-8
-4.214338E-2	-1.248523E-8
-4.613431E-2	-1.402945E-8
-5.014529E-2	-1.568115E-8
-5.414354E-2	-1.742439E-8
-5.813177E-2	-1.917633E-8
-6.212092E-2	-2.104874E-8
-6.617901E-2	-2.304440E-8
-7.020563E-2	-2.513470E-8
-7.419755E-2	-2.722029E-8
-7.818711E-2	-2.944624E-8
-8.220062E-2	-3.174737E-8
-8.618727E-2	-3.415029E-8
-9.025826E-2	-3.665754E-8
-9.423967E-2	-3.922080E-8
-9.823505E-2	-4.190987E-8
-1.022589E-1	-4.470036E-8
-1.062483E-1	-4.756399E-8
-1.102343E-1	-5.050991E-8
-1.142932E-1	-5.358358E-8
-1.182831E-1	-5.673796E-8
-1.223034E-1	-5.999296E-8
-1.262906E-1	-6.329820E-8
-1.302833E-1	-6.670287E-8
-1.343067E-1	-7.023050E-8
-1.382980E-1	-7.380677E-8
-1.423632E-1	-7.755484E-8
-1.463434E-1	-8.133405E-8
-1.503372E-1	-8.522299E-8
-1.543581E-1	-8.924673E-8
-1.583479E-1	-9.324742E-8
-1.623371E-1	-9.740467E-8
-1.663997E-1	-1.017087E-7
-1.704231E-1	-1.060923E-7
-1.744100E-1	-1.104715E-7
-1.783996E-1	-1.150357E-7
-1.824246E-1	-1.196551E-7
-1.864121E-1	-1.244056E-7
-1.904711E-1	-1.293020E-7
-1.944598E-1	-1.341770E-7
-1.984473E-1	-1.392022E-7
-2.024734E-1	-1.443094E-7
-2.064608E-1	-1.494494E-7
-2.104553E-1	-1.547777E-7
-2.145077E-1	-1.602196E-7
-2.184990E-1	-1.656879E-7
-2.225242E-1	-1.712925E-7
-2.265128E-1	-1.769442E-7
-2.305000E-1	-1.827117E-7
-2.345223E-1	-1.885952E-7
-2.385153E-1	-1.945725E-7
-2.425748E-1	-2.007131E-7
-2.465592E-1	-2.068001E-7
-2.505492E-1	-2.130806E-7
-2.545750E-1	-2.194636E-7
-2.585609E-1	-2.259033E-7
-2.625534E-1	-2.324320E-7
-2.666043E-1	-2.391868E-7
-2.706308E-1	-2.459392E-7
-2.746204E-1	-2.527559E-7
-2.786151E-1	-2.596635E-7
-2.826348E-1	-2.666968E-7
-2.866263E-1	-2.738559E-7
-2.906825E-1	-2.811986E-7
-2.946725E-1	-2.884850E-7
-2.986578E-1	-2.958742E-7
-3.026869E-1	-3.034823E-7
-3.066792E-1	-3.110856E-7
-3.106640E-1	-3.188329E-7
-3.147243E-1	-3.268045E-7
-3.187124E-1	-3.347182E-7
-3.227378E-1	-3.428193E-7
-3.267257E-1	-3.509977E-7
-3.307190E-1	-3.591742E-7
-3.347377E-1	-3.675020E-7
-3.387592E-1	-3.760416E-7
-3.427841E-1	-3.846178E-7
-3.467793E-1	-3.933074E-7
-3.507645E-1	-4.020719E-7
-3.547855E-1	-4.110007E-7
-3.587793E-1	-4.199472E-7
-3.627664E-1	-4.290719E-7
-3.668255E-1	-4.383919E-7
-3.708458E-1	-4.477320E-7
-3.748403E-1	-4.571629E-7
-3.788283E-1	-4.666691E-7
-3.828212E-1	-4.762750E-7
-3.868434E-1	-4.861236E-7
-3.908980E-1	-4.961528E-7
-3.948869E-1	-5.060836E-7
-3.988769E-1	-5.161742E-7
-4.028995E-1	-5.264050E-7
-4.068905E-1	-5.366642E-7
-4.108832E-1	-5.470723E-7
-4.149352E-1	-5.577388E-7
-4.189287E-1	-5.684241E-7
-4.229499E-1	-5.792510E-7
-4.269438E-1	-5.901670E-7
-4.309333E-1	-6.011081E-7
-4.349576E-1	-6.122727E-7
-4.389790E-1	-6.236015E-7
-4.430034E-1	-6.349634E-7
-4.469925E-1	-6.463449E-7
-4.509827E-1	-6.578826E-7
-4.550059E-1	-6.695799E-7
-4.589935E-1	-6.813499E-7
-4.629816E-1	-6.932425E-7
-4.670373E-1	-7.053696E-7
-4.710659E-1	-7.175263E-7
-4.750544E-1	-7.296036E-7
-4.790450E-1	-7.419907E-7
-4.830343E-1	-7.544301E-7
-4.870592E-1	-7.671227E-7
-4.911159E-1	-7.800238E-7
-4.951088E-1	-7.927022E-7
-4.990957E-1	-8.056576E-7
-5.031225E-1	-8.186981E-7
-5.071076E-1	-8.317163E-7
-5.110984E-1	-8.450748E-7
-5.151576E-1	-8.586691E-7
-5.191453E-1	-8.720424E-7
-5.231716E-1	-8.857039E-7
-5.271595E-1	-8.992165E-7
-5.311508E-1	-9.130284E-7
-5.351693E-1	-9.268921E-7
-3.369977E-2	-9.409430E-7
-5.432191E-1	-9.550884E-7
-5.472115E-1	-9.692385E-7
-5.511996E-1	-9.835975E-7
-5.552243E-1	-9.980824E-7
-5.592113E-1	-1.012461E-6
-5.631601E-1	-1.027022E-6
-5.672169E-1	-1.041775E-6
-5.712088E-1	-1.056643E-6
-3.595196E-2	-1.071780E-6
-5.792177E-1	-1.086645E-6
-5.832094E-1	-1.101692E-6
-5.872322E-1	-1.116999E-6
-5.912899E-1	-1.132367E-6
-5.952818E-1	-1.147833E-6
-5.992687E-1	-1.163302E-6
-6.032874E-1	-1.178943E-6
-6.072810E-1	-1.194581E-6
-6.112661E-1	-1.210357E-6
-6.153228E-1	-1.226317E-6
-6.193129E-1	-1.242277E-6
-6.233387E-1	-1.258448E-6
-6.273242E-1	-1.274729E-6
-6.313159E-1	-1.290738E-6
-6.353410E-1	-1.306966E-6
-6.393599E-1	-1.323403E-6
-6.433859E-1	-1.339743E-6
-6.473706E-1	-1.356234E-6
-6.513649E-1	-1.372816E-6
-6.553888E-1	-1.389418E-6
-6.593788E-1	-1.406444E-6
-6.633664E-1	-1.423195E-6
-6.674216E-1	-1.440394E-6
-6.714088E-1	-1.457304E-6
-6.754360E-1	-1.474471E-6
-6.794198E-1	-1.491605E-6
-6.834120E-1	-1.508901E-6
-6.874333E-1	-1.526242E-6
-6.914904E-1	-1.544002E-6
-6.954836E-1	-1.561481E-6
-6.994720E-1	-1.578755E-6
-7.034963E-1	-1.596586E-6
-7.074844E-1	-1.614178E-6
-4.446698E-2	-1.631739E-6
-7.155243E-1	-1.649927E-6
-7.195209E-1	-1.667771E-6
-7.235432E-1	-1.685889E-6
-7.275347E-1	-1.703858E-6
-7.315202E-1	-1.721887E-6
-7.355431E-1	-1.740144E-6
-7.395654E-1	-1.758607E-6
-7.435928E-1	-1.777094E-6
-7.475784E-1	-1.795189E-6
-7.515678E-1	-1.813824E-6
-7.555902E-1	-1.832317E-6
-7.595766E-1	-1.850878E-6
-7.635710E-1	-1.869409E-6
-7.676277E-1	-1.888320E-6
-7.716159E-1	-1.906998E-6
-7.756371E-1	-1.925813E-6
-7.796256E-1	-1.945035E-6
-7.836155E-1	-1.964077E-6
-7.876411E-1	-1.983246E-6
-7.916980E-1	-2.002018E-6
-7.956859E-1	-2.021172E-6
-7.996752E-1	-2.040377E-6
-8.036645E-1	-2.059577E-6
-8.076861E-1	-2.078918E-6
-8.116742E-1	-2.098088E-6
-8.157316E-1	-2.117909E-6
-8.197218E-1	-2.137181E-6
-8.237431E-1	-2.156995E-6
-8.277333E-1	-2.176642E-6
-8.317236E-1	-2.196318E-6
-8.357397E-1	-2.216417E-6
-8.397684E-1	-2.235990E-6
-8.437908E-1	-2.255822E-6
-8.477794E-1	-2.275800E-6
-8.517686E-1	-2.295633E-6
-8.557900E-1	-2.315260E-6
-8.597831E-1	-2.335400E-6
-8.637703E-1	-2.355703E-6
-8.678308E-1	-2.376035E-6
-8.718174E-1	-2.396000E-6
-8.758388E-1	-2.416502E-6
-8.798277E-1	-2.436562E-6
-8.838153E-1	-2.456977E-6
-8.878391E-1	-2.477623E-6
-8.918614E-1	-2.497922E-6
-8.958858E-1	-2.518444E-6
-8.998755E-1	-2.538757E-6
-9.038672E-1	-2.559410E-6
-9.078874E-1	-2.579810E-6
-9.118757E-1	-2.600771E-6
-9.159313E-1	-2.621571E-6
-9.199232E-1	-2.642230E-6
-9.239419E-1	-2.663187E-6
-9.279375E-1	-2.684085E-6
-9.319251E-1	-2.705053E-6
-9.359471E-1	-2.726211E-6
-9.399716E-1	-2.746886E-6
-9.439919E-1	-2.768160E-6
-9.479799E-1	-2.789049E-6
-9.519680E-1	-2.810586E-6
-9.559949E-1	-2.831740E-6
-9.599833E-1	-2.852201E-6
-9.639709E-1	-2.873500E-6
-9.680292E-1	-2.895186E-6
-9.720213E-1	-2.916529E-6
-9.760402E-1	-2.937873E-6
-9.800292E-1	-2.959699E-6
-9.840187E-1	-2.981120E-6
-9.880432E-1	-3.002521E-6
-9.920635E-1	-3.024409E-6
-9.960896E-1	-3.046258E-6
-1.000076E+0	-3.067132E-6
