Voltage (V)	Current (A)
9.999479E-1	2.265542E-6
9.959500E-1	2.247073E-6
9.919732E-1	2.228757E-6
9.879875E-1	2.209929E-6
9.839100E-1	2.190740E-6
9.799232E-1	2.172813E-6
9.758861E-1	2.153985E-6
9.718984E-1	2.135463E-6
9.679053E-1	2.117417E-6
9.639129E-1	2.099227E-6
9.598504E-1	2.080233E-6
9.558479E-1	2.062078E-6
9.518770E-1	2.043898E-6
9.478454E-1	2.026235E-6
9.438736E-1	2.008221E-6
9.398701E-1	1.990265E-6
9.358169E-1	1.972709E-6
9.318196E-1	1.954416E-6
9.277980E-1	1.936771E-6
9.238060E-1	1.919085E-6
9.198174E-1	1.901529E-6
9.158038E-1	1.883981E-6
9.117401E-1	1.865906E-6
9.077569E-1	1.848586E-6
9.037725E-1	1.831268E-6
8.997397E-1	1.813723E-6
8.957509E-1	1.796710E-6
8.917679E-1	1.779686E-6
8.877408E-1	1.762483E-6
8.837360E-1	1.745235E-6
8.797122E-1	1.728635E-6
8.757128E-1	1.711364E-6
8.717279E-1	1.694749E-6
8.677022E-1	1.678246E-6
8.637178E-1	1.661568E-6
8.596575E-1	1.644405E-6
8.556728E-1	1.627913E-6
8.516482E-1	1.611434E-6
8.476635E-1	1.594968E-6
8.436673E-1	1.578848E-6
8.396337E-1	1.562152E-6
8.356266E-1	1.545812E-6
8.316015E-1	1.529853E-6
8.276206E-1	1.513900E-6
8.236065E-1	1.497897E-6
8.196067E-1	1.481906E-6
8.156170E-1	1.466192E-6
8.115562E-1	1.449789E-6
8.075594E-1	1.434182E-6
8.035576E-1	1.418693E-6
7.995515E-1	1.403156E-6
7.955688E-1	1.387669E-6
7.915243E-1	1.371982E-6
7.875635E-1	1.356517E-6
7.835157E-1	1.341160E-6
7.795016E-1	1.325833E-6
7.755268E-1	1.310926E-6
7.714972E-1	1.295973E-6
7.675135E-1	1.281475E-6
7.635480E-1	1.266402E-6
7.594707E-1	1.251409E-6
7.554648E-1	1.236898E-6
7.514633E-1	1.222241E-6
7.474595E-1	1.207427E-6
7.434408E-1	1.192934E-6
7.394581E-1	1.178639E-6
7.353965E-1	1.164017E-6
7.314181E-1	1.150169E-6
7.274288E-1	1.136128E-6
7.233917E-1	1.122010E-6
7.194250E-1	1.108079E-6
7.154284E-1	1.094298E-6
7.113521E-1	1.079836E-6
7.073655E-1	1.066639E-6
7.033589E-1	1.052424E-6
6.993718E-1	1.039643E-6
6.953583E-1	1.025781E-6
6.913645E-1	1.012337E-6
6.873986E-1	9.991822E-7
6.833630E-1	9.861275E-7
6.793562E-1	9.734470E-7
6.753373E-1	9.598987E-7
6.713451E-1	9.472280E-7
6.673464E-1	9.342783E-7
6.633335E-1	9.214157E-7
6.592892E-1	9.086744E-7
6.552945E-1	8.960027E-7
6.513005E-1	8.837396E-7
6.472781E-1	8.716614E-7
6.433020E-1	8.590299E-7
6.393057E-1	8.471008E-7
6.352379E-1	8.344740E-7
6.312653E-1	8.228292E-7
6.272278E-1	8.106749E-7
6.232493E-1	7.989219E-7
6.192608E-1	7.869058E-7
6.152307E-1	7.753192E-7
6.111753E-1	7.635309E-7
6.071888E-1	7.522843E-7
6.032102E-1	7.409079E-7
5.991620E-1	7.293965E-7
5.951861E-1	7.186409E-7
5.911979E-1	7.072390E-7
5.871768E-1	6.966947E-7
5.831553E-1	6.852392E-7
5.791216E-1	6.747563E-7
5.751440E-1	6.639332E-7
5.711519E-1	6.532936E-7
5.671319E-1	6.428312E-7
5.631431E-1	6.325970E-7
5.590997E-1	6.217080E-7
5.551054E-1	6.114874E-7
5.510725E-1	6.017118E-7
5.470852E-1	5.913797E-7
5.430914E-1	5.815864E-7
5.390881E-1	5.720134E-7
5.350572E-1	5.618811E-7
5.310219E-1	5.521361E-7
5.270228E-1	5.429874E-7
5.230518E-1	5.335427E-7
5.190334E-1	5.241129E-7
5.150476E-1	5.143752E-7
5.109929E-1	5.052084E-7
5.070004E-1	4.960775E-7
5.029753E-1	4.869433E-7
4.989849E-1	4.784202E-7
4.949853E-1	4.692750E-7
4.909718E-1	4.606468E-7
4.869764E-1	4.519365E-7
4.829184E-1	4.433282E-7
4.789209E-1	4.351581E-7
4.749316E-1	4.265852E-7
4.709199E-1	4.182241E-7
4.669409E-1	4.101846E-7
4.629552E-1	4.019894E-7
4.588816E-1	3.937658E-7
4.548609E-1	3.860540E-7
4.508905E-1	3.783719E-7
4.468925E-1	3.706695E-7
4.428541E-1	3.629364E-7
4.388896E-1	3.554361E-7
4.348017E-1	3.479155E-7
4.308359E-1	3.404431E-7
4.268463E-1	3.332577E-7
4.228178E-1	3.260989E-7
4.188229E-1	3.188447E-7
4.148456E-1	3.120753E-7
4.107827E-1	3.049133E-7
4.067597E-1	2.981735E-7
4.027702E-1	2.914859E-7
3.987736E-1	2.848412E-7
3.947395E-1	2.780663E-7
3.907907E-1	2.716553E-7
3.867967E-1	2.652726E-7
3.827354E-1	2.589955E-7
3.787340E-1	2.528032E-7
3.747163E-1	2.465772E-7
3.707205E-1	2.406670E-7
3.667389E-1	2.347441E-7
3.627153E-1	2.287601E-7
3.586543E-1	2.229710E-7
3.546542E-1	2.172864E-7
3.506809E-1	2.116865E-7
3.466733E-1	2.061568E-7
3.426697E-1	2.008030E-7
3.386779E-1	1.954059E-7
3.346219E-1	1.901253E-7
3.306407E-1	1.849923E-7
3.266352E-1	1.799776E-7
3.226340E-1	1.749199E-7
3.186351E-1	1.701026E-7
3.146086E-1	1.653406E-7
3.105658E-1	1.604592E-7
3.065769E-1	1.558925E-7
3.025918E-1	1.514445E-7
2.985702E-1	1.469796E-7
2.945763E-1	1.427035E-7
2.905834E-1	1.383414E-7
2.865533E-1	1.341008E-7
2.825425E-1	1.300155E-7
2.785136E-1	1.260003E-7
2.745255E-1	1.220139E-7
2.705457E-1	1.180995E-7
2.665099E-1	1.143712E-7
2.625264E-1	1.106965E-7
2.584746E-1	1.069843E-7
2.544862E-1	1.034915E-7
2.504670E-1	9.999480E-8
2.464724E-1	9.662212E-8
2.424894E-1	9.334159E-8
2.384615E-1	9.009970E-8
2.344392E-1	8.691447E-8
2.304135E-1	8.386704E-8
2.264292E-1	8.087510E-8
2.224368E-1	7.793358E-8
2.184146E-1	7.511261E-8
2.144222E-1	7.226880E-8
2.103723E-1	6.956668E-8
2.063796E-1	6.689299E-8
2.023655E-1	6.433662E-8
1.983694E-1	6.185160E-8
1.943882E-1	5.940557E-8
1.903495E-1	5.701814E-8
1.863469E-1	5.469415E-8
1.823224E-1	5.248888E-8
1.783239E-1	5.031773E-8
1.743428E-1	4.817890E-8
1.703113E-1	4.607382E-8
1.663274E-1	4.411681E-8
1.623319E-1	4.217901E-8
1.582764E-1	4.026494E-8
1.542452E-1	3.841821E-8
1.502732E-1	3.663435E-8
1.462803E-1	3.492941E-8
1.422599E-1	3.328458E-8
1.382619E-1	3.167187E-8
1.342103E-1	3.008213E-8
1.302281E-1	2.857043E-8
1.262275E-1	2.711525E-8
1.222111E-1	2.564432E-8
1.182055E-1	2.430745E-8
1.142468E-1	2.300831E-8
1.101887E-1	2.170062E-8
1.061549E-1	2.046532E-8
1.021731E-1	1.932591E-8
9.816635E-2	1.814283E-8
9.414651E-2	1.702330E-8
9.016702E-2	1.596413E-8
8.612125E-2	1.490526E-8
8.211887E-2	1.389405E-8
7.814331E-2	1.298603E-8
7.409621E-2	1.203063E-8
7.011522E-2	1.113787E-8
6.612865E-2	1.031529E-8
6.210757E-2	9.462163E-9
5.806025E-2	8.662777E-9
5.405186E-2	7.953660E-9
5.006115E-2	7.271423E-9
4.605870E-2	6.525909E-9
4.205265E-2	5.887580E-9
3.806800E-2	5.264817E-9
3.403215E-2	4.643679E-9
3.001419E-2	4.056480E-9
2.601862E-2	3.520759E-9
2.201984E-2	2.955032E-9
1.803775E-2	2.442764E-9
1.401300E-2	1.922223E-9
9.944438E-3	1.439523E-9
5.949030E-3	9.330228E-10
1.979680E-3	4.393048E-10
-2.031070E-3	-3.195706E-11
-6.033876E-3	-4.975912E-10
-1.002987E-2	-8.970217E-10
-1.409193E-2	-1.481962E-9
-1.808429E-2	-1.977785E-9
-2.208281E-2	-2.536118E-9
-2.608911E-2	-3.047684E-9
-3.007254E-2	-3.596974E-9
-3.409423E-2	-4.178486E-9
-3.809266E-2	-4.767240E-9
-4.215456E-2	-5.420852E-9
-4.613626E-2	-6.072047E-9
-5.015107E-2	-6.772966E-9
-5.413971E-2	-7.494767E-9
-5.813771E-2	-8.181638E-9
-6.212827E-2	-9.001493E-9
-6.617089E-2	-9.813816E-9
-7.020856E-2	-1.064269E-8
-7.419559E-2	-1.150968E-8
-7.818517E-2	-1.247209E-8
-8.220937E-2	-1.347367E-8
-8.618777E-2	-1.450430E-8
-9.025897E-2	-1.553882E-8
-9.424771E-2	-1.668781E-8
-9.824307E-2	-1.785626E-8
-1.022497E-1	-1.906176E-8
-1.062480E-1	-2.031267E-8
-1.102271E-1	-2.164567E-8
-1.142864E-1	-2.300859E-8
-1.182980E-1	-2.442815E-8
-1.223215E-1	-2.587346E-8
-1.262800E-1	-2.742770E-8
-1.302771E-1	-2.897461E-8
-1.342970E-1	-3.059233E-8
-1.382884E-1	-3.232154E-8
-1.423515E-1	-3.411847E-8
-1.463469E-1	-3.585545E-8
-1.503308E-1	-3.770163E-8
-1.543519E-1	-3.961856E-8
-1.583409E-1	-4.158067E-8
-1.623335E-1	-4.360085E-8
-1.663968E-1	-4.572491E-8
-1.704127E-1	-4.781684E-8
-1.744077E-1	-4.996433E-8
-1.783995E-1	-5.226217E-8
-1.824259E-1	-5.452936E-8
-1.864225E-1	-5.690310E-8
-1.904626E-1	-5.943968E-8
-1.944554E-1	-6.192981E-8
-1.984433E-1	-6.440632E-8
-2.024701E-1	-6.715690E-8
-2.064475E-1	-6.985881E-8
-2.104431E-1	-7.256913E-8
-2.145095E-1	-7.543252E-8
-2.184950E-1	-7.834679E-8
-2.225131E-1	-8.134277E-8
-2.265161E-1	-8.434570E-8
-2.304892E-1	-8.742585E-8
-2.345147E-1	-9.059272E-8
-2.385006E-1	-9.382708E-8
-2.425711E-1	-9.716130E-8
-2.465581E-1	-1.004655E-7
-2.505467E-1	-1.039590E-7
-2.545548E-1	-1.075011E-7
-2.585658E-1	-1.110370E-7
-2.625460E-1	-1.146727E-7
-2.666083E-1	-1.184461E-7
-2.706378E-1	-1.222390E-7
-2.746155E-1	-1.261122E-7
-2.786090E-1	-1.300210E-7
-2.826178E-1	-1.340653E-7
-2.866254E-1	-1.380709E-7
-2.906650E-1	-1.423510E-7
-2.946703E-1	-1.466079E-7
-2.986518E-1	-1.508937E-7
-3.026810E-1	-1.552770E-7
-3.066770E-1	-1.597703E-7
-3.106587E-1	-1.642804E-7
-3.147261E-1	-1.689909E-7
-3.187164E-1	-1.736847E-7
-3.227409E-1	-1.785430E-7
-3.267170E-1	-1.833588E-7
-3.307063E-1	-1.882964E-7
-3.347229E-1	-1.934297E-7
-3.387435E-1	-1.986076E-7
-3.427725E-1	-2.038132E-7
-3.467450E-1	-2.091221E-7
-3.507571E-1	-2.145465E-7
-3.547762E-1	-2.200884E-7
-3.587637E-1	-2.256015E-7
-3.627504E-1	-2.312928E-7
-3.668150E-1	-2.371828E-7
-3.708443E-1	-2.431412E-7
-3.748357E-1	-2.490445E-7
-3.788119E-1	-2.552100E-7
-3.828001E-1	-2.613942E-7
-3.868284E-1	-2.676951E-7
-3.908916E-1	-2.741760E-7
-3.948878E-1	-2.806999E-7
-3.988684E-1	-2.873174E-7
-4.028882E-1	-2.941105E-7
-4.068892E-1	-3.009554E-7
-4.108711E-1	-3.078121E-7
-4.149321E-1	-3.150054E-7
-4.189166E-1	-3.221543E-7
-4.229383E-1	-3.294476E-7
-4.269321E-1	-3.369058E-7
-4.309110E-1	-3.444109E-7
-4.349441E-1	-3.520959E-7
-4.389754E-1	-3.599146E-7
-4.430000E-1	-3.678932E-7
-4.469863E-1	-3.758829E-7
-4.509695E-1	-3.840386E-7
-4.549996E-1	-3.923172E-7
-4.589898E-1	-4.006892E-7
-4.629780E-1	-4.091129E-7
-4.670314E-1	-4.179657E-7
-4.710517E-1	-4.268018E-7
-4.750405E-1	-4.355499E-7
-4.790298E-1	-4.446296E-7
-4.830263E-1	-4.536911E-7
-4.870459E-1	-4.630690E-7
-4.911110E-1	-4.726202E-7
-4.950930E-1	-4.821753E-7
-4.990695E-1	-4.917918E-7
-5.031022E-1	-5.016529E-7
-5.070887E-1	-5.115319E-7
-5.110751E-1	-5.214985E-7
-5.151287E-1	-5.317956E-7
-5.191290E-1	-5.421075E-7
-5.231501E-1	-5.525372E-7
-5.271451E-1	-5.630612E-7
-5.311362E-1	-5.737571E-7
-5.351487E-1	-5.846044E-7
-5.391871E-1	-5.955891E-7
-5.432036E-1	-6.066973E-7
-5.471855E-1	-6.178663E-7
-5.511693E-1	-6.290883E-7
-5.551950E-1	-6.405025E-7
-5.592013E-1	-6.519851E-7
-5.631900E-1	-6.636789E-7
-5.672349E-1	-6.755591E-7
-5.712294E-1	-6.873015E-7
-5.752550E-1	-6.994194E-7
-5.792397E-1	-7.115118E-7
-5.832343E-1	-7.237800E-7
-5.872621E-1	-7.360659E-7
-5.913152E-1	-7.486972E-7
-5.953092E-1	-7.611937E-7
-5.992967E-1	-7.738222E-7
-6.033203E-1	-7.866237E-7
-6.073015E-1	-7.994454E-7
-6.112943E-1	-8.123844E-7
-6.153536E-1	-8.256387E-7
-6.193362E-1	-8.387382E-7
-6.233535E-1	-8.520888E-7
-6.273555E-1	-8.654262E-7
-6.313536E-1	-8.788193E-7
-6.353686E-1	-8.923992E-7
-6.393958E-1	-9.061652E-7
-6.434078E-1	-9.198655E-7
-6.473931E-1	-9.338418E-7
-6.513917E-1	-9.478132E-7
-6.554280E-1	-9.620267E-7
-6.594245E-1	-9.760083E-7
-6.633952E-1	-9.901845E-7
-6.674601E-1	-1.004664E-6
-6.714466E-1	-1.019119E-6
-6.750997E-1	-1.032521E-6
-6.794167E-1	-1.048486E-6
-6.834165E-1	-1.062935E-6
-6.874197E-1	-1.077556E-6
-6.914719E-1	-1.092652E-6
-6.954702E-1	-1.107482E-6
-6.994545E-1	-1.122479E-6
-7.034851E-1	-1.137606E-6
-7.074801E-1	-1.152648E-6
-7.114614E-1	-1.167815E-6
-7.155230E-1	-1.183187E-6
-7.195135E-1	-1.198757E-6
-7.235346E-1	-1.214210E-6
-7.275243E-1	-1.229903E-6
-7.315132E-1	-1.245568E-6
-7.355510E-1	-1.261233E-6
-7.395555E-1	-1.277085E-6
-7.435907E-1	-1.292993E-6
-7.475762E-1	-1.308904E-6
-7.515566E-1	-1.324729E-6
-7.555877E-1	-1.340840E-6
-7.595598E-1	-1.357010E-6
-7.635590E-1	-1.373239E-6
-7.676220E-1	-1.389675E-6
-7.716090E-1	-1.406105E-6
-7.756296E-1	-1.422472E-6
-7.796213E-1	-1.439088E-6
-7.836034E-1	-1.455208E-6
-7.876362E-1	-1.472183E-6
-7.916780E-1	-1.489123E-6
-7.956759E-1	-1.505949E-6
-7.996612E-1	-1.522495E-6
-8.036550E-1	-1.539339E-6
-8.076805E-1	-1.556333E-6
-8.116704E-1	-1.573700E-6
-8.157214E-1	-1.590688E-6
-8.197051E-1	-1.607582E-6
-8.237379E-1	-1.625023E-6
-8.277353E-1	-1.642309E-6
-8.317192E-1	-1.659792E-6
-8.357417E-1	-1.677363E-6
-8.397572E-1	-1.694819E-6
-8.437774E-1	-1.712240E-6
-8.477694E-1	-1.729934E-6
-8.517626E-1	-1.747245E-6
-8.557747E-1	-1.765087E-6
-8.597721E-1	-1.782841E-6
-8.637729E-1	-1.800607E-6
-8.678200E-1	-1.818748E-6
-8.718172E-1	-1.836774E-6
-8.758338E-1	-1.855048E-6
-8.798301E-1	-1.873007E-6
-8.838050E-1	-1.891093E-6
-8.878309E-1	-1.909366E-6
-8.918631E-1	-1.927664E-6
-8.958687E-1	-1.946076E-6
-8.998670E-1	-1.963996E-6
-9.038457E-1	-1.982278E-6
-9.078853E-1	-2.001147E-6
-9.118595E-1	-2.019381E-6
-9.159316E-1	-2.038165E-6
-9.199120E-1	-2.056776E-6
-9.239322E-1	-2.075082E-6
-9.279284E-1	-2.093807E-6
-9.319174E-1	-2.112690E-6
-9.359353E-1	-2.131632E-6
-9.399572E-1	-2.150439E-6
-9.439840E-1	-2.169462E-6
-9.479809E-1	-2.188266E-6
-9.519508E-1	-2.207298E-6
-9.559819E-1	-2.226694E-6
-9.599791E-1	-2.245771E-6
-9.639621E-1	-2.264603E-6
-9.680168E-1	-2.284049E-6
-9.720219E-1	-2.303275E-6
-9.760384E-1	-2.322822E-6
-9.800206E-1	-2.342105E-6
-9.840128E-1	-2.361349E-6
-9.880422E-1	-2.380995E-6
-9.920535E-1	-2.400673E-6
-9.960825E-1	-2.420328E-6
-1.000080E+0	-2.439702E-6
