Voltage (V)	Current (A)
-1.000063E+0	-2.469001E-6
-9.960768E-1	-2.449096E-6
-9.920465E-1	-2.429587E-6
-9.880626E-1	-2.410425E-6
-9.839908E-1	-2.390727E-6
-9.800093E-1	-2.371542E-6
-9.760213E-1	-2.351894E-6
-9.720011E-1	-2.332007E-6
-9.680206E-1	-2.313241E-6
-9.640366E-1	-2.294199E-6
-9.599685E-1	-2.274334E-6
-9.559856E-1	-2.255550E-6
-9.519624E-1	-2.236654E-6
-9.479758E-1	-2.217455E-6
-9.439855E-1	-2.198678E-6
-9.399554E-1	-2.179772E-6
-9.359367E-1	-2.160497E-6
-9.319123E-1	-2.141677E-6
-9.279326E-1	-2.122760E-6
-9.239344E-1	-2.104387E-6
-9.199104E-1	-2.085569E-6
-9.159249E-1	-2.066682E-6
-9.118707E-1	-2.048178E-6
-9.078808E-1	-2.029857E-6
-9.038626E-1	-2.011251E-6
-8.998691E-1	-1.993088E-6
-8.958666E-1	-1.974490E-6
-8.918524E-1	-1.956217E-6
-8.878664E-1	-1.937900E-6
-8.838078E-1	-1.919563E-6
-8.798182E-1	-1.901411E-6
-8.758405E-1	-1.883521E-6
-8.718024E-1	-1.865333E-6
-8.678251E-1	-1.847394E-6
-8.638293E-1	-1.829458E-6
-8.597782E-1	-1.811461E-6
-8.557847E-1	-1.793907E-6
-8.517567E-1	-1.775663E-6
-8.477734E-1	-1.758144E-6
-8.437932E-1	-1.740505E-6
-8.397570E-1	-1.722745E-6
-8.357424E-1	-1.705281E-6
-8.317063E-1	-1.687868E-6
-8.277223E-1	-1.670452E-6
-8.237341E-1	-1.653078E-6
-8.197106E-1	-1.635597E-6
-8.157300E-1	-1.618486E-6
-8.116741E-1	-1.601346E-6
-8.076838E-1	-1.584251E-6
-8.036450E-1	-1.567161E-6
-7.996668E-1	-1.550120E-6
-7.956788E-1	-1.533202E-6
-7.916915E-1	-1.516732E-6
-7.876627E-1	-1.499854E-6
-7.835991E-1	-1.482751E-6
-7.796180E-1	-1.466234E-6
-7.756225E-1	-1.449817E-6
-7.716174E-1	-1.433047E-6
-7.676294E-1	-1.416705E-6
-7.636416E-1	-1.400476E-6
-7.595716E-1	-1.383928E-6
-7.555804E-1	-1.367617E-6
-7.515598E-1	-1.351485E-6
-7.475793E-1	-1.335320E-6
-7.435818E-1	-1.319420E-6
-7.395720E-1	-1.303407E-6
-7.355378E-1	-1.287346E-6
-7.315186E-1	-1.271484E-6
-7.275383E-1	-1.255799E-6
-7.235351E-1	-1.240336E-6
-7.195144E-1	-1.224668E-6
-7.155283E-1	-1.209154E-6
-7.114754E-1	-1.193383E-6
-7.074865E-1	-1.178128E-6
-7.034886E-1	-1.162890E-6
-6.994616E-1	-1.147749E-6
-6.954772E-1	-1.132770E-6
-6.914867E-1	-1.117625E-6
-6.874710E-1	-1.102650E-6
-6.834058E-1	-1.087622E-6
-6.794137E-1	-1.072801E-6
-6.754287E-1	-1.058212E-6
-6.714116E-1	-1.043345E-6
-6.674229E-1	-1.028859E-6
-6.634269E-1	-1.014414E-6
-6.594112E-1	-9.998287E-7
-6.554192E-1	-9.857584E-7
-6.513982E-1	-9.716186E-7
-6.474074E-1	-9.575290E-7
-6.434157E-1	-9.436790E-7
-6.393983E-1	-9.295787E-7
-6.353700E-1	-9.156810E-7
-6.313490E-1	-9.018428E-7
-6.273553E-1	-8.883711E-7
-6.233685E-1	-8.748778E-7
-6.193522E-1	-8.613508E-7
-6.153572E-1	-8.480388E-7
-6.113005E-1	-8.346827E-7
-6.073008E-1	-8.216962E-7
-6.033151E-1	-8.086080E-7
-5.992953E-1	-7.956019E-7
-5.953068E-1	-7.828446E-7
-5.913134E-1	-7.701422E-7
-5.872934E-1	-7.574616E-7
-5.832427E-1	-7.447945E-7
-5.792341E-1	-7.323914E-7
-5.752630E-1	-7.202148E-7
-5.712339E-1	-7.079697E-7
-5.672374E-1	-6.959947E-7
-5.632542E-1	-6.840046E-7
-5.592051E-1	-6.721436E-7
-5.552191E-1	-6.604409E-7
-5.511686E-1	-6.487778E-7
-5.471917E-1	-6.373306E-7
-5.431992E-1	-6.259756E-7
-5.391803E-1	-6.146991E-7
-5.351517E-1	-6.035301E-7
-5.311271E-1	-5.925151E-7
-5.271543E-1	-5.816073E-7
-5.231609E-1	-5.709978E-7
-5.191185E-1	-5.602172E-7
-5.151441E-1	-5.497378E-7
-5.110827E-1	-5.392543E-7
-5.070918E-1	-5.289376E-7
-5.031019E-1	-5.189393E-7
-4.990897E-1	-5.088584E-7
-4.950932E-1	-4.989353E-7
-4.911123E-1	-4.892400E-7
-4.870727E-1	-4.795766E-7
-4.830188E-1	-4.699502E-7
-4.790408E-1	-4.606412E-7
-4.750422E-1	-4.514795E-7
-4.710642E-1	-4.423391E-7
-4.670292E-1	-4.333228E-7
-4.630424E-1	-4.244008E-7
-4.589915E-1	-4.155561E-7
-4.550044E-1	-4.069474E-7
-4.509760E-1	-3.984799E-7
-4.469783E-1	-3.901428E-7
-4.429892E-1	-3.819274E-7
-4.389659E-1	-3.737893E-7
-4.349453E-1	-3.656826E-7
-4.309157E-1	-3.578699E-7
-4.269272E-1	-3.500793E-7
-4.229478E-1	-3.424454E-7
-4.189094E-1	-3.348917E-7
-4.149298E-1	-3.275426E-7
-4.108624E-1	-3.201753E-7
-4.068732E-1	-3.130346E-7
-4.028803E-1	-3.060634E-7
-3.988723E-1	-2.990534E-7
-3.948728E-1	-2.922300E-7
-3.908821E-1	-2.855816E-7
-3.868595E-1	-2.788871E-7
-3.828127E-1	-2.723489E-7
-3.788286E-1	-2.659236E-7
-3.748332E-1	-2.596943E-7
-3.708408E-1	-2.535183E-7
-3.668192E-1	-2.473849E-7
-3.628312E-1	-2.414121E-7
-3.587666E-1	-2.354864E-7
-3.547805E-1	-2.297255E-7
-3.507484E-1	-2.239717E-7
-3.467775E-1	-2.184412E-7
-3.427777E-1	-2.128279E-7
-3.387446E-1	-2.074689E-7
-3.347337E-1	-2.021082E-7
-3.307119E-1	-1.968985E-7
-3.267260E-1	-1.918001E-7
-3.227222E-1	-1.867272E-7
-3.187100E-1	-1.817427E-7
-3.147213E-1	-1.768305E-7
-3.106615E-1	-1.720381E-7
-3.066764E-1	-1.673592E-7
-3.026757E-1	-1.626560E-7
-2.986559E-1	-1.580263E-7
-2.946647E-1	-1.535472E-7
-2.906758E-1	-1.491906E-7
-2.866629E-1	-1.448051E-7
-2.826421E-1	-1.406239E-7
-2.786110E-1	-1.363749E-7
-2.746251E-1	-1.323135E-7
-2.706371E-1	-1.282899E-7
-2.666118E-1	-1.242520E-7
-2.626098E-1	-1.204312E-7
-2.585541E-1	-1.165695E-7
-2.545725E-1	-1.128885E-7
-2.505460E-1	-1.091607E-7
-2.465461E-1	-1.055888E-7
-2.425708E-1	-1.020545E-7
-2.385791E-1	-9.862050E-8
-2.345296E-1	-9.522917E-8
-2.304955E-1	-9.188434E-8
-2.265014E-1	-8.864106E-8
-2.225242E-1	-8.546087E-8
-2.184946E-1	-8.236800E-8
-2.145090E-1	-7.930671E-8
-2.104502E-1	-7.628239E-8
-2.064597E-1	-7.344475E-8
-2.024651E-1	-7.055195E-8
-1.984494E-1	-6.782735E-8
-1.944475E-1	-6.504165E-8
-1.904655E-1	-6.253580E-8
-1.864101E-1	-5.988124E-8
-1.824187E-1	-5.741102E-8
-1.784070E-1	-5.493479E-8
-1.744171E-1	-5.264071E-8
-1.704329E-1	-5.025766E-8
-1.663983E-1	-4.797239E-8
-1.624021E-1	-4.584075E-8
-1.583395E-1	-4.364902E-8
-1.543695E-1	-4.162688E-8
-1.503292E-1	-3.960118E-8
-1.463434E-1	-3.765467E-8
-1.423611E-1	-3.576389E-8
-1.383608E-1	-3.390295E-8
-1.343122E-1	-3.209257E-8
-1.302691E-1	-3.036053E-8
-1.262864E-1	-2.871182E-8
-1.223047E-1	-2.711992E-8
-1.182934E-1	-2.552940E-8
-1.142918E-1	-2.402223E-8
-1.102297E-1	-2.256272E-8
-1.062412E-1	-2.119526E-8
-1.022573E-1	-1.982775E-8
-9.823681E-2	-1.855093E-8
-9.423678E-2	-1.734934E-8
-9.025348E-2	-1.615826E-8
-8.620514E-2	-1.504851E-8
-8.220510E-2	-1.394943E-8
-7.817730E-2	-1.294054E-8
-7.420570E-2	-1.193727E-8
-7.021127E-2	-1.102757E-8
-6.618046E-2	-1.012119E-8
-6.218297E-2	-9.264429E-9
-5.812528E-2	-8.412017E-9
-5.414640E-2	-7.623078E-9
-5.015671E-2	-6.906737E-9
-4.613319E-2	-6.198047E-9
-4.214579E-2	-5.531001E-9
-3.815052E-2	-4.880089E-9
-3.409028E-2	-4.254635E-9
-3.007320E-2	-3.635859E-9
-2.608150E-2	-3.111422E-9
-2.207702E-2	-2.517846E-9
-1.808044E-2	-1.989309E-9
-1.409787E-2	-1.456953E-9
-1.003061E-2	-9.354956E-10
-6.030546E-3	-4.417339E-10
-2.034427E-3	1.119747E-11
1.964528E-3	5.828456E-10
5.960413E-3	1.037808E-9
9.954618E-3	1.560517E-9
1.400238E-2	2.075024E-9
1.802180E-2	2.573058E-9
2.202076E-2	3.076923E-9
2.600024E-2	3.669268E-9
3.002593E-2	4.242747E-9
3.402594E-2	4.879602E-9
3.800239E-2	5.479234E-9
4.207178E-2	6.155036E-9
4.606043E-2	6.859158E-9
5.006266E-2	7.569159E-9
5.406374E-2	8.327127E-9
5.803564E-2	9.074747E-9
6.207279E-2	9.884732E-9
6.612945E-2	1.078295E-8
7.010993E-2	1.167465E-8
7.410810E-2	1.263732E-8
7.812849E-2	1.363574E-8
8.210985E-2	1.461960E-8
8.610091E-2	1.570169E-8
9.016404E-2	1.679943E-8
9.416164E-2	1.792950E-8
9.818554E-2	1.911194E-8
1.021725E-1	2.038677E-8
1.061582E-1	2.164786E-8
1.101730E-1	2.300979E-8
1.142260E-1	2.437574E-8
1.182226E-1	2.580250E-8
1.222075E-1	2.729589E-8
1.262260E-1	2.878531E-8
1.302188E-1	3.035306E-8
1.342109E-1	3.201311E-8
1.382232E-1	3.376532E-8
1.422597E-1	3.546078E-8
1.462710E-1	3.727410E-8
1.502706E-1	3.908171E-8
1.542584E-1	4.103988E-8
1.582799E-1	4.308054E-8
1.622682E-1	4.511890E-8
1.663278E-1	4.727737E-8
1.703158E-1	4.942101E-8
1.743499E-1	5.170218E-8
1.783163E-1	5.401474E-8
1.823173E-1	5.632824E-8
1.863265E-1	5.880052E-8
1.903625E-1	6.129142E-8
1.943800E-1	6.393951E-8
1.983603E-1	6.649919E-8
2.023536E-1	6.927660E-8
2.063720E-1	7.206375E-8
2.103690E-1	7.494317E-8
2.144268E-1	7.796020E-8
2.184173E-1	8.092143E-8
2.224350E-1	8.410088E-8
2.264210E-1	8.714157E-8
2.304135E-1	9.045754E-8
2.344343E-1	9.382008E-8
2.384147E-1	9.710571E-8
2.425017E-1	1.006572E-7
2.464899E-1	1.042078E-7
2.504604E-1	1.078836E-7
2.544792E-1	1.115717E-7
2.584725E-1	1.154024E-7
2.624554E-1	1.192905E-7
2.665298E-1	1.233187E-7
2.705281E-1	1.273912E-7
2.745280E-1	1.314915E-7
2.785163E-1	1.357474E-7
2.825430E-1	1.400312E-7
2.865282E-1	1.443868E-7
2.905941E-1	1.490125E-7
2.945787E-1	1.534727E-7
2.985719E-1	1.580701E-7
3.025783E-1	1.628723E-7
3.065796E-1	1.677477E-7
3.105673E-1	1.726055E-7
3.146220E-1	1.777859E-7
3.186419E-1	1.828385E-7
3.226351E-1	1.879592E-7
3.266153E-1	1.931921E-7
3.306365E-1	1.986441E-7
3.346315E-1	2.040319E-7
3.386832E-1	2.095965E-7
3.426707E-1	2.152221E-7
3.466638E-1	2.208718E-7
3.506931E-1	2.266171E-7
3.546772E-1	2.325369E-7
3.586538E-1	2.384186E-7
3.626849E-1	2.446010E-7
3.667417E-1	2.507475E-7
3.707335E-1	2.569694E-7
3.747271E-1	2.632591E-7
3.787450E-1	2.697373E-7
3.827270E-1	2.761141E-7
3.867207E-1	2.826472E-7
3.907736E-1	2.894128E-7
3.947662E-1	2.961318E-7
3.987888E-1	3.030337E-7
4.027694E-1	3.098986E-7
4.067544E-1	3.167798E-7
4.107834E-1	3.239395E-7
4.148518E-1	3.312399E-7
4.188331E-1	3.386227E-7
4.228206E-1	3.458318E-7
4.268446E-1	3.533330E-7
4.308268E-1	3.607702E-7
4.348212E-1	3.684924E-7
4.388768E-1	3.761719E-7
4.428726E-1	3.838689E-7
4.468925E-1	3.918058E-7
4.508822E-1	3.997066E-7
4.548697E-1	4.075630E-7
4.588970E-1	4.157854E-7
4.628805E-1	4.241509E-7
4.669445E-1	4.323793E-7
4.709274E-1	4.407375E-7
4.749375E-1	4.495091E-7
4.789358E-1	4.579996E-7
4.829182E-1	4.667054E-7
4.869410E-1	4.752358E-7
4.909749E-1	4.840543E-7
4.950000E-1	4.929896E-7
4.989828E-1	5.023088E-7
5.029699E-1	5.113330E-7
5.069866E-1	5.205659E-7
5.109825E-1	5.298243E-7
5.150279E-1	5.391681E-7
5.190224E-1	5.485565E-7
5.230526E-1	5.581618E-7
5.270464E-1	5.677956E-7
5.310401E-1	5.773466E-7
5.350517E-1	5.874239E-7
5.390724E-1	5.974270E-7
5.430992E-1	6.075426E-7
5.470800E-1	6.175063E-7
5.510759E-1	6.278840E-7
5.550944E-1	6.379402E-7
5.590853E-1	6.485313E-7
5.630758E-1	6.589295E-7
5.671305E-1	6.695026E-7
5.711536E-1	6.800120E-7
5.751441E-1	6.907512E-7
5.791266E-1	7.014553E-7
5.831515E-1	7.123717E-7
5.871475E-1	7.235086E-7
5.912122E-1	7.346848E-7
5.951839E-1	7.457710E-7
5.991908E-1	7.571646E-7
6.032046E-1	7.685933E-7
6.071874E-1	7.802536E-7
6.111849E-1	7.916911E-7
6.152253E-1	8.034013E-7
6.192440E-1	8.151728E-7
6.232439E-1	8.271093E-7
6.272438E-1	8.393524E-7
6.312557E-1	8.509472E-7
6.352275E-1	8.632951E-7
6.393056E-1	8.756975E-7
6.433005E-1	8.876931E-7
6.472777E-1	9.004298E-7
6.512986E-1	9.124449E-7
6.552973E-1	9.254528E-7
6.592788E-1	9.376363E-7
6.633045E-1	9.509037E-7
6.673654E-1	9.633719E-7
6.713597E-1	9.763742E-7
6.753565E-1	9.895462E-7
6.793599E-1	1.002571E-6
6.833528E-1	1.015976E-6
6.872569E-1	1.028615E-6
6.913620E-1	1.042818E-6
6.953587E-1	1.055908E-6
6.993660E-1	1.069745E-6
7.033498E-1	1.082905E-6
7.073693E-1	1.097074E-6
7.113844E-1	1.110527E-6
7.154222E-1	1.124202E-6
7.194040E-1	1.138200E-6
7.234022E-1	1.152297E-6
7.274028E-1	1.166392E-6
7.314147E-1	1.180423E-6
7.354195E-1	1.195073E-6
7.394606E-1	1.208881E-6
7.434440E-1	1.223650E-6
7.474726E-1	1.238577E-6
7.514511E-1	1.253008E-6
7.554492E-1	1.267533E-6
7.594643E-1	1.282241E-6
7.634718E-1	1.296882E-6
7.675225E-1	1.312461E-6
7.715139E-1	1.327407E-6
7.755299E-1	1.342021E-6
7.795082E-1	1.357366E-6
7.835101E-1	1.372260E-6
7.875196E-1	1.387938E-6
7.915455E-1	1.403054E-6
7.955647E-1	1.418620E-6
7.995547E-1	1.434133E-6
8.035415E-1	1.449996E-6
8.075628E-1	1.465449E-6
8.115526E-1	1.481243E-6
8.155940E-1	1.497401E-6
8.196084E-1	1.512940E-6
8.236254E-1	1.528991E-6
8.275974E-1	1.545131E-6
8.316255E-1	1.561068E-6
8.356063E-1	1.577865E-6
8.396517E-1	1.593857E-6
8.436479E-1	1.610037E-6
8.476735E-1	1.626643E-6
8.516408E-1	1.643008E-6
8.556598E-1	1.659238E-6
8.596788E-1	1.676412E-6
8.636592E-1	1.692649E-6
8.676981E-1	1.709683E-6
8.717295E-1	1.726400E-6
8.757117E-1	1.743238E-6
8.797031E-1	1.760029E-6
8.837265E-1	1.777178E-6
8.877107E-1	1.794548E-6
8.917766E-1	1.811678E-6
8.957555E-1	1.828512E-6
8.997345E-1	1.845530E-6
9.037947E-1	1.863569E-6
9.077618E-1	1.880525E-6
9.117481E-1	1.897880E-6
9.157909E-1	1.915815E-6
9.198203E-1	1.933227E-6
9.238142E-1	1.950682E-6
9.278015E-1	1.968580E-6
9.318112E-1	1.986359E-6
9.358083E-1	2.004226E-6
9.398566E-1	2.022123E-6
9.438457E-1	2.040169E-6
9.478450E-1	2.058023E-6
9.518856E-1	2.076223E-6
9.558535E-1	2.094430E-6
9.598294E-1	2.112423E-6
9.638628E-1	2.130336E-6
9.678941E-1	2.149095E-6
9.719198E-1	2.167209E-6
9.758999E-1	2.185470E-6
9.799230E-1	2.203925E-6
9.839028E-1	2.222651E-6
9.879118E-1	2.241469E-6
9.919522E-1	2.259786E-6
9.959368E-1	2.278468E-6
9.999791E-1	2.297503E-6
