Voltage (V)	Current (A)
4.999810E-1	1.782019E-6
4.979511E-1	1.773198E-6
4.959579E-1	1.765226E-6
4.939656E-1	1.756816E-6
4.919694E-1	1.748806E-6
4.899747E-1	1.740827E-6
4.879799E-1	1.732519E-6
4.859198E-1	1.724382E-6
4.839260E-1	1.716008E-6
4.819289E-1	1.707771E-6
4.799020E-1	1.699314E-6
4.779086E-1	1.691111E-6
4.759138E-1	1.683046E-6
4.739176E-1	1.675184E-6
4.719240E-1	1.667139E-6
4.699335E-1	1.659018E-6
4.679056E-1	1.650773E-6
4.659074E-1	1.642473E-6
4.639155E-1	1.634809E-6
4.618835E-1	1.626184E-6
4.598587E-1	1.618215E-6
4.578644E-1	1.609736E-6
4.558706E-1	1.602018E-6
4.538763E-1	1.594250E-6
4.518835E-1	1.585826E-6
4.498555E-1	1.577910E-6
4.478583E-1	1.569928E-6
4.458652E-1	1.561983E-6
4.438719E-1	1.553804E-6
4.418767E-1	1.546084E-6
4.398796E-1	1.537900E-6
4.378535E-1	1.529859E-6
4.358259E-1	1.521590E-6
4.338313E-1	1.513756E-6
4.318366E-1	1.506021E-6
4.298082E-1	1.497823E-6
4.278123E-1	1.490194E-6
4.258203E-1	1.482142E-6
4.238263E-1	1.474167E-6
4.218308E-1	1.466058E-6
4.198014E-1	1.457936E-6
4.178079E-1	1.450328E-6
4.158155E-1	1.442031E-6
4.138164E-1	1.434293E-6
4.117563E-1	1.426197E-6
4.097619E-1	1.418185E-6
4.077678E-1	1.410403E-6
4.057718E-1	1.402378E-6
4.037767E-1	1.394503E-6
4.017833E-1	1.386867E-6
3.997564E-1	1.378553E-6
3.977634E-1	1.370997E-6
3.957677E-1	1.363329E-6
3.937735E-1	1.355521E-6
3.917800E-1	1.347463E-6
3.897526E-1	1.339574E-6
3.877574E-1	1.331664E-6
3.857296E-1	1.323941E-6
3.837367E-1	1.315833E-6
3.817103E-1	1.307839E-6
3.797120E-1	1.299959E-6
3.777179E-1	1.292307E-6
3.757235E-1	1.284388E-6
3.737298E-1	1.276706E-6
3.717367E-1	1.269225E-6
3.697053E-1	1.261231E-6
3.677124E-1	1.253707E-6
3.657192E-1	1.245641E-6
3.637269E-1	1.238190E-6
3.616624E-1	1.229851E-6
3.596675E-1	1.222257E-6
3.576757E-1	1.214498E-6
3.556812E-1	1.206514E-6
3.536837E-1	1.199139E-6
3.516566E-1	1.191491E-6
3.496614E-1	1.183600E-6
3.476716E-1	1.176358E-6
3.456751E-1	1.168434E-6
3.436783E-1	1.160606E-6
3.416838E-1	1.153222E-6
3.396550E-1	1.145433E-6
3.376623E-1	1.137729E-6
3.356338E-1	1.129977E-6
3.336068E-1	1.122390E-6
3.316148E-1	1.114868E-6
3.296202E-1	1.107169E-6
3.276234E-1	1.099770E-6
3.256275E-1	1.092178E-6
3.236355E-1	1.084612E-6
3.216090E-1	1.076957E-6
3.196149E-1	1.069267E-6
3.176194E-1	1.061822E-6
3.156265E-1	1.054267E-6
3.136329E-1	1.046719E-6
3.115699E-1	1.038861E-6
3.095741E-1	1.031457E-6
3.075823E-1	1.024198E-6
3.055864E-1	1.016579E-6
3.035585E-1	1.008924E-6
3.015611E-1	1.001464E-6
2.996028E-1	9.941368E-7
2.976086E-1	9.867019E-7
2.956149E-1	9.793027E-7
2.936212E-1	9.720065E-7
2.915902E-1	9.642550E-7
2.895963E-1	9.568118E-7
2.876024E-1	9.496309E-7
2.855402E-1	9.419006E-7
2.835431E-1	9.344119E-7
2.815490E-1	9.269776E-7
2.795554E-1	9.197605E-7
2.775626E-1	9.123476E-7
2.755624E-1	9.053119E-7
2.735362E-1	8.976025E-7
2.715367E-1	8.901354E-7
2.695465E-1	8.828985E-7
2.675505E-1	8.756234E-7
2.655563E-1	8.681753E-7
2.635630E-1	8.610280E-7
2.615044E-1	8.533932E-7
2.595081E-1	8.462911E-7
2.575128E-1	8.390480E-7
2.554844E-1	8.316247E-7
2.534933E-1	8.243197E-7
2.514988E-1	8.171568E-7
2.495001E-1	8.099836E-7
2.475079E-1	8.028039E-7
2.455165E-1	7.954560E-7
2.434850E-1	7.881041E-7
2.414925E-1	7.808325E-7
2.394950E-1	7.737879E-7
2.375000E-1	7.665581E-7
2.354397E-1	7.591645E-7
2.334449E-1	7.520786E-7
2.314471E-1	7.449075E-7
2.294542E-1	7.380011E-7
2.274636E-1	7.307958E-7
2.254326E-1	7.236152E-7
2.234371E-1	7.166095E-7
2.214435E-1	7.093344E-7
2.194512E-1	7.024464E-7
2.174504E-1	6.953649E-7
2.154584E-1	6.883158E-7
2.134304E-1	6.812258E-7
2.114026E-1	6.740012E-7
2.094090E-1	6.669778E-7
2.073806E-1	6.598212E-7
2.053844E-1	6.527191E-7
2.033855E-1	6.458876E-7
2.013946E-1	6.389326E-7
1.994003E-1	6.320211E-7
1.974040E-1	6.250100E-7
1.953774E-1	6.178713E-7
1.933834E-1	6.111534E-7
1.913911E-1	6.040509E-7
1.893926E-1	5.972128E-7
1.874008E-1	5.903422E-7
1.853373E-1	5.831213E-7
1.833448E-1	5.762980E-7
1.813480E-1	5.693820E-7
1.793550E-1	5.626114E-7
1.773270E-1	5.557548E-7
1.753330E-1	5.488391E-7
1.733397E-1	5.420305E-7
1.713418E-1	5.352277E-7
1.693463E-1	5.284627E-7
1.673534E-1	5.217319E-7
1.653245E-1	5.149024E-7
1.633262E-1	5.080730E-7
1.612986E-1	5.012316E-7
1.592707E-1	4.944253E-7
1.572792E-1	4.877382E-7
1.552827E-1	4.809719E-7
1.532883E-1	4.743051E-7
1.512939E-1	4.676856E-7
1.492980E-1	4.610734E-7
1.472705E-1	4.543228E-7
1.452747E-1	4.475467E-7
1.432796E-1	4.409800E-7
1.412882E-1	4.344317E-7
1.392904E-1	4.277579E-7
1.372949E-1	4.212555E-7
1.352289E-1	4.143322E-7
1.332371E-1	4.078719E-7
1.312441E-1	4.013782E-7
1.292129E-1	3.946796E-7
1.272158E-1	3.883280E-7
1.252221E-1	3.817949E-7
1.232326E-1	3.753235E-7
1.212375E-1	3.688203E-7
1.192402E-1	3.623985E-7
1.172151E-1	3.557847E-7
1.152179E-1	3.493893E-7
1.132272E-1	3.429849E-7
1.111597E-1	3.363432E-7
1.091682E-1	3.299437E-7
1.071713E-1	3.235753E-7
1.051832E-1	3.172869E-7
1.031845E-1	3.108707E-7
1.011904E-1	3.045643E-7
9.916232E-2	2.981488E-7
9.716900E-2	2.919052E-7
9.517224E-2	2.855633E-7
9.317480E-2	2.792883E-7
9.118307E-2	2.730562E-7
8.919058E-2	2.668108E-7
8.716395E-2	2.604465E-7
8.513148E-2	2.541009E-7
8.313902E-2	2.479145E-7
8.110970E-2	2.415994E-7
7.911383E-2	2.354506E-7
7.711931E-2	2.292805E-7
7.512513E-2	2.231279E-7
7.313161E-2	2.170083E-7
7.113704E-2	2.109095E-7
6.910864E-2	2.046753E-7
6.711218E-2	1.986406E-7
6.511626E-2	1.925132E-7
6.312458E-2	1.864484E-7
6.106158E-2	1.802279E-7
5.906544E-2	1.741368E-7
5.706979E-2	1.681396E-7
5.508066E-2	1.621000E-7
5.308307E-2	1.561084E-7
5.105463E-2	1.500272E-7
4.906146E-2	1.440642E-7
4.706236E-2	1.380759E-7
4.507345E-2	1.321481E-7
4.307814E-2	1.262013E-7
4.108182E-2	1.202730E-7
3.905630E-2	1.142487E-7
3.706006E-2	1.083325E-7
3.503473E-2	1.023478E-7
3.300017E-2	9.633499E-8
3.101063E-2	9.047634E-8
2.901432E-2	8.459400E-8
2.701877E-2	7.875416E-8
2.501904E-2	7.288997E-8
2.303029E-2	6.704732E-8
2.099997E-2	6.112817E-8
1.900772E-2	5.531864E-8
1.701315E-2	4.949429E-8
1.501466E-2	4.369666E-8
1.302172E-2	3.788629E-8
1.096162E-2	3.189465E-8
8.967830E-3	2.612467E-8
6.970272E-3	2.033508E-8
4.976559E-3	1.457199E-8
2.949695E-3	8.702529E-9
9.515486E-4	2.939244E-9
-1.036939E-3	-2.845541E-9
-3.030713E-3	-8.563072E-9
-5.024906E-3	-1.431643E-8
-7.052844E-3	-2.016425E-8
-9.045026E-3	-2.589795E-8
-1.104526E-2	-3.165508E-8
-1.303852E-2	-3.737696E-8
-1.510113E-2	-4.332792E-8
-1.709540E-2	-4.905319E-8
-1.909545E-2	-5.481297E-8
-2.108831E-2	-6.054680E-8
-2.308216E-2	-6.628171E-8
-2.511127E-2	-7.210575E-8
-2.710640E-2	-7.784739E-8
-2.910135E-2	-8.358509E-8
-3.109639E-2	-8.932720E-8
-3.309401E-2	-9.506421E-8
-3.508804E-2	-1.008177E-7
-3.708509E-2	-1.065666E-7
-3.914481E-2	-1.125000E-7
-4.113977E-2	-1.182567E-7
-4.312846E-2	-1.240273E-7
-4.516193E-2	-1.298888E-7
-4.715946E-2	-1.356435E-7
-4.915171E-2	-1.414243E-7
-5.114759E-2	-1.471860E-7
-5.314251E-2	-1.529773E-7
-5.513947E-2	-1.587716E-7
-5.716487E-2	-1.646291E-7
-5.915900E-2	-1.704346E-7
-6.115338E-2	-1.762671E-7
-6.321745E-2	-1.822553E-7
-6.521302E-2	-1.880925E-7
-6.720589E-2	-1.939191E-7
-6.920313E-2	-1.997637E-7
-7.120062E-2	-2.056572E-7
-7.319561E-2	-2.114616E-7
-7.522450E-2	-2.174274E-7
-7.721397E-2	-2.232345E-7
-7.921487E-2	-2.291735E-7
-8.120942E-2	-2.350353E-7
-8.320241E-2	-2.409160E-7
-8.519693E-2	-2.468109E-7
-8.719569E-2	-2.527489E-7
-8.925550E-2	-2.588521E-7
-9.124944E-2	-2.647621E-7
-9.324368E-2	-2.707240E-7
-9.527171E-2	-2.767273E-7
-9.726833E-2	-2.826854E-7
-9.926433E-2	-2.886518E-7
-1.012608E-1	-2.946168E-7
-1.032535E-1	-3.006088E-7
-1.052519E-1	-3.065925E-7
-1.072810E-1	-3.127138E-7
-1.092728E-1	-3.187145E-7
-1.112667E-1	-3.247194E-7
-1.133287E-1	-3.310029E-7
-1.153258E-1	-3.370627E-7
-1.173187E-1	-3.430881E-7
-1.193149E-1	-3.491930E-7
-1.213080E-1	-3.552216E-7
-1.233042E-1	-3.613143E-7
-1.253315E-1	-3.674369E-7
-1.273252E-1	-3.735822E-7
-1.293184E-1	-3.797143E-7
-1.313160E-1	-3.858250E-7
-1.333154E-1	-3.919357E-7
-1.353091E-1	-3.980782E-7
-1.373015E-1	-4.042477E-7
-1.393683E-1	-4.106810E-7
-1.413662E-1	-4.168311E-7
-1.433571E-1	-4.230228E-7
-1.453844E-1	-4.292954E-7
-1.473825E-1	-4.355627E-7
-1.493782E-1	-4.417769E-7
-1.513702E-1	-4.479617E-7
-1.533667E-1	-4.541948E-7
-1.553628E-1	-4.604654E-7
-1.573932E-1	-4.668883E-7
-1.593876E-1	-4.730365E-7
-1.613820E-1	-4.794446E-7
-1.634420E-1	-4.859060E-7
-1.654392E-1	-4.921848E-7
-1.674348E-1	-4.984166E-7
-1.694307E-1	-5.047698E-7
-1.714243E-1	-5.111900E-7
-1.734218E-1	-5.175372E-7
-1.754166E-1	-5.238492E-7
-1.774416E-1	-5.303985E-7
-1.794388E-1	-5.367660E-7
-1.814319E-1	-5.431737E-7
-1.834314E-1	-5.495235E-7
-1.854226E-1	-5.559050E-7
-1.874191E-1	-5.623035E-7
-1.894779E-1	-5.690457E-7
-1.914771E-1	-5.755922E-7
-1.934713E-1	-5.819454E-7
-1.954976E-1	-5.884533E-7
-1.974917E-1	-5.948845E-7
-1.994839E-1	-6.014193E-7
-2.014847E-1	-6.078211E-7
-2.034756E-1	-6.142606E-7
-2.054690E-1	-6.207174E-7
-2.075004E-1	-6.273791E-7
-2.094972E-1	-6.340491E-7
-2.114943E-1	-6.405539E-7
-2.135507E-1	-6.473445E-7
-2.155494E-1	-6.536776E-7
-2.175461E-1	-6.603144E-7
-2.195394E-1	-6.669149E-7
-2.215339E-1	-6.734919E-7
-2.235298E-1	-6.801406E-7
-2.255251E-1	-6.867946E-7
-2.275545E-1	-6.935588E-7
-2.295455E-1	-7.000741E-7
-2.315411E-1	-7.067518E-7
-2.335341E-1	-7.133764E-7
-2.355341E-1	-7.201037E-7
-2.375281E-1	-7.267855E-7
-2.395921E-1	-7.336118E-7
-2.415861E-1	-7.402571E-7
-2.435820E-1	-7.468888E-7
-2.456120E-1	-7.538202E-7
-2.476044E-1	-7.605051E-7
-2.495989E-1	-7.672487E-7
-2.515944E-1	-7.739733E-7
-2.535882E-1	-7.806908E-7
-2.555830E-1	-7.873986E-7
-2.576106E-1	-7.943115E-7
-2.596060E-1	-8.011299E-7
-2.616025E-1	-8.078638E-7
-2.636307E-1	-8.148833E-7
-2.656584E-1	-8.217731E-7
-2.676494E-1	-8.286401E-7
-2.696477E-1	-8.353260E-7
-2.716427E-1	-8.420655E-7
-2.736369E-1	-8.489523E-7
-2.756327E-1	-8.558318E-7
-2.776622E-1	-8.628191E-7
-2.796597E-1	-8.696259E-7
-2.816530E-1	-8.764691E-7
-2.836464E-1	-8.833256E-7
-2.856414E-1	-8.901233E-7
-2.876397E-1	-8.970445E-7
-2.897011E-1	-9.041743E-7
-2.916973E-1	-9.110528E-7
-2.936896E-1	-9.179976E-7
-2.957231E-1	-9.250833E-7
-2.977159E-1	-9.320776E-7
-2.997087E-1	-9.389629E-7
-3.017045E-1	-9.459330E-7
-3.037001E-1	-9.528160E-7
-3.056965E-1	-9.596801E-7
-3.077229E-1	-9.668084E-7
-3.097178E-1	-9.737222E-7
-3.117152E-1	-9.807386E-7
-3.137455E-1	-9.877140E-7
-3.157733E-1	-9.948659E-7
-3.177667E-1	-1.001967E-6
-3.197606E-1	-1.009160E-6
-3.217568E-1	-1.016225E-6
-3.237528E-1	-1.023211E-6
-3.257463E-1	-1.030191E-6
-3.277721E-1	-1.037336E-6
-3.297710E-1	-1.044353E-6
-3.317212E-1	-1.051312E-6
-3.337150E-1	-1.058560E-6
-3.357081E-1	-1.065542E-6
-3.377028E-1	-1.072768E-6
-3.397657E-1	-1.080235E-6
-3.417577E-1	-1.087153E-6
-3.437543E-1	-1.094406E-6
-3.457826E-1	-1.101633E-6
-3.477814E-1	-1.108781E-6
-3.497759E-1	-1.115760E-6
-3.517680E-1	-1.123025E-6
-3.537615E-1	-1.129946E-6
-3.557585E-1	-1.137268E-6
-3.577882E-1	-1.144454E-6
-3.597810E-1	-1.151829E-6
-3.617740E-1	-1.159100E-6
-3.638047E-1	-1.166283E-6
-3.658341E-1	-1.173818E-6
-3.678257E-1	-1.180937E-6
-3.698213E-1	-1.188014E-6
-3.718144E-1	-1.195352E-6
-3.738118E-1	-1.202629E-6
-3.758060E-1	-1.209917E-6
-3.778345E-1	-1.217336E-6
-3.798290E-1	-1.224411E-6
-3.818250E-1	-1.231923E-6
-3.838212E-1	-1.238946E-6
-3.858121E-1	-1.246355E-6
-3.878065E-1	-1.253632E-6
-3.898680E-1	-1.261207E-6
-3.918650E-1	-1.268335E-6
-3.938577E-1	-1.275779E-6
-3.958841E-1	-1.283276E-6
-3.978811E-1	-1.290431E-6
-3.998765E-1	-1.297935E-6
-4.018717E-1	-1.305382E-6
-4.038653E-1	-1.312734E-6
-4.058565E-1	-1.320124E-6
-4.078539E-1	-1.327237E-6
-4.098804E-1	-1.334972E-6
-4.118780E-1	-1.342338E-6
-4.139041E-1	-1.349883E-6
-4.159372E-1	-1.357469E-6
-4.179311E-1	-1.364921E-6
-4.199237E-1	-1.372302E-6
-4.219174E-1	-1.379861E-6
-4.239135E-1	-1.387234E-6
-4.259096E-1	-1.394634E-6
-4.279386E-1	-1.402138E-6
-4.299312E-1	-1.409283E-6
-4.319262E-1	-1.416651E-6
-4.339234E-1	-1.424114E-6
-4.359162E-1	-1.431798E-6
-4.379105E-1	-1.439476E-6
-4.399714E-1	-1.447389E-6
-4.419691E-1	-1.454742E-6
-4.439622E-1	-1.462439E-6
-4.459910E-1	-1.469604E-6
-4.479853E-1	-1.477140E-6
-4.499815E-1	-1.484683E-6
-4.519789E-1	-1.492422E-6
-4.539718E-1	-1.499734E-6
-4.559643E-1	-1.507233E-6
-4.579597E-1	-1.514883E-6
-4.599892E-1	-1.522277E-6
-4.619832E-1	-1.529945E-6
-4.640095E-1	-1.537502E-6
-4.660383E-1	-1.545268E-6
-4.680347E-1	-1.552805E-6
-4.700285E-1	-1.560488E-6
-4.720213E-1	-1.567955E-6
-4.740160E-1	-1.575788E-6
-4.760079E-1	-1.583602E-6
-4.780381E-1	-1.590877E-6
-4.800344E-1	-1.598640E-6
-4.820286E-1	-1.606263E-6
-4.840221E-1	-1.613951E-6
-4.860204E-1	-1.621825E-6
-4.880146E-1	-1.629358E-6
-4.900770E-1	-1.637181E-6
-4.920709E-1	-1.645185E-6
-4.940647E-1	-1.652709E-6
-4.960599E-1	-1.660195E-6
-4.980862E-1	-1.668218E-6
-5.000821E-1	-1.675843E-6
