Voltage (V)	Current (A)
-5.000807E-1	-1.685785E-6
-4.980869E-1	-1.678182E-6
-4.960598E-1	-1.670102E-6
-4.940658E-1	-1.662812E-6
-4.920694E-1	-1.654744E-6
-4.900748E-1	-1.647403E-6
-4.880820E-1	-1.639704E-6
-4.860187E-1	-1.631914E-6
-4.840213E-1	-1.623837E-6
-4.820285E-1	-1.616376E-6
-4.800340E-1	-1.608822E-6
-4.780372E-1	-1.601121E-6
-4.760085E-1	-1.593215E-6
-4.740146E-1	-1.585573E-6
-4.720217E-1	-1.577920E-6
-4.700291E-1	-1.570738E-6
-4.680334E-1	-1.562679E-6
-4.660378E-1	-1.555099E-6
-4.640092E-1	-1.547273E-6
-4.619829E-1	-1.539483E-6
-4.599877E-1	-1.532068E-6
-4.579587E-1	-1.524321E-6
-4.559650E-1	-1.516832E-6
-4.539715E-1	-1.509178E-6
-4.519774E-1	-1.501398E-6
-4.499819E-1	-1.494111E-6
-4.479842E-1	-1.486538E-6
-4.459899E-1	-1.478912E-6
-4.439611E-1	-1.471452E-6
-4.419676E-1	-1.463713E-6
-4.399695E-1	-1.456245E-6
-4.379779E-1	-1.448837E-6
-4.359168E-1	-1.440941E-6
-4.339224E-1	-1.433558E-6
-4.319235E-1	-1.426198E-6
-4.299316E-1	-1.418433E-6
-4.279382E-1	-1.410907E-6
-4.259087E-1	-1.403449E-6
-4.239118E-1	-1.395967E-6
-4.219165E-1	-1.388658E-6
-4.199226E-1	-1.381075E-6
-4.179298E-1	-1.373293E-6
-4.159351E-1	-1.365990E-6
-4.139035E-1	-1.358684E-6
-4.118751E-1	-1.351031E-6
-4.098797E-1	-1.343490E-6
-4.078521E-1	-1.335904E-6
-4.058572E-1	-1.328554E-6
-4.038630E-1	-1.320715E-6
-4.018700E-1	-1.313511E-6
-3.998756E-1	-1.306141E-6
-3.978797E-1	-1.298752E-6
-3.958851E-1	-1.291491E-6
-3.938562E-1	-1.284212E-6
-3.918652E-1	-1.276675E-6
-3.898691E-1	-1.269470E-6
-3.878740E-1	-1.261995E-6
-3.858121E-1	-1.254599E-6
-3.838217E-1	-1.247148E-6
-3.818254E-1	-1.239692E-6
-3.798282E-1	-1.232491E-6
-3.778340E-1	-1.225255E-6
-3.758060E-1	-1.217673E-6
-3.738120E-1	-1.210479E-6
-3.718151E-1	-1.203094E-6
-3.698204E-1	-1.195576E-6
-3.678264E-1	-1.188505E-6
-3.658336E-1	-1.181278E-6
-3.638055E-1	-1.174040E-6
-3.617742E-1	-1.166543E-6
-3.597810E-1	-1.159399E-6
-3.577869E-1	-1.152131E-6
-3.557585E-1	-1.144664E-6
-3.537615E-1	-1.137386E-6
-3.517670E-1	-1.130375E-6
-3.497753E-1	-1.123156E-6
-3.477800E-1	-1.116000E-6
-3.457816E-1	-1.108931E-6
-3.437541E-1	-1.101628E-6
-3.417578E-1	-1.094293E-6
-3.397650E-1	-1.087342E-6
-3.377697E-1	-1.080030E-6
-3.357070E-1	-1.072923E-6
-3.337148E-1	-1.065969E-6
-3.317215E-1	-1.058924E-6
-3.297278E-1	-1.051723E-6
-3.277289E-1	-1.044525E-6
-3.257032E-1	-1.037376E-6
-3.237097E-1	-1.029983E-6
-3.217132E-1	-1.023039E-6
-3.197197E-1	-1.015808E-6
-3.177254E-1	-1.008793E-6
-3.157315E-1	-1.001848E-6
-3.137447E-1	-9.947250E-7
-3.117150E-1	-9.875710E-7
-3.097187E-1	-9.804546E-7
-3.077246E-1	-9.735745E-7
-3.056975E-1	-9.663911E-7
-3.037001E-1	-9.594152E-7
-3.017041E-1	-9.525770E-7
-2.997081E-1	-9.455302E-7
-2.977172E-1	-9.385507E-7
-2.957232E-1	-9.313822E-7
-2.936908E-1	-9.244202E-7
-2.916976E-1	-9.173914E-7
-2.897036E-1	-9.105169E-7
-2.877058E-1	-9.035645E-7
-2.856420E-1	-8.964837E-7
-2.836474E-1	-8.895287E-7
-2.816534E-1	-8.823922E-7
-2.796597E-1	-8.754401E-7
-2.776645E-1	-8.686288E-7
-2.756337E-1	-8.616266E-7
-2.736369E-1	-8.549318E-7
-2.716452E-1	-8.479875E-7
-2.696478E-1	-8.410499E-7
-2.676504E-1	-8.342132E-7
-2.656601E-1	-8.273781E-7
-2.636322E-1	-8.203544E-7
-2.616049E-1	-8.134803E-7
-2.596067E-1	-8.066464E-7
-2.576115E-1	-7.999319E-7
-2.555839E-1	-7.929219E-7
-2.535892E-1	-7.861009E-7
-2.515966E-1	-7.793677E-7
-2.496005E-1	-7.725241E-7
-2.476056E-1	-7.657217E-7
-2.456126E-1	-7.591270E-7
-2.435839E-1	-7.521004E-7
-2.415867E-1	-7.454819E-7
-2.395929E-1	-7.387424E-7
-2.375992E-1	-7.321722E-7
-2.355347E-1	-7.252294E-7
-2.335356E-1	-7.182963E-7
-2.315408E-1	-7.116082E-7
-2.295489E-1	-7.049782E-7
-2.275559E-1	-6.982850E-7
-2.255270E-1	-6.916018E-7
-2.235309E-1	-6.849076E-7
-2.215355E-1	-6.783555E-7
-2.195418E-1	-6.717608E-7
-2.175481E-1	-6.650237E-7
-2.155521E-1	-6.584722E-7
-2.135541E-1	-6.517903E-7
-2.114972E-1	-6.451285E-7
-2.094993E-1	-6.385526E-7
-2.075022E-1	-6.320256E-7
-2.054724E-1	-6.252081E-7
-2.034775E-1	-6.186801E-7
-2.014851E-1	-6.121599E-7
-1.994856E-1	-6.056135E-7
-1.974946E-1	-5.991183E-7
-1.954996E-1	-5.926418E-7
-1.934731E-1	-5.859641E-7
-1.914789E-1	-5.795053E-7
-1.894801E-1	-5.730346E-7
-1.874890E-1	-5.664435E-7
-1.854245E-1	-5.598928E-7
-1.834325E-1	-5.534206E-7
-1.814337E-1	-5.469988E-7
-1.794422E-1	-5.405100E-7
-1.774445E-1	-5.340722E-7
-1.754173E-1	-5.276618E-7
-1.734235E-1	-5.212727E-7
-1.714253E-1	-5.148673E-7
-1.694320E-1	-5.084041E-7
-1.674367E-1	-5.020823E-7
-1.654402E-1	-4.956761E-7
-1.634429E-1	-4.894114E-7
-1.613827E-1	-4.828129E-7
-1.593897E-1	-4.764664E-7
-1.573950E-1	-4.702177E-7
-1.553623E-1	-4.637833E-7
-1.533689E-1	-4.575788E-7
-1.513706E-1	-4.512939E-7
-1.493797E-1	-4.449522E-7
-1.473842E-1	-4.387547E-7
-1.453861E-1	-4.324325E-7
-1.433583E-1	-4.259885E-7
-1.413663E-1	-4.199017E-7
-1.393703E-1	-4.136156E-7
-1.373725E-1	-4.074438E-7
-1.353097E-1	-4.009738E-7
-1.333164E-1	-3.947333E-7
-1.313172E-1	-3.885992E-7
-1.293195E-1	-3.824527E-7
-1.273276E-1	-3.762457E-7
-1.253332E-1	-3.701173E-7
-1.233046E-1	-3.639309E-7
-1.213085E-1	-3.577720E-7
-1.193162E-1	-3.517206E-7
-1.173195E-1	-3.456011E-7
-1.153273E-1	-3.394676E-7
-1.133308E-1	-3.333975E-7
-1.112679E-1	-3.271467E-7
-1.092732E-1	-3.210681E-7
-1.072816E-1	-3.150369E-7
-1.052533E-1	-3.088990E-7
-1.032536E-1	-3.028281E-7
-1.012600E-1	-2.967856E-7
-9.926506E-2	-2.907782E-7
-9.726788E-2	-2.847854E-7
-9.527179E-2	-2.787849E-7
-9.324498E-2	-2.727136E-7
-9.125057E-2	-2.666756E-7
-8.925687E-2	-2.607423E-7
-8.726379E-2	-2.548125E-7
-8.519739E-2	-2.486269E-7
-8.320393E-2	-2.427130E-7
-8.120944E-2	-2.367807E-7
-7.921644E-2	-2.308383E-7
-7.721438E-2	-2.249484E-7
-7.522626E-2	-2.190064E-7
-7.319626E-2	-2.130179E-7
-7.120121E-2	-2.071046E-7
-6.920355E-2	-2.012454E-7
-6.720684E-2	-1.953611E-7
-6.521263E-2	-1.894638E-7
-6.321851E-2	-1.836290E-7
-6.115398E-2	-1.775416E-7
-5.915999E-2	-1.717339E-7
-5.716596E-2	-1.659003E-7
-5.513990E-2	-1.599804E-7
-5.314385E-2	-1.541410E-7
-5.114891E-2	-1.483233E-7
-4.915365E-2	-1.425193E-7
-4.716144E-2	-1.366878E-7
-4.516384E-2	-1.308593E-7
-4.312861E-2	-1.249246E-7
-4.114028E-2	-1.191417E-7
-3.914543E-2	-1.133519E-7
-3.715372E-2	-1.075862E-7
-3.508892E-2	-1.015764E-7
-3.309283E-2	-9.579986E-8
-3.109613E-2	-8.999798E-8
-2.910236E-2	-8.421418E-8
-2.710657E-2	-7.843808E-8
-2.511036E-2	-7.265017E-8
-2.308174E-2	-6.677330E-8
-2.108813E-2	-6.098514E-8
-1.909537E-2	-5.521996E-8
-1.709548E-2	-4.941511E-8
-1.510087E-2	-4.364438E-8
-1.310435E-2	-3.786713E-8
-1.104684E-2	-3.189186E-8
-9.045617E-3	-2.608939E-8
-7.053517E-3	-2.030807E-8
-5.025828E-3	-1.442388E-8
-3.030881E-3	-8.621740E-9
-1.037441E-3	-2.824043E-9
9.517163E-4	3.004773E-9
2.948022E-3	8.773006E-9
4.976138E-3	1.467946E-8
6.968760E-3	2.048892E-8
8.966313E-3	2.631963E-8
1.096028E-2	3.214635E-8
1.295492E-2	3.797872E-8
1.501534E-2	4.401565E-8
1.701299E-2	4.987445E-8
1.900796E-2	5.573187E-8
2.100083E-2	6.159610E-8
2.302786E-2	6.757454E-8
2.502024E-2	7.344210E-8
2.701923E-2	7.934496E-8
2.901443E-2	8.524739E-8
3.101089E-2	9.116099E-8
3.299890E-2	9.706645E-8
3.503395E-2	1.031246E-7
3.703020E-2	1.090492E-7
3.905565E-2	1.151128E-7
4.108180E-2	1.211776E-7
4.307857E-2	1.271204E-7
4.507403E-2	1.331401E-7
4.706422E-2	1.391013E-7
4.906144E-2	1.451228E-7
5.105633E-2	1.511222E-7
5.308162E-2	1.572638E-7
5.507870E-2	1.633271E-7
5.706847E-2	1.693949E-7
5.906396E-2	1.754825E-7
6.105933E-2	1.815569E-7
6.312486E-2	1.878738E-7
6.511734E-2	1.939668E-7
6.711004E-2	2.000920E-7
6.910852E-2	2.061945E-7
7.113700E-2	2.124656E-7
7.313088E-2	2.186462E-7
7.512441E-2	2.248307E-7
7.711924E-2	2.309990E-7
7.911385E-2	2.372214E-7
8.110966E-2	2.434652E-7
8.313817E-2	2.498125E-7
8.513018E-2	2.560179E-7
8.712828E-2	2.623134E-7
8.919100E-2	2.687803E-7
9.118347E-2	2.750927E-7
9.317434E-2	2.813555E-7
9.517193E-2	2.877010E-7
9.716887E-2	2.939803E-7
9.916183E-2	3.003455E-7
1.011890E-1	3.067847E-7
1.031838E-1	3.131706E-7
1.051806E-1	3.195536E-7
1.071709E-1	3.259724E-7
1.091685E-1	3.323707E-7
1.111592E-1	3.387452E-7
1.132257E-1	3.454340E-7
1.152172E-1	3.519557E-7
1.172138E-1	3.584575E-7
1.192407E-1	3.650346E-7
1.212351E-1	3.714489E-7
1.232317E-1	3.780021E-7
1.252221E-1	3.844393E-7
1.272173E-1	3.910360E-7
1.292134E-1	3.975763E-7
1.312442E-1	4.042716E-7
1.332368E-1	4.107745E-7
1.352282E-1	4.174068E-7
1.372283E-1	4.239958E-7
1.392910E-1	4.308220E-7
1.412883E-1	4.374654E-7
1.432808E-1	4.441230E-7
1.452748E-1	4.507440E-7
1.472692E-1	4.574323E-7
1.492978E-1	4.642224E-7
1.512941E-1	4.709375E-7
1.532878E-1	4.776282E-7
1.552838E-1	4.843586E-7
1.572777E-1	4.910632E-7
1.592706E-1	4.978742E-7
1.612990E-1	5.046631E-7
1.633258E-1	5.116145E-7
1.653254E-1	5.184054E-7
1.673555E-1	5.253668E-7
1.693479E-1	5.322098E-7
1.713407E-1	5.390432E-7
1.733399E-1	5.458444E-7
1.753337E-1	5.527370E-7
1.773267E-1	5.595673E-7
1.793549E-1	5.665269E-7
1.813475E-1	5.733597E-7
1.833453E-1	5.802436E-7
1.853374E-1	5.871854E-7
1.873322E-1	5.941802E-7
1.893933E-1	6.012282E-7
1.913909E-1	6.082253E-7
1.933828E-1	6.151660E-7
1.953785E-1	6.221089E-7
1.974033E-1	6.293284E-7
1.993995E-1	6.362787E-7
2.013943E-1	6.432772E-7
2.033861E-1	6.503229E-7
2.053828E-1	6.573908E-7
2.073809E-1	6.643770E-7
2.094088E-1	6.715259E-7
2.114022E-1	6.785836E-7
2.134304E-1	6.857788E-7
2.154577E-1	6.928783E-7
2.174524E-1	6.999716E-7
2.194493E-1	7.070382E-7
2.214439E-1	7.141679E-7
2.234356E-1	7.212846E-7
2.254329E-1	7.285473E-7
2.274601E-1	7.357339E-7
2.294527E-1	7.427355E-7
2.314471E-1	7.500568E-7
2.334450E-1	7.571743E-7
2.354387E-1	7.643221E-7
2.374320E-1	7.714912E-7
2.394931E-1	7.789383E-7
2.414918E-1	7.862749E-7
2.434871E-1	7.933724E-7
2.455151E-1	8.008747E-7
2.475084E-1	8.079801E-7
2.495009E-1	8.152226E-7
2.514973E-1	8.224054E-7
2.534919E-1	8.298229E-7
2.554857E-1	8.370378E-7
2.575119E-1	8.444503E-7
2.595084E-1	8.518840E-7
2.615040E-1	8.590175E-7
2.635626E-1	8.666635E-7
2.655572E-1	8.738722E-7
2.675506E-1	8.811682E-7
2.695470E-1	8.886872E-7
2.715372E-1	8.960344E-7
2.735361E-1	9.034773E-7
2.755642E-1	9.108700E-7
2.775619E-1	9.183095E-7
2.795559E-1	9.255247E-7
2.815481E-1	9.328236E-7
2.835434E-1	9.402502E-7
2.855394E-1	9.479929E-7
2.875704E-1	9.556057E-7
2.895960E-1	9.632299E-7
2.915911E-1	9.706042E-7
2.936209E-1	9.781844E-7
2.956142E-1	9.855324E-7
2.976059E-1	9.930861E-7
2.996005E-1	1.000493E-6
3.015957E-1	1.008035E-6
3.035926E-1	1.015664E-6
3.056203E-1	1.023193E-6
3.076155E-1	1.030620E-6
3.096103E-1	1.038286E-6
3.116057E-1	1.045842E-6
3.136329E-1	1.053543E-6
3.156255E-1	1.061012E-6
3.176173E-1	1.068331E-6
3.196135E-1	1.076044E-6
3.216091E-1	1.083567E-6
3.236343E-1	1.091332E-6
3.256287E-1	1.099148E-6
3.276255E-1	1.106861E-6
3.296206E-1	1.114392E-6
3.316135E-1	1.121938E-6
3.336077E-1	1.129438E-6
3.356338E-1	1.137153E-6
3.376280E-1	1.144850E-6
3.396558E-1	1.152508E-6
3.416843E-1	1.160345E-6
3.436806E-1	1.168083E-6
3.456756E-1	1.175845E-6
3.476707E-1	1.183506E-6
3.496626E-1	1.191110E-6
3.516562E-1	1.198839E-6
3.536842E-1	1.206886E-6
3.556820E-1	1.214418E-6
3.576765E-1	1.222063E-6
3.596675E-1	1.230052E-6
3.616624E-1	1.237511E-6
3.637257E-1	1.245441E-6
3.657208E-1	1.253287E-6
3.677117E-1	1.261076E-6
3.697067E-1	1.269117E-6
3.717357E-1	1.276745E-6
3.737309E-1	1.284257E-6
3.757248E-1	1.292411E-6
3.777170E-1	1.300237E-6
3.797130E-1	1.307776E-6
3.817112E-1	1.315858E-6
3.837362E-1	1.323885E-6
3.857298E-1	1.331659E-6
3.877252E-1	1.339693E-6
3.897531E-1	1.347419E-6
3.917811E-1	1.355318E-6
3.937734E-1	1.363140E-6
3.957662E-1	1.371091E-6
3.977651E-1	1.379189E-6
3.997582E-1	1.386899E-6
4.017836E-1	1.394918E-6
4.037765E-1	1.403110E-6
4.057702E-1	1.410741E-6
4.077674E-1	1.418766E-6
4.097620E-1	1.426738E-6
4.117563E-1	1.434809E-6
4.138173E-1	1.442891E-6
4.158151E-1	1.451039E-6
4.178091E-1	1.458880E-6
4.198016E-1	1.466691E-6
4.218304E-1	1.474671E-6
4.238248E-1	1.482749E-6
4.258201E-1	1.490545E-6
4.278118E-1	1.498678E-6
4.298078E-1	1.506399E-6
4.318362E-1	1.514857E-6
4.338318E-1	1.522829E-6
4.358262E-1	1.530610E-6
4.378179E-1	1.538638E-6
4.398793E-1	1.547111E-6
4.418766E-1	1.555082E-6
4.438723E-1	1.563163E-6
4.458646E-1	1.571383E-6
4.478585E-1	1.579476E-6
4.498561E-1	1.587551E-6
4.518826E-1	1.595479E-6
4.538750E-1	1.603537E-6
4.558699E-1	1.611932E-6
4.578644E-1	1.619811E-6
4.598585E-1	1.627839E-6
4.618854E-1	1.635888E-6
4.639150E-1	1.644250E-6
4.659087E-1	1.652348E-6
4.679036E-1	1.660480E-6
4.699330E-1	1.669168E-6
4.719251E-1	1.677080E-6
4.739180E-1	1.685046E-6
4.759134E-1	1.693193E-6
4.779063E-1	1.701365E-6
4.799018E-1	1.709644E-6
4.819291E-1	1.717920E-6
4.839264E-1	1.725945E-6
4.859198E-1	1.734078E-6
4.879110E-1	1.742468E-6
4.899750E-1	1.750697E-6
4.919698E-1	1.758885E-6
4.939641E-1	1.767505E-6
4.959592E-1	1.775164E-6
4.979531E-1	1.783690E-6
4.999803E-1	1.792294E-6
