Voltage (V)	Current (A)
-1.000050E+0	-1.079674E-6
-9.960826E-1	-1.067664E-6
-9.920471E-1	-1.055423E-6
-9.880654E-1	-1.043513E-6
-9.840026E-1	-1.031616E-6
-9.800144E-1	-1.019753E-6
-9.760194E-1	-1.008226E-6
-9.720421E-1	-9.961383E-7
-9.680572E-1	-9.846440E-7
-9.640619E-1	-9.731898E-7
-9.600094E-1	-9.613327E-7
-9.560202E-1	-9.499340E-7
-9.519987E-1	-9.386282E-7
-9.480097E-1	-9.273368E-7
-9.440132E-1	-9.160282E-7
-9.399950E-1	-9.048250E-7
-9.359658E-1	-8.933831E-7
-9.319410E-1	-8.824223E-7
-9.279577E-1	-8.713546E-7
-9.239591E-1	-8.604395E-7
-9.199507E-1	-8.495653E-7
-9.159481E-1	-8.386240E-7
-9.119016E-1	-8.276472E-7
-9.079054E-1	-8.169931E-7
-9.038864E-1	-8.062423E-7
-8.998943E-1	-7.959426E-7
-8.959075E-1	-7.853957E-7
-8.918800E-1	-7.749257E-7
-8.878868E-1	-7.646335E-7
-8.838361E-1	-7.541054E-7
-8.798519E-1	-7.440003E-7
-8.758565E-1	-7.338834E-7
-8.718359E-1	-7.237684E-7
-8.678516E-1	-7.138394E-7
-8.638548E-1	-7.038132E-7
-8.597929E-1	-6.939321E-7
-8.558040E-1	-6.841486E-7
-8.517855E-1	-6.744835E-7
-8.478029E-1	-6.648932E-7
-8.437973E-1	-6.552625E-7
-8.397885E-1	-6.457590E-7
-8.357582E-1	-6.362735E-7
-8.317464E-1	-6.268828E-7
-8.277455E-1	-6.175148E-7
-8.237416E-1	-6.085003E-7
-8.197396E-1	-5.993262E-7
-8.157456E-1	-5.902592E-7
-8.116905E-1	-5.811373E-7
-8.076962E-1	-5.723946E-7
-8.036767E-1	-5.636874E-7
-7.996826E-1	-5.549606E-7
-7.957013E-1	-5.463455E-7
-7.917158E-1	-5.378041E-7
-7.876775E-1	-5.292828E-7
-7.836140E-1	-5.207589E-7
-7.796412E-1	-5.123759E-7
-7.756447E-1	-5.041667E-7
-7.716272E-1	-4.959564E-7
-7.676363E-1	-4.880349E-7
-7.636380E-1	-4.800960E-7
-7.595904E-1	-4.720197E-7
-7.555935E-1	-4.642803E-7
-7.515717E-1	-4.565282E-7
-7.475834E-1	-4.489562E-7
-7.435987E-1	-4.414043E-7
-7.395833E-1	-4.338459E-7
-7.355566E-1	-4.265169E-7
-7.315326E-1	-4.190331E-7
-7.275373E-1	-4.118723E-7
-7.235444E-1	-4.048117E-7
-7.195280E-1	-3.976964E-7
-7.155358E-1	-3.906819E-7
-7.114873E-1	-3.838182E-7
-7.074904E-1	-3.770712E-7
-7.034955E-1	-3.703427E-7
-6.994853E-1	-3.636767E-7
-6.954983E-1	-3.572222E-7
-6.914974E-1	-3.507217E-7
-6.874761E-1	-3.443251E-7
-6.834211E-1	-3.379660E-7
-6.794326E-1	-3.317660E-7
-6.754341E-1	-3.256501E-7
-6.714152E-1	-3.195846E-7
-6.674234E-1	-3.136756E-7
-6.634389E-1	-3.078238E-7
-6.593844E-1	-3.019358E-7
-6.553839E-1	-2.962912E-7
-6.513650E-1	-2.906306E-7
-6.473809E-1	-2.850405E-7
-6.433887E-1	-2.795892E-7
-6.393642E-1	-2.742402E-7
-6.353503E-1	-2.689273E-7
-6.313154E-1	-2.637046E-7
-6.273292E-1	-2.585832E-7
-6.233376E-1	-2.534858E-7
-6.193193E-1	-2.485456E-7
-6.153274E-1	-2.434911E-7
-6.112745E-1	-2.385513E-7
-6.072832E-1	-2.338923E-7
-6.033022E-1	-2.292383E-7
-5.992624E-1	-2.245491E-7
-5.952860E-1	-2.200331E-7
-5.912953E-1	-2.157992E-7
-5.872777E-1	-2.114432E-7
-5.832149E-1	-2.071282E-7
-5.792233E-1	-2.030047E-7
-5.752361E-1	-1.988131E-7
-5.712165E-1	-1.947204E-7
-5.672221E-1	-1.907495E-7
-5.632221E-1	-1.868963E-7
-5.591663E-1	-1.829890E-7
-5.551882E-1	-1.792238E-7
-5.511560E-1	-1.754976E-7
-5.471783E-1	-1.718726E-7
-5.431835E-1	-1.683768E-7
-5.391648E-1	-1.648210E-7
-5.351407E-1	-1.613749E-7
-5.311220E-1	-1.580433E-7
-5.271273E-1	-1.548197E-7
-5.231423E-1	-1.515676E-7
-5.191115E-1	-1.484178E-7
-5.151199E-1	-1.453221E-7
-5.110669E-1	-1.421974E-7
-5.070859E-1	-1.393470E-7
-5.030947E-1	-1.363732E-7
-4.990635E-1	-1.335246E-7
-4.950680E-1	-1.307743E-7
-4.910867E-1	-1.281511E-7
-4.870618E-1	-1.254708E-7
-4.830127E-1	-1.228616E-7
-4.790140E-1	-1.202721E-7
-4.750323E-1	-1.178686E-7
-4.710393E-1	-1.154403E-7
-4.670232E-1	-1.131367E-7
-4.630328E-1	-1.107927E-7
-4.589790E-1	-1.084938E-7
-4.549772E-1	-1.063140E-7
-4.509618E-1	-1.041413E-7
-4.469707E-1	-1.020551E-7
-4.429800E-1	-9.995006E-8
-4.389554E-1	-9.792644E-8
-4.349293E-1	-9.598338E-8
-4.309044E-1	-9.403702E-8
-4.269145E-1	-9.217212E-8
-4.229290E-1	-9.033032E-8
-4.189091E-1	-8.851099E-8
-4.149234E-1	-8.673437E-8
-4.108649E-1	-8.497659E-8
-4.068611E-1	-8.330407E-8
-4.028779E-1	-8.162687E-8
-3.988647E-1	-7.992952E-8
-3.948665E-1	-7.839343E-8
-3.908839E-1	-7.689025E-8
-3.868575E-1	-7.529877E-8
-3.828024E-1	-7.378743E-8
-3.788036E-1	-7.228832E-8
-3.748153E-1	-7.085939E-8
-3.708301E-1	-6.944036E-8
-3.668085E-1	-6.809638E-8
-3.628131E-1	-6.665162E-8
-3.587654E-1	-6.524477E-8
-3.547752E-1	-6.391875E-8
-3.507561E-1	-6.254653E-8
-3.467610E-1	-6.124965E-8
-3.427803E-1	-5.996241E-8
-3.387516E-1	-5.872868E-8
-3.347284E-1	-5.747867E-8
-3.307092E-1	-5.621050E-8
-3.267090E-1	-5.499424E-8
-3.227209E-1	-5.379422E-8
-3.187093E-1	-5.263319E-8
-3.147121E-1	-5.148993E-8
-3.106555E-1	-5.024248E-8
-3.066745E-1	-4.916455E-8
-3.026804E-1	-4.806299E-8
-2.986440E-1	-4.689587E-8
-2.946623E-1	-4.578137E-8
-2.906759E-1	-4.475063E-8
-2.866448E-1	-4.362404E-8
-2.826273E-1	-4.259567E-8
-2.786035E-1	-4.154885E-8
-2.746105E-1	-4.047999E-8
-2.706237E-1	-3.945359E-8
-2.665886E-1	-3.846480E-8
-2.626125E-1	-3.742616E-8
-2.585592E-1	-3.645114E-8
-2.545712E-1	-3.550772E-8
-2.505462E-1	-3.456255E-8
-2.465449E-1	-3.356139E-8
-2.425658E-1	-3.266994E-8
-2.385806E-1	-3.169950E-8
-2.345145E-1	-3.075319E-8
-2.304915E-1	-2.987358E-8
-2.265044E-1	-2.893572E-8
-2.225061E-1	-2.812580E-8
-2.184979E-1	-2.729083E-8
-2.145119E-1	-2.645057E-8
-2.104465E-1	-2.559320E-8
-2.064574E-1	-2.477126E-8
-2.024686E-1	-2.399814E-8
-1.984346E-1	-2.316157E-8
-1.944557E-1	-2.235312E-8
-1.904718E-1	-2.158878E-8
-1.864092E-1	-2.085270E-8
-1.824269E-1	-2.007883E-8
-1.783915E-1	-1.941300E-8
-1.744080E-1	-1.870199E-8
-1.704109E-1	-1.797487E-8
-1.663960E-1	-1.728365E-8
-1.623963E-1	-1.664891E-8
-1.583449E-1	-1.594133E-8
-1.543572E-1	-1.529080E-8
-1.503421E-1	-1.465699E-8
-1.463447E-1	-1.403700E-8
-1.423591E-1	-1.342881E-8
-1.383646E-1	-1.282775E-8
-1.343059E-1	-1.227282E-8
-1.302920E-1	-1.173913E-8
-1.262906E-1	-1.116208E-8
-1.223020E-1	-1.066454E-8
-1.182825E-1	-1.014882E-8
-1.142911E-1	-9.604971E-9
-1.102343E-1	-9.141925E-9
-1.062548E-1	-8.662326E-9
-1.022664E-1	-8.199069E-9
-9.823529E-2	-7.784225E-9
-9.423167E-2	-7.335472E-9
-9.025203E-2	-6.877034E-9
-8.620538E-2	-6.493466E-9
-8.220036E-2	-6.102573E-9
-7.818764E-2	-5.713961E-9
-7.419354E-2	-5.360078E-9
-7.020716E-2	-5.018683E-9
-6.618091E-2	-4.614885E-9
-6.219408E-2	-4.284054E-9
-5.812546E-2	-3.930297E-9
-5.415011E-2	-3.635871E-9
-5.015398E-2	-3.365125E-9
-4.614331E-2	-3.011577E-9
-4.214865E-2	-2.720301E-9
-3.815404E-2	-2.433129E-9
-3.410355E-2	-2.138743E-9
-3.007327E-2	-1.859371E-9
-2.609057E-2	-1.552877E-9
-2.209745E-2	-1.306306E-9
-1.806770E-2	-9.929912E-10
-1.406838E-2	-7.420658E-10
-1.003115E-2	-5.048023E-10
-6.041458E-3	-2.591987E-10
-2.037030E-3	-4.723284E-12
1.962694E-3	3.224127E-10
5.957678E-3	4.989267E-10
9.950422E-3	8.027271E-10
1.400400E-2	1.090269E-9
1.802413E-2	1.348779E-9
2.202320E-2	1.623667E-9
2.600482E-2	1.879160E-9
3.003757E-2	2.204579E-9
3.401302E-2	2.531461E-9
3.800686E-2	2.830157E-9
4.206498E-2	3.151553E-9
4.604741E-2	3.493005E-9
5.006195E-2	3.860856E-9
5.405987E-2	4.222745E-9
5.805268E-2	4.618844E-9
6.206534E-2	4.964333E-9
6.613842E-2	5.458316E-9
7.011893E-2	5.913261E-9
7.411050E-2	6.428198E-9
7.813026E-2	6.886611E-9
8.211695E-2	7.337450E-9
8.611520E-2	7.880039E-9
9.016741E-2	8.458777E-9
9.414988E-2	9.026339E-9
9.817996E-2	9.643634E-9
1.021568E-1	1.027876E-8
1.061527E-1	1.092241E-8
1.101808E-1	1.156059E-8
1.142323E-1	1.221062E-8
1.182252E-1	1.294617E-8
1.222128E-1	1.367285E-8
1.262217E-1	1.440965E-8
1.302252E-1	1.514778E-8
1.342079E-1	1.592614E-8
1.382335E-1	1.666996E-8
1.422538E-1	1.756701E-8
1.462681E-1	1.838115E-8
1.502671E-1	1.931536E-8
1.542548E-1	2.020439E-8
1.582815E-1	2.110465E-8
1.622726E-1	2.196975E-8
1.663206E-1	2.298104E-8
1.703148E-1	2.391384E-8
1.743393E-1	2.489974E-8
1.783233E-1	2.590600E-8
1.823194E-1	2.692653E-8
1.863317E-1	2.800610E-8
1.903574E-1	2.906079E-8
1.943813E-1	3.015945E-8
1.983646E-1	3.129615E-8
2.023537E-1	3.238067E-8
2.063729E-1	3.355408E-8
2.103660E-1	3.471622E-8
2.144181E-1	3.585755E-8
2.184078E-1	3.710083E-8
2.224384E-1	3.830930E-8
2.264274E-1	3.960489E-8
2.304050E-1	4.082017E-8
2.344386E-1	4.217607E-8
2.384235E-1	4.342556E-8
2.424782E-1	4.474489E-8
2.464686E-1	4.614059E-8
2.504650E-1	4.744040E-8
2.544728E-1	4.881384E-8
2.584604E-1	5.020081E-8
2.624591E-1	5.163642E-8
2.665107E-1	5.307606E-8
2.705353E-1	5.455530E-8
2.745306E-1	5.596419E-8
2.785138E-1	5.743657E-8
2.825429E-1	5.889438E-8
2.865282E-1	6.035614E-8
2.905891E-1	6.194809E-8
2.945720E-1	6.344631E-8
2.985509E-1	6.497964E-8
3.025740E-1	6.649550E-8
3.065672E-1	6.814921E-8
3.105509E-1	6.972509E-8
3.146279E-1	7.138631E-8
3.186435E-1	7.299503E-8
3.226269E-1	7.464509E-8
3.265989E-1	7.620233E-8
3.306465E-1	7.796355E-8
3.346148E-1	7.966146E-8
3.386695E-1	8.138806E-8
3.426720E-1	8.304489E-8
3.466578E-1	8.486452E-8
3.506908E-1	8.658491E-8
3.546641E-1	8.839616E-8
3.586653E-1	9.011710E-8
3.626828E-1	9.200364E-8
3.667358E-1	9.381299E-8
3.707210E-1	9.563562E-8
3.747130E-1	9.751155E-8
3.787242E-1	9.938724E-8
3.827186E-1	1.013548E-7
3.867125E-1	1.032379E-7
3.907615E-1	1.052483E-7
3.947582E-1	1.071653E-7
3.987836E-1	1.092299E-7
4.027671E-1	1.112052E-7
4.067559E-1	1.132624E-7
4.107743E-1	1.152577E-7
4.148478E-1	1.174227E-7
4.188296E-1	1.194513E-7
4.228118E-1	1.217076E-7
4.268356E-1	1.238283E-7
4.308248E-1	1.259931E-7
4.348159E-1	1.282532E-7
4.388599E-1	1.304602E-7
4.428629E-1	1.327251E-7
4.468745E-1	1.351510E-7
4.508686E-1	1.374923E-7
4.548589E-1	1.399084E-7
4.588821E-1	1.423204E-7
4.628727E-1	1.448521E-7
4.669252E-1	1.472866E-7
4.709075E-1	1.498846E-7
4.749358E-1	1.524925E-7
4.789301E-1	1.551066E-7
4.829110E-1	1.577322E-7
4.869327E-1	1.604467E-7
4.909676E-1	1.631877E-7
4.949811E-1	1.659475E-7
4.989687E-1	1.688367E-7
5.029659E-1	1.716108E-7
5.069948E-1	1.744765E-7
5.109634E-1	1.775205E-7
5.150270E-1	1.805377E-7
5.190250E-1	1.836434E-7
5.230419E-1	1.867628E-7
5.270178E-1	1.898003E-7
5.310108E-1	1.930929E-7
5.350344E-1	1.964234E-7
5.390637E-1	1.996959E-7
5.430743E-1	2.032186E-7
5.470688E-1	2.066072E-7
5.510636E-1	2.100470E-7
5.550815E-1	2.133386E-7
5.590670E-1	2.171109E-7
5.630575E-1	2.206955E-7
5.671157E-1	2.246546E-7
5.711380E-1	2.284972E-7
5.751238E-1	2.322589E-7
5.791045E-1	2.361615E-7
5.831387E-1	2.399514E-7
5.871215E-1	2.440489E-7
5.911895E-1	2.483402E-7
5.951654E-1	2.524052E-7
5.991582E-1	2.566354E-7
6.031774E-1	2.609877E-7
6.071694E-1	2.651863E-7
6.111526E-1	2.696798E-7
6.152104E-1	2.741655E-7
6.192302E-1	2.787390E-7
6.232292E-1	2.834271E-7
6.272171E-1	2.879821E-7
6.312386E-1	2.928120E-7
6.352288E-1	2.975504E-7
6.392760E-1	3.023829E-7
6.432685E-1	3.073547E-7
6.472647E-1	3.123167E-7
6.512831E-1	3.172713E-7
6.552727E-1	3.224546E-7
6.592532E-1	3.275498E-7
6.632733E-1	3.327924E-7
6.673539E-1	3.381424E-7
6.713266E-1	3.435460E-7
6.753148E-1	3.488837E-7
6.793313E-1	3.545144E-7
6.833269E-1	3.599702E-7
6.873063E-1	3.656646E-7
6.913682E-1	3.714862E-7
6.953620E-1	3.772601E-7
6.993843E-1	3.829960E-7
7.033722E-1	3.888979E-7
7.073645E-1	3.948095E-7
7.113830E-1	4.009460E-7
7.154360E-1	4.071141E-7
7.194312E-1	4.131860E-7
7.234281E-1	4.193881E-7
7.274582E-1	4.258195E-7
7.314299E-1	4.321243E-7
7.354166E-1	4.385703E-7
7.394830E-1	4.452335E-7
7.434668E-1	4.517304E-7
7.474972E-1	4.583366E-7
7.514659E-1	4.648465E-7
7.554500E-1	4.719966E-7
7.594867E-1	4.790372E-7
7.634714E-1	4.858641E-7
7.675232E-1	4.928170E-7
7.715189E-1	5.000022E-7
7.755346E-1	5.070566E-7
7.795274E-1	5.142378E-7
7.835175E-1	5.215975E-7
7.875466E-1	5.289556E-7
7.915675E-1	5.364570E-7
7.955943E-1	5.438613E-7
7.995712E-1	5.515850E-7
8.035610E-1	5.590222E-7
8.075872E-1	5.667965E-7
8.115789E-1	5.745923E-7
8.156385E-1	5.827446E-7
8.196308E-1	5.905094E-7
8.236474E-1	5.985484E-7
8.276339E-1	6.066001E-7
8.316221E-1	6.146059E-7
8.356390E-1	6.228365E-7
8.396634E-1	6.312047E-7
8.436893E-1	6.396879E-7
8.476767E-1	6.480593E-7
8.516644E-1	6.564782E-7
8.556882E-1	6.650345E-7
8.596782E-1	6.736471E-7
8.636584E-1	6.824422E-7
8.677291E-1	6.912647E-7
8.717424E-1	7.001840E-7
8.757350E-1	7.090740E-7
8.797127E-1	7.180552E-7
8.837506E-1	7.271167E-7
8.877308E-1	7.361456E-7
8.917925E-1	7.454591E-7
8.957748E-1	7.547212E-7
8.997700E-1	7.640697E-7
9.037957E-1	7.735871E-7
9.077715E-1	7.829871E-7
9.117702E-1	7.924257E-7
9.158199E-1	8.021465E-7
9.198376E-1	8.119263E-7
9.238416E-1	8.216951E-7
9.278257E-1	8.312469E-7
9.318475E-1	8.412032E-7
9.358301E-1	8.511433E-7
9.398875E-1	8.613186E-7
9.438787E-1	8.713083E-7
9.478691E-1	8.813120E-7
9.518982E-1	8.916913E-7
9.558849E-1	9.019894E-7
9.598671E-1	9.122940E-7
9.639013E-1	9.226789E-7
9.679111E-1	9.332166E-7
9.719359E-1	9.439229E-7
9.759268E-1	9.542342E-7
9.799516E-1	9.649201E-7
9.839509E-1	9.757592E-7
9.879294E-1	9.863493E-7
9.919864E-1	9.974290E-7
9.959853E-1	1.008174E-6
1.000007E+0	1.019384E-6
