Voltage (V)	Current (A)
-1.000054E+0	-2.060117E-6
-9.960772E-1	-2.043201E-6
-9.920527E-1	-2.026160E-6
-9.880687E-1	-2.009291E-6
-9.840047E-1	-1.992200E-6
-9.800192E-1	-1.975649E-6
-9.760231E-1	-1.958650E-6
-9.720056E-1	-1.942125E-6
-9.680126E-1	-1.925543E-6
-9.640267E-1	-1.908848E-6
-9.599696E-1	-1.892025E-6
-9.559833E-1	-1.875617E-6
-9.519575E-1	-1.858994E-6
-9.479657E-1	-1.842772E-6
-9.439836E-1	-1.826546E-6
-9.399594E-1	-1.810000E-6
-9.359366E-1	-1.793689E-6
-9.319136E-1	-1.777400E-6
-9.279255E-1	-1.761243E-6
-9.239354E-1	-1.745018E-6
-9.199129E-1	-1.728848E-6
-9.159204E-1	-1.712855E-6
-9.118609E-1	-1.696585E-6
-9.078771E-1	-1.680755E-6
-9.038526E-1	-1.664935E-6
-8.998663E-1	-1.648963E-6
-8.958743E-1	-1.633360E-6
-8.918511E-1	-1.617558E-6
-8.878580E-1	-1.601900E-6
-8.838066E-1	-1.586053E-6
-8.798126E-1	-1.570844E-6
-8.758292E-1	-1.555316E-6
-8.718032E-1	-1.539718E-6
-8.678191E-1	-1.524232E-6
-8.638253E-1	-1.508771E-6
-8.597691E-1	-1.493443E-6
-8.557827E-1	-1.478107E-6
-8.517561E-1	-1.462904E-6
-8.477737E-1	-1.447979E-6
-8.437798E-1	-1.432902E-6
-8.397597E-1	-1.417543E-6
-8.357340E-1	-1.402805E-6
-8.317112E-1	-1.387798E-6
-8.277217E-1	-1.372818E-6
-8.237354E-1	-1.357875E-6
-8.197112E-1	-1.343256E-6
-8.157238E-1	-1.328602E-6
-8.116628E-1	-1.313630E-6
-8.076725E-1	-1.299281E-6
-8.036546E-1	-1.284733E-6
-7.996698E-1	-1.270194E-6
-7.956767E-1	-1.255694E-6
-7.916894E-1	-1.241461E-6
-7.876642E-1	-1.227145E-6
-7.836033E-1	-1.212629E-6
-7.796163E-1	-1.198577E-6
-7.756273E-1	-1.184634E-6
-7.716056E-1	-1.170474E-6
-7.676144E-1	-1.156663E-6
-7.636297E-1	-1.143134E-6
-7.595717E-1	-1.128750E-6
-7.555827E-1	-1.115120E-6
-7.515590E-1	-1.101430E-6
-7.475718E-1	-1.087814E-6
-7.435812E-1	-1.074305E-6
-7.395603E-1	-1.060626E-6
-7.355387E-1	-1.046958E-6
-7.315140E-1	-1.033521E-6
-7.275259E-1	-1.020416E-6
-7.235353E-1	-1.006978E-6
-7.195541E-1	-9.936736E-7
-7.155620E-1	-9.806422E-7
-7.115099E-1	-9.673886E-7
-7.075103E-1	-9.545643E-7
-7.035282E-1	-9.417782E-7
-6.995012E-1	-9.285223E-7
-6.955084E-1	-9.157775E-7
-6.915205E-1	-9.032796E-7
-6.875016E-1	-8.907527E-7
-6.834366E-1	-8.779096E-7
-6.794488E-1	-8.654286E-7
-6.754614E-1	-8.530741E-7
-6.714367E-1	-8.407205E-7
-6.674492E-1	-8.284701E-7
-6.634579E-1	-8.161620E-7
-6.594040E-1	-8.039331E-7
-6.554160E-1	-7.920307E-7
-6.513911E-1	-7.801778E-7
-6.473985E-1	-7.682216E-7
-6.434120E-1	-7.565721E-7
-6.393865E-1	-7.447505E-7
-6.353618E-1	-7.332017E-7
-6.313400E-1	-7.217110E-7
-6.273463E-1	-7.103744E-7
-6.233626E-1	-6.990882E-7
-6.193323E-1	-6.877762E-7
-6.153449E-1	-6.768030E-7
-6.112897E-1	-6.654749E-7
-6.073056E-1	-6.546120E-7
-6.033104E-1	-6.437334E-7
-5.992878E-1	-6.329029E-7
-5.952941E-1	-6.223022E-7
-5.913126E-1	-6.119325E-7
-5.872851E-1	-6.012211E-7
-5.832296E-1	-5.908095E-7
-5.792373E-1	-5.805804E-7
-5.752467E-1	-5.705034E-7
-5.712270E-1	-5.602658E-7
-5.672349E-1	-5.504371E-7
-5.632461E-1	-5.407487E-7
-5.591840E-1	-5.307056E-7
-5.551964E-1	-5.211526E-7
-5.511737E-1	-5.116868E-7
-5.471849E-1	-5.022491E-7
-5.431927E-1	-4.929357E-7
-5.391723E-1	-4.836871E-7
-5.351455E-1	-4.746614E-7
-5.311295E-1	-4.656345E-7
-5.271364E-1	-4.568754E-7
-5.231521E-1	-4.481742E-7
-5.191202E-1	-4.394503E-7
-5.151300E-1	-4.310097E-7
-5.110747E-1	-4.226257E-7
-5.070916E-1	-4.142969E-7
-5.031018E-1	-4.062155E-7
-4.990732E-1	-3.982414E-7
-4.950866E-1	-3.903302E-7
-4.910943E-1	-3.825466E-7
-4.870711E-1	-3.748960E-7
-4.830137E-1	-3.672445E-7
-4.790269E-1	-3.597876E-7
-4.750330E-1	-3.524891E-7
-4.710463E-1	-3.453124E-7
-4.670215E-1	-3.382014E-7
-4.630312E-1	-3.312347E-7
-4.589738E-1	-3.243289E-7
-4.549894E-1	-3.175490E-7
-4.509666E-1	-3.108456E-7
-4.469780E-1	-3.043616E-7
-4.429870E-1	-2.979501E-7
-4.389608E-1	-2.915602E-7
-4.349377E-1	-2.854038E-7
-4.309157E-1	-2.791227E-7
-4.269261E-1	-2.733571E-7
-4.229372E-1	-2.673415E-7
-4.189109E-1	-2.615771E-7
-4.149207E-1	-2.558821E-7
-4.108638E-1	-2.502858E-7
-4.068707E-1	-2.447458E-7
-4.028846E-1	-2.393201E-7
-3.988624E-1	-2.339827E-7
-3.948736E-1	-2.287847E-7
-3.908830E-1	-2.235698E-7
-3.868604E-1	-2.184477E-7
-3.828033E-1	-2.134223E-7
-3.788151E-1	-2.085103E-7
-3.748245E-1	-2.038017E-7
-3.708393E-1	-1.989476E-7
-3.668142E-1	-1.943780E-7
-3.628166E-1	-1.898601E-7
-3.587652E-1	-1.851937E-7
-3.547745E-1	-1.807068E-7
-3.507502E-1	-1.764157E-7
-3.467659E-1	-1.721138E-7
-3.427761E-1	-1.679452E-7
-3.387493E-1	-1.637945E-7
-3.347295E-1	-1.596581E-7
-3.307064E-1	-1.554864E-7
-3.267128E-1	-1.516235E-7
-3.227279E-1	-1.477066E-7
-3.187059E-1	-1.437812E-7
-3.147157E-1	-1.400732E-7
-3.106581E-1	-1.362410E-7
-3.066704E-1	-1.325367E-7
-3.026781E-1	-1.289578E-7
-2.986540E-1	-1.254708E-7
-2.946626E-1	-1.218897E-7
-2.906747E-1	-1.183952E-7
-2.866499E-1	-1.149506E-7
-2.826299E-1	-1.115557E-7
-2.786052E-1	-1.083448E-7
-2.746139E-1	-1.050796E-7
-2.706242E-1	-1.019383E-7
-2.665995E-1	-9.880301E-8
-2.626137E-1	-9.574202E-8
-2.585550E-1	-9.275728E-8
-2.545651E-1	-8.959679E-8
-2.505441E-1	-8.660913E-8
-2.465527E-1	-8.378674E-8
-2.425619E-1	-8.101266E-8
-2.385770E-1	-7.821985E-8
-2.345197E-1	-7.557667E-8
-2.304937E-1	-7.276729E-8
-2.265081E-1	-7.016087E-8
-2.225170E-1	-6.760752E-8
-2.184958E-1	-6.507446E-8
-2.145017E-1	-6.261885E-8
-2.104509E-1	-6.023371E-8
-2.064561E-1	-5.778264E-8
-2.024689E-1	-5.553451E-8
-1.984385E-1	-5.328318E-8
-1.944560E-1	-5.114221E-8
-1.904690E-1	-4.898838E-8
-1.864087E-1	-4.693083E-8
-1.824192E-1	-4.499847E-8
-1.783955E-1	-4.292380E-8
-1.744083E-1	-4.099287E-8
-1.704178E-1	-3.915563E-8
-1.663905E-1	-3.731164E-8
-1.624009E-1	-3.554080E-8
-1.583485E-1	-3.382695E-8
-1.543572E-1	-3.211768E-8
-1.503382E-1	-3.047556E-8
-1.463463E-1	-2.892663E-8
-1.423582E-1	-2.737589E-8
-1.383630E-1	-2.584857E-8
-1.343062E-1	-2.440405E-8
-1.302814E-1	-2.298464E-8
-1.262879E-1	-2.166320E-8
-1.223070E-1	-2.036339E-8
-1.182829E-1	-1.917356E-8
-1.142931E-1	-1.793061E-8
-1.102320E-1	-1.677390E-8
-1.062499E-1	-1.575290E-8
-1.022589E-1	-1.465490E-8
-9.823363E-2	-1.365425E-8
-9.423943E-2	-1.269631E-8
-9.025146E-2	-1.176253E-8
-8.619748E-2	-1.085563E-8
-8.220662E-2	-1.010952E-8
-7.818441E-2	-9.287317E-9
-7.419879E-2	-8.560110E-9
-7.021145E-2	-7.891638E-9
-6.617752E-2	-7.251342E-9
-6.219190E-2	-6.571326E-9
-5.813356E-2	-5.963199E-9
-5.414747E-2	-5.411700E-9
-5.015279E-2	-4.848755E-9
-4.613858E-2	-4.337805E-9
-4.214397E-2	-3.885656E-9
-3.815594E-2	-3.402668E-9
-3.409966E-2	-2.934424E-9
-3.007462E-2	-2.585614E-9
-2.607896E-2	-2.119172E-9
-2.209199E-2	-1.716974E-9
-1.806881E-2	-1.369165E-9
-1.408319E-2	-9.818437E-10
-1.002299E-2	-5.798937E-10
-6.030049E-3	-2.698837E-10
-2.035607E-3	3.813799E-11
1.974831E-3	4.662046E-10
5.956333E-3	7.620842E-10
9.947116E-3	1.132791E-9
1.400339E-2	1.496128E-9
1.803280E-2	1.860386E-9
2.201786E-2	2.222301E-9
2.600458E-2	2.625349E-9
3.002464E-2	3.041512E-9
3.402022E-2	3.466028E-9
3.800295E-2	3.917973E-9
4.206609E-2	4.414250E-9
4.605187E-2	4.830787E-9
5.007375E-2	5.415678E-9
5.406224E-2	5.965847E-9
5.805152E-2	6.535097E-9
6.206624E-2	7.187993E-9
6.612608E-2	7.840250E-9
7.012394E-2	8.483580E-9
7.409467E-2	9.176933E-9
7.813265E-2	9.923407E-9
8.211987E-2	1.066139E-8
8.610860E-2	1.143875E-8
9.016097E-2	1.230200E-8
9.414450E-2	1.318303E-8
9.817553E-2	1.406331E-8
1.021592E-1	1.501539E-8
1.061525E-1	1.599997E-8
1.101760E-1	1.699804E-8
1.142323E-1	1.809366E-8
1.182169E-1	1.920233E-8
1.222083E-1	2.035789E-8
1.262300E-1	2.152538E-8
1.302187E-1	2.275887E-8
1.342062E-1	2.406842E-8
1.382289E-1	2.529429E-8
1.422543E-1	2.674732E-8
1.462764E-1	2.818856E-8
1.502720E-1	2.967327E-8
1.542553E-1	3.124987E-8
1.582793E-1	3.278795E-8
1.622656E-1	3.440448E-8
1.663238E-1	3.618251E-8
1.703109E-1	3.792261E-8
1.743421E-1	3.966960E-8
1.783273E-1	4.157719E-8
1.823210E-1	4.355465E-8
1.863365E-1	4.552090E-8
1.903600E-1	4.761569E-8
1.943792E-1	4.974276E-8
1.983664E-1	5.188051E-8
2.023551E-1	5.407028E-8
2.063834E-1	5.639262E-8
2.103795E-1	5.872901E-8
2.144239E-1	6.118285E-8
2.184180E-1	6.368274E-8
2.224347E-1	6.621305E-8
2.264301E-1	6.890180E-8
2.304112E-1	7.161637E-8
2.344422E-1	7.431885E-8
2.384252E-1	7.708581E-8
2.424879E-1	8.001483E-8
2.464737E-1	8.295483E-8
2.504549E-1	8.591138E-8
2.544790E-1	8.900822E-8
2.584679E-1	9.218004E-8
2.624602E-1	9.542059E-8
2.665135E-1	9.867704E-8
2.705368E-1	1.020770E-7
2.745265E-1	1.053908E-7
2.785138E-1	1.089692E-7
2.825364E-1	1.125661E-7
2.865278E-1	1.161248E-7
2.905846E-1	1.199640E-7
2.945738E-1	1.237002E-7
2.985565E-1	1.275206E-7
3.025861E-1	1.314252E-7
3.065740E-1	1.354301E-7
3.105618E-1	1.395114E-7
3.146195E-1	1.436011E-7
3.186416E-1	1.478625E-7
3.226312E-1	1.521630E-7
3.266174E-1	1.563341E-7
3.306417E-1	1.608884E-7
3.346221E-1	1.653232E-7
3.386820E-1	1.699730E-7
3.426755E-1	1.745567E-7
3.466598E-1	1.791600E-7
3.506879E-1	1.839694E-7
3.546830E-1	1.887565E-7
3.586682E-1	1.937073E-7
3.626871E-1	1.986756E-7
3.667380E-1	2.038045E-7
3.707278E-1	2.089654E-7
3.747215E-1	2.141036E-7
3.787400E-1	2.193469E-7
3.827313E-1	2.247300E-7
3.867213E-1	2.300858E-7
3.907748E-1	2.355711E-7
3.947649E-1	2.410657E-7
3.987889E-1	2.466570E-7
4.027717E-1	2.523653E-7
4.067617E-1	2.581614E-7
4.107884E-1	2.640679E-7
4.148421E-1	2.699788E-7
4.188328E-1	2.759545E-7
4.228185E-1	2.820479E-7
4.268449E-1	2.881007E-7
4.308327E-1	2.942293E-7
4.348216E-1	3.005129E-7
4.388772E-1	3.068496E-7
4.428715E-1	3.131662E-7
4.468881E-1	3.197074E-7
4.508837E-1	3.261451E-7
4.548644E-1	3.327215E-7
4.588906E-1	3.393696E-7
4.628751E-1	3.460630E-7
4.669384E-1	3.529773E-7
4.709193E-1	3.598304E-7
4.749441E-1	3.668139E-7
4.789330E-1	3.739179E-7
4.829227E-1	3.809317E-7
4.869446E-1	3.881723E-7
4.909606E-1	3.954120E-7
4.949889E-1	4.027787E-7
4.989777E-1	4.101207E-7
5.029687E-1	4.176663E-7
5.069879E-1	4.250725E-7
5.109803E-1	4.326679E-7
5.150349E-1	4.404661E-7
5.190243E-1	4.482249E-7
5.230454E-1	4.560491E-7
5.270354E-1	4.637782E-7
5.310254E-1	4.717109E-7
5.350466E-1	4.798745E-7
5.390705E-1	4.879543E-7
5.430880E-1	4.963090E-7
5.470790E-1	5.045993E-7
5.510713E-1	5.129085E-7
5.550939E-1	5.213262E-7
5.590822E-1	5.298345E-7
5.630715E-1	5.383513E-7
5.671235E-1	5.470889E-7
5.711519E-1	5.558405E-7
5.751349E-1	5.645492E-7
5.791249E-1	5.733163E-7
5.831499E-1	5.823644E-7
5.871400E-1	5.913809E-7
5.911998E-1	6.004950E-7
5.951868E-1	6.097505E-7
5.991795E-1	6.190106E-7
6.031910E-1	6.281579E-7
6.071860E-1	6.375051E-7
6.111704E-1	6.469878E-7
6.152266E-1	6.567781E-7
6.192530E-1	6.663802E-7
6.232430E-1	6.763283E-7
6.272302E-1	6.858660E-7
6.312522E-1	6.958995E-7
6.352412E-1	7.060272E-7
6.392969E-1	7.161365E-7
6.432888E-1	7.262826E-7
6.472753E-1	7.364205E-7
6.513048E-1	7.468495E-7
6.552873E-1	7.570462E-7
6.592796E-1	7.675777E-7
6.633000E-1	7.782031E-7
6.673551E-1	7.887980E-7
6.713406E-1	7.995325E-7
6.753352E-1	8.102165E-7
6.793541E-1	8.211913E-7
6.833414E-1	8.319413E-7
6.873335E-1	8.428916E-7
6.913904E-1	8.542223E-7
6.953727E-1	8.651879E-7
6.994028E-1	8.765588E-7
7.033934E-1	8.879028E-7
7.073804E-1	8.991575E-7
7.114052E-1	9.106651E-7
7.154603E-1	9.224035E-7
7.194480E-1	9.340781E-7
7.234330E-1	9.457258E-7
7.274672E-1	9.575317E-7
7.314476E-1	9.693686E-7
7.354420E-1	9.811321E-7
7.394928E-1	9.930495E-7
7.434855E-1	1.005027E-6
7.475096E-1	1.017375E-6
7.513672E-1	1.029169E-6
7.554482E-1	1.041423E-6
7.594687E-1	1.053567E-6
7.634593E-1	1.065875E-6
7.675136E-1	1.078481E-6
7.715045E-1	1.091040E-6
7.755299E-1	1.103571E-6
7.795140E-1	1.116137E-6
7.835025E-1	1.128932E-6
7.875281E-1	1.141613E-6
7.915488E-1	1.154568E-6
7.955758E-1	1.167617E-6
7.995617E-1	1.180574E-6
8.035458E-1	1.193523E-6
8.075731E-1	1.206706E-6
8.115551E-1	1.219969E-6
8.156102E-1	1.233571E-6
8.196036E-1	1.247019E-6
8.236246E-1	1.260288E-6
8.276122E-1	1.273655E-6
8.316072E-1	1.287026E-6
8.356242E-1	1.300791E-6
8.396469E-1	1.314434E-6
8.436672E-1	1.328324E-6
8.476533E-1	1.341932E-6
8.516416E-1	1.355820E-6
8.556719E-1	1.369714E-6
8.596562E-1	1.383928E-6
8.636515E-1	1.397840E-6
8.677015E-1	1.412293E-6
8.717275E-1	1.426549E-6
8.757144E-1	1.440660E-6
8.796997E-1	1.455036E-6
8.837250E-1	1.469600E-6
8.877118E-1	1.483835E-6
8.917685E-1	1.498453E-6
8.957581E-1	1.512977E-6
8.997505E-1	1.527831E-6
9.037669E-1	1.542549E-6
9.077587E-1	1.557034E-6
9.117482E-1	1.571657E-6
9.157963E-1	1.586585E-6
9.198222E-1	1.601766E-6
9.238093E-1	1.616536E-6
9.278011E-1	1.631389E-6
9.318159E-1	1.646423E-6
9.358149E-1	1.661788E-6
9.398665E-1	1.677070E-6
9.438519E-1	1.692080E-6
9.478412E-1	1.707397E-6
9.518592E-1	1.722869E-6
9.558541E-1	1.738316E-6
9.598421E-1	1.753399E-6
9.638673E-1	1.768983E-6
9.678895E-1	1.784697E-6
9.719102E-1	1.800457E-6
9.758985E-1	1.816178E-6
9.799219E-1	1.831804E-6
9.839084E-1	1.847424E-6
9.878987E-1	1.863082E-6
9.919574E-1	1.879298E-6
9.959523E-1	1.895047E-6
9.999682E-1	1.911096E-6
