Voltage (V)	Current (A)
9.999537E-1	1.211876E-6
9.959525E-1	1.199578E-6
9.919439E-1	1.187357E-6
9.879659E-1	1.174816E-6
9.838802E-1	1.162388E-6
9.799252E-1	1.150425E-6
9.758812E-1	1.138116E-6
9.718955E-1	1.125953E-6
9.678907E-1	1.114112E-6
9.638936E-1	1.102145E-6
9.598374E-1	1.090130E-6
9.558534E-1	1.078295E-6
9.518692E-1	1.066403E-6
9.478271E-1	1.054453E-6
9.438571E-1	1.043166E-6
9.398670E-1	1.031648E-6
9.358183E-1	1.020052E-6
9.318228E-1	1.008503E-6
9.278347E-1	9.972533E-7
9.238399E-1	9.860931E-7
9.198567E-1	9.750248E-7
9.158268E-1	9.637473E-7
9.117825E-1	9.524229E-7
9.077944E-1	9.414927E-7
9.037904E-1	9.304956E-7
8.997775E-1	9.194613E-7
8.957807E-1	9.087442E-7
8.918158E-1	8.981642E-7
8.877743E-1	8.872615E-7
8.837687E-1	8.766244E-7
8.797184E-1	8.661743E-7
8.757389E-1	8.558433E-7
8.717505E-1	8.454228E-7
8.677359E-1	8.351413E-7
8.637491E-1	8.249737E-7
8.596798E-1	8.146602E-7
8.556936E-1	8.046175E-7
8.516701E-1	7.945151E-7
8.476896E-1	7.846402E-7
8.436810E-1	7.748222E-7
8.396767E-1	7.650056E-7
8.356477E-1	7.551246E-7
8.316191E-1	7.455398E-7
8.276321E-1	7.360018E-7
8.236320E-1	7.264172E-7
8.196360E-1	7.170983E-7
8.156335E-1	7.076945E-7
8.115839E-1	6.982111E-7
8.076026E-1	6.891030E-7
8.035803E-1	6.799918E-7
7.995683E-1	6.708402E-7
7.955921E-1	6.618223E-7
7.915617E-1	6.530268E-7
7.875767E-1	6.441998E-7
7.835116E-1	6.352900E-7
7.795491E-1	6.268220E-7
7.755569E-1	6.181523E-7
7.715135E-1	6.094688E-7
7.675248E-1	6.012618E-7
7.635412E-1	5.928864E-7
7.594921E-1	5.846077E-7
7.554739E-1	5.763283E-7
7.514897E-1	5.681925E-7
7.474892E-1	5.601283E-7
7.434656E-1	5.521610E-7
7.394899E-1	5.442067E-7
7.354274E-1	5.361756E-7
7.314102E-1	5.284783E-7
7.274402E-1	5.209068E-7
7.234136E-1	5.130071E-7
7.194322E-1	5.056237E-7
7.154448E-1	4.980730E-7
7.113916E-1	4.904785E-7
7.073743E-1	4.833350E-7
7.033823E-1	4.761111E-7
6.993807E-1	4.689130E-7
6.953692E-1	4.617952E-7
6.913791E-1	4.546095E-7
6.873773E-1	4.476751E-7
6.833255E-1	4.405197E-7
6.793414E-1	4.337687E-7
6.753104E-1	4.269630E-7
6.713213E-1	4.202401E-7
6.673425E-1	4.136865E-7
6.633311E-1	4.072148E-7
6.592560E-1	4.005816E-7
6.552749E-1	3.943088E-7
6.512901E-1	3.880181E-7
6.472569E-1	3.815745E-7
6.432705E-1	3.754751E-7
6.392775E-1	3.694597E-7
6.352268E-1	3.632121E-7
6.312612E-1	3.572716E-7
6.272050E-1	3.506427E-7
6.232321E-1	3.450769E-7
6.192341E-1	3.398715E-7
6.152114E-1	3.340729E-7
6.111691E-1	3.284534E-7
6.071677E-1	3.229302E-7
6.031606E-1	3.174243E-7
5.991641E-1	3.119626E-7
5.951744E-1	3.066548E-7
5.911815E-1	3.013424E-7
5.871676E-1	2.960497E-7
5.831535E-1	2.908757E-7
5.791042E-1	2.858195E-7
5.751286E-1	2.802761E-7
5.711429E-1	2.759454E-7
5.671281E-1	2.710340E-7
5.631314E-1	2.662293E-7
5.590815E-1	2.613597E-7
5.550799E-1	2.567246E-7
5.510437E-1	2.521053E-7
5.470801E-1	2.476644E-7
5.430867E-1	2.432276E-7
5.390559E-1	2.389004E-7
5.350263E-1	2.345106E-7
5.310227E-1	2.302857E-7
5.270371E-1	2.261139E-7
5.230422E-1	2.220207E-7
5.190207E-1	2.179173E-7
5.150278E-1	2.140040E-7
5.109692E-1	2.099835E-7
5.069849E-1	2.061117E-7
5.029617E-1	2.023546E-7
4.989605E-1	1.986152E-7
4.949786E-1	1.949680E-7
4.909537E-1	1.913172E-7
4.869707E-1	1.878183E-7
4.829004E-1	1.841740E-7
4.789149E-1	1.808349E-7
4.749295E-1	1.774254E-7
4.709054E-1	1.741299E-7
4.669317E-1	1.709028E-7
4.629272E-1	1.678064E-7
4.588787E-1	1.646367E-7
4.548534E-1	1.614640E-7
4.508758E-1	1.584385E-7
4.468707E-1	1.554982E-7
4.428650E-1	1.525378E-7
4.388670E-1	1.497256E-7
4.348060E-1	1.468736E-7
4.308279E-1	1.440257E-7
4.268431E-1	1.413687E-7
4.228180E-1	1.386276E-7
4.188300E-1	1.360675E-7
4.148292E-1	1.334444E-7
4.107778E-1	1.308485E-7
4.067641E-1	1.283731E-7
4.027701E-1	1.258553E-7
3.987818E-1	1.234467E-7
3.947425E-1	1.210663E-7
3.907617E-1	1.186909E-7
3.867771E-1	1.163970E-7
3.827197E-1	1.140350E-7
3.787273E-1	1.118182E-7
3.747185E-1	1.095633E-7
3.707281E-1	1.073617E-7
3.667225E-1	1.051972E-7
3.627168E-1	1.031349E-7
3.586539E-1	1.009911E-7
3.546684E-1	9.893715E-8
3.506808E-1	9.697747E-8
3.466534E-1	9.489708E-8
3.426796E-1	9.294641E-8
3.386762E-1	9.096170E-8
3.346238E-1	8.902224E-8
3.306335E-1	8.712279E-8
3.266066E-1	8.521178E-8
3.226425E-1	8.335990E-8
3.186384E-1	8.149201E-8
3.146096E-1	7.966060E-8
3.105597E-1	7.790970E-8
3.065725E-1	7.609374E-8
3.025892E-1	7.431254E-8
2.985695E-1	7.257590E-8
2.945707E-1	7.086565E-8
2.905845E-1	6.919301E-8
2.865548E-1	6.748960E-8
2.825356E-1	6.580346E-8
2.785171E-1	6.413945E-8
2.745214E-1	6.254334E-8
2.705357E-1	6.095080E-8
2.665095E-1	5.934001E-8
2.625300E-1	5.776118E-8
2.584656E-1	5.623042E-8
2.544844E-1	5.471238E-8
2.504610E-1	5.320959E-8
2.464625E-1	5.168282E-8
2.424867E-1	5.013512E-8
2.384579E-1	4.876790E-8
2.344319E-1	4.735919E-8
2.304130E-1	4.585682E-8
2.264290E-1	4.443938E-8
2.224411E-1	4.314280E-8
2.184236E-1	4.170716E-8
2.144230E-1	4.044017E-8
2.103737E-1	3.904773E-8
2.063778E-1	3.776058E-8
2.023539E-1	3.643256E-8
1.983599E-1	3.519699E-8
1.943682E-1	3.397063E-8
1.903539E-1	3.269466E-8
1.863316E-1	3.155811E-8
1.823149E-1	3.033734E-8
1.783204E-1	2.917707E-8
1.743453E-1	2.806789E-8
1.703101E-1	2.698863E-8
1.663129E-1	2.589430E-8
1.623165E-1	2.483323E-8
1.582795E-1	2.376180E-8
1.542621E-1	2.273914E-8
1.502649E-1	2.171863E-8
1.462730E-1	2.077212E-8
1.422569E-1	1.980299E-8
1.382668E-1	1.891662E-8
1.342018E-1	1.802435E-8
1.302203E-1	1.713333E-8
1.262237E-1	1.634407E-8
1.222193E-1	1.548267E-8
1.182179E-1	1.460914E-8
1.142301E-1	1.377036E-8
1.101703E-1	1.302391E-8
1.061516E-1	1.229493E-8
1.021662E-1	1.163746E-8
9.817596E-2	1.088804E-8
9.416299E-2	1.023040E-8
9.016300E-2	9.583627E-9
8.610757E-2	8.969165E-9
8.211765E-2	8.330098E-9
7.813409E-2	7.720318E-9
7.409949E-2	7.194988E-9
7.011215E-2	6.665700E-9
6.612252E-2	6.178892E-9
6.211066E-2	5.701405E-9
5.806053E-2	5.241521E-9
5.407115E-2	4.760583E-9
5.006506E-2	4.362278E-9
4.605427E-2	3.934836E-9
4.206667E-2	3.532153E-9
3.807525E-2	3.081660E-9
3.403287E-2	2.804347E-9
3.002650E-2	2.490570E-9
2.599679E-2	2.146677E-9
2.202110E-2	1.787745E-9
1.803141E-2	1.470700E-9
1.399984E-2	1.112602E-9
9.943111E-3	8.594120E-10
5.961134E-3	6.073181E-10
1.970064E-3	2.679464E-10
-2.043063E-3	1.980534E-12
-6.033672E-3	-2.628444E-10
-1.002527E-2	-5.762490E-10
-1.408437E-2	-8.541190E-10
-1.806524E-2	-1.161740E-9
-2.208707E-2	-1.469403E-9
-2.607431E-2	-1.822533E-9
-3.007767E-2	-2.071699E-9
-3.409543E-2	-2.414392E-9
-3.808441E-2	-2.753356E-9
-4.214383E-2	-3.063156E-9
-4.612708E-2	-3.463233E-9
-5.016082E-2	-3.835089E-9
-5.414962E-2	-4.190431E-9
-5.814136E-2	-4.547246E-9
-6.211949E-2	-4.995806E-9
-6.617827E-2	-5.397205E-9
-7.019505E-2	-5.820489E-9
-7.418453E-2	-6.261308E-9
-7.819190E-2	-6.707776E-9
-8.220565E-2	-7.202889E-9
-8.619732E-2	-7.681124E-9
-9.026244E-2	-8.258248E-9
-9.423765E-2	-8.738963E-9
-9.823648E-2	-9.285746E-9
-1.022586E-1	-9.862242E-9
-1.062576E-1	-1.044948E-8
-1.102271E-1	-1.101243E-8
-1.142987E-1	-1.158939E-8
-1.182814E-1	-1.225940E-8
-1.223060E-1	-1.286755E-8
-1.262856E-1	-1.356101E-8
-1.302819E-1	-1.424601E-8
-1.343147E-1	-1.493774E-8
-1.382973E-1	-1.563256E-8
-1.423610E-1	-1.641465E-8
-1.463445E-1	-1.717886E-8
-1.503422E-1	-1.792625E-8
-1.543449E-1	-1.875073E-8
-1.583459E-1	-1.954306E-8
-1.623352E-1	-2.040980E-8
-1.663927E-1	-2.122758E-8
-1.704201E-1	-2.207609E-8
-1.744128E-1	-2.295797E-8
-1.784041E-1	-2.387044E-8
-1.824112E-1	-2.479080E-8
-1.864058E-1	-2.569845E-8
-1.904554E-1	-2.669255E-8
-1.944545E-1	-2.762847E-8
-1.984452E-1	-2.860153E-8
-2.024588E-1	-2.956518E-8
-2.064636E-1	-3.057481E-8
-2.104506E-1	-3.158990E-8
-2.145071E-1	-3.269876E-8
-2.184865E-1	-3.370364E-8
-2.225296E-1	-3.478828E-8
-2.265137E-1	-3.590426E-8
-2.305007E-1	-3.699117E-8
-2.345273E-1	-3.809039E-8
-2.385013E-1	-3.926266E-8
-2.425744E-1	-4.044465E-8
-2.465511E-1	-4.157227E-8
-2.505372E-1	-4.274506E-8
-2.545758E-1	-4.395929E-8
-2.585497E-1	-4.521436E-8
-2.625415E-1	-4.643061E-8
-2.665991E-1	-4.768741E-8
-2.706322E-1	-4.894853E-8
-2.746037E-1	-5.025366E-8
-2.786085E-1	-5.160800E-8
-2.826289E-1	-5.293795E-8
-2.866193E-1	-5.424078E-8
-2.906696E-1	-5.560845E-8
-2.946581E-1	-5.701128E-8
-2.986491E-1	-5.844471E-8
-3.026803E-1	-5.996048E-8
-3.066660E-1	-6.134019E-8
-3.106528E-1	-6.278212E-8
-3.147258E-1	-6.431245E-8
-3.187090E-1	-6.591144E-8
-3.227195E-1	-6.738488E-8
-3.267172E-1	-6.896654E-8
-3.307019E-1	-7.063625E-8
-3.347221E-1	-7.221944E-8
-3.387365E-1	-7.388850E-8
-3.427730E-1	-7.558629E-8
-3.467542E-1	-7.728472E-8
-3.507603E-1	-7.903157E-8
-3.547598E-1	-8.086801E-8
-3.587638E-1	-8.257485E-8
-3.627403E-1	-8.442892E-8
-3.668069E-1	-8.647720E-8
-3.708388E-1	-8.834880E-8
-3.748249E-1	-9.028949E-8
-3.788123E-1	-9.230551E-8
-3.827977E-1	-9.435809E-8
-3.868317E-1	-9.643490E-8
-3.908858E-1	-9.871638E-8
-3.948715E-1	-1.008434E-7
-3.988549E-1	-1.030764E-7
-4.028864E-1	-1.053197E-7
-4.068701E-1	-1.076791E-7
-4.108571E-1	-1.100731E-7
-4.149054E-1	-1.125027E-7
-4.189006E-1	-1.150653E-7
-4.229382E-1	-1.175691E-7
-4.269308E-1	-1.201392E-7
-4.309058E-1	-1.227691E-7
-4.349343E-1	-1.255532E-7
-4.389498E-1	-1.283221E-7
-4.429854E-1	-1.312321E-7
-4.469754E-1	-1.341290E-7
-4.509683E-1	-1.370255E-7
-4.549749E-1	-1.400863E-7
-4.589778E-1	-1.431812E-7
-4.629584E-1	-1.463324E-7
-4.670072E-1	-1.495261E-7
-4.710413E-1	-1.529482E-7
-4.750266E-1	-1.562784E-7
-4.790274E-1	-1.597000E-7
-4.830109E-1	-1.631870E-7
-4.870333E-1	-1.667145E-7
-4.910809E-1	-1.704394E-7
-4.950789E-1	-1.741727E-7
-4.990596E-1	-1.779292E-7
-5.030954E-1	-1.817768E-7
-5.070849E-1	-1.857083E-7
-5.110701E-1	-1.896190E-7
-5.151140E-1	-1.938173E-7
-5.191218E-1	-1.980403E-7
-5.231391E-1	-2.022372E-7
-5.271220E-1	-2.065186E-7
-5.311130E-1	-2.109788E-7
-5.351402E-1	-2.154132E-7
-5.391576E-1	-2.199414E-7
-5.431798E-1	-2.245917E-7
-5.471720E-1	-2.293357E-7
-5.511586E-1	-2.341240E-7
-5.551885E-1	-2.390207E-7
-5.591890E-1	-2.440343E-7
-5.631676E-1	-2.490067E-7
-5.672224E-1	-2.541755E-7
-5.712164E-1	-2.593624E-7
-5.752425E-1	-2.646908E-7
-5.792301E-1	-2.701242E-7
-5.832118E-1	-2.754709E-7
-5.872426E-1	-2.811599E-7
-5.912884E-1	-2.868928E-7
-5.952867E-1	-2.925741E-7
-5.992824E-1	-2.983601E-7
-6.033038E-1	-3.042623E-7
-6.072870E-1	-3.102787E-7
-6.112698E-1	-3.163322E-7
-6.153235E-1	-3.226334E-7
-6.193260E-1	-3.289069E-7
-6.233449E-1	-3.352106E-7
-6.273277E-1	-3.416159E-7
-6.313323E-1	-3.481830E-7
-6.353537E-1	-3.549172E-7
-6.393699E-1	-3.615766E-7
-6.434014E-1	-3.684458E-7
-6.473786E-1	-3.753466E-7
-6.513714E-1	-3.823558E-7
-6.553962E-1	-3.894099E-7
-6.593807E-1	-3.965905E-7
-6.633812E-1	-4.038636E-7
-6.674436E-1	-4.113120E-7
-6.714135E-1	-4.186889E-7
-6.754480E-1	-4.263450E-7
-6.794216E-1	-4.339233E-7
-6.834290E-1	-4.416586E-7
-6.874345E-1	-4.495816E-7
-6.914846E-1	-4.575423E-7
-6.954918E-1	-4.654603E-7
-6.994842E-1	-4.735602E-7
-7.035123E-1	-4.818027E-7
-7.074915E-1	-4.900435E-7
-7.114785E-1	-4.983669E-7
-7.155370E-1	-5.068669E-7
-7.195340E-1	-5.154167E-7
-7.235506E-1	-5.241052E-7
-7.275469E-1	-5.327893E-7
-7.315369E-1	-5.416327E-7
-7.355610E-1	-5.504442E-7
-7.395881E-1	-5.595376E-7
-7.436012E-1	-5.686115E-7
-7.475948E-1	-5.776764E-7
-7.515768E-1	-5.869763E-7
-7.555994E-1	-5.964075E-7
-7.595916E-1	-6.057818E-7
-7.635832E-1	-6.151548E-7
-7.676455E-1	-6.248210E-7
-7.716395E-1	-6.344717E-7
-7.756445E-1	-6.443574E-7
-7.796497E-1	-6.540246E-7
-7.836339E-1	-6.640461E-7
-7.876468E-1	-6.741030E-7
-7.917226E-1	-6.842077E-7
-7.956956E-1	-6.943685E-7
-7.996857E-1	-7.045697E-7
-8.036832E-1	-7.149577E-7
-8.077008E-1	-7.253466E-7
-8.116935E-1	-7.358375E-7
-8.157495E-1	-7.464890E-7
-8.197401E-1	-7.570665E-7
-8.237650E-1	-7.678536E-7
-8.277496E-1	-7.785768E-7
-8.317506E-1	-7.894574E-7
-8.357653E-1	-8.003360E-7
-8.397829E-1	-8.115267E-7
-8.438101E-1	-8.225699E-7
-8.478022E-1	-8.337257E-7
-8.517982E-1	-8.449994E-7
-8.558124E-1	-8.562625E-7
-8.598068E-1	-8.675898E-7
-8.637986E-1	-8.791213E-7
-8.678476E-1	-8.907726E-7
-8.718396E-1	-9.023109E-7
-8.758717E-1	-9.141341E-7
-8.798527E-1	-9.256448E-7
-8.838483E-1	-9.373310E-7
-8.878635E-1	-9.492388E-7
-8.918868E-1	-9.612845E-7
-8.959102E-1	-9.734725E-7
-8.999010E-1	-9.854255E-7
-9.038921E-1	-9.973817E-7
-9.079228E-1	-1.009670E-6
-9.119127E-1	-1.021892E-6
-9.159245E-1	-1.034547E-6
-9.199085E-1	-1.046720E-6
-9.239308E-1	-1.059124E-6
-9.279257E-1	-1.071818E-6
-9.319059E-1	-1.084203E-6
-9.359448E-1	-1.096781E-6
-9.399549E-1	-1.109485E-6
-9.439853E-1	-1.122410E-6
-9.479654E-1	-1.135029E-6
-9.519558E-1	-1.147847E-6
-9.559807E-1	-1.160956E-6
-9.599817E-1	-1.173907E-6
-9.639587E-1	-1.186754E-6
-9.680113E-1	-1.200092E-6
-9.720100E-1	-1.213394E-6
-9.760258E-1	-1.226365E-6
-9.800208E-1	-1.239784E-6
-9.840021E-1	-1.252970E-6
-9.880287E-1	-1.266503E-6
-9.920595E-1	-1.279861E-6
-9.960760E-1	-1.293635E-6
-1.000066E+0	-1.307099E-6
