Voltage (V)	Current (A)
4.999796E-1	1.704470E-6
4.979531E-1	1.695570E-6
4.959600E-1	1.686765E-6
4.939648E-1	1.677805E-6
4.919702E-1	1.669306E-6
4.899755E-1	1.660350E-6
4.879790E-1	1.651256E-6
4.859202E-1	1.642494E-6
4.839267E-1	1.633737E-6
4.819283E-1	1.624837E-6
4.799008E-1	1.616183E-6
4.779087E-1	1.607182E-6
4.759147E-1	1.598716E-6
4.739166E-1	1.589756E-6
4.719249E-1	1.581229E-6
4.699322E-1	1.572440E-6
4.679054E-1	1.563524E-6
4.659081E-1	1.554937E-6
4.639155E-1	1.546501E-6
4.618847E-1	1.537771E-6
4.598604E-1	1.528935E-6
4.578663E-1	1.520423E-6
4.558704E-1	1.511720E-6
4.538761E-1	1.503374E-6
4.518819E-1	1.494829E-6
4.498548E-1	1.486111E-6
4.478578E-1	1.477497E-6
4.458644E-1	1.469068E-6
4.438715E-1	1.460713E-6
4.418763E-1	1.452166E-6
4.398797E-1	1.443542E-6
4.378533E-1	1.435073E-6
4.358261E-1	1.426533E-6
4.338319E-1	1.418039E-6
4.318371E-1	1.409488E-6
4.298086E-1	1.401193E-6
4.278114E-1	1.392786E-6
4.258201E-1	1.384423E-6
4.238253E-1	1.376102E-6
4.218307E-1	1.367736E-6
4.198013E-1	1.359379E-6
4.178086E-1	1.351136E-6
4.158141E-1	1.342547E-6
4.138178E-1	1.334199E-6
4.117572E-1	1.325713E-6
4.097611E-1	1.317453E-6
4.077673E-1	1.309205E-6
4.057712E-1	1.300802E-6
4.037755E-1	1.292552E-6
4.017828E-1	1.284341E-6
3.997556E-1	1.276069E-6
3.977640E-1	1.267903E-6
3.957668E-1	1.259779E-6
3.937723E-1	1.251511E-6
3.917808E-1	1.243454E-6
3.897539E-1	1.235287E-6
3.877580E-1	1.227215E-6
3.857307E-1	1.218863E-6
3.837360E-1	1.210711E-6
3.817092E-1	1.202859E-6
3.797124E-1	1.194854E-6
3.777187E-1	1.186648E-6
3.757243E-1	1.178515E-6
3.737283E-1	1.170479E-6
3.717366E-1	1.162369E-6
3.697060E-1	1.154303E-6
3.677117E-1	1.146265E-6
3.657196E-1	1.138594E-6
3.637253E-1	1.130556E-6
3.616614E-1	1.122487E-6
3.596650E-1	1.114449E-6
3.576735E-1	1.106670E-6
3.556805E-1	1.098788E-6
3.536840E-1	1.090828E-6
3.516560E-1	1.082876E-6
3.496619E-1	1.075027E-6
3.476714E-1	1.067298E-6
3.456752E-1	1.059435E-6
3.436784E-1	1.051581E-6
3.416838E-1	1.043835E-6
3.396539E-1	1.035958E-6
3.376633E-1	1.028209E-6
3.356346E-1	1.020432E-6
3.336066E-1	1.012585E-6
3.316143E-1	1.004914E-6
3.296567E-1	9.973642E-7
3.276592E-1	9.896563E-7
3.256633E-1	9.821857E-7
3.236706E-1	9.744817E-7
3.216422E-1	9.667261E-7
3.196475E-1	9.590327E-7
3.176522E-1	9.513961E-7
3.156607E-1	9.437825E-7
3.136657E-1	9.361847E-7
3.116037E-1	9.285199E-7
3.096074E-1	9.209402E-7
3.076142E-1	9.134033E-7
3.056166E-1	9.058501E-7
3.035889E-1	8.982002E-7
3.015915E-1	8.907639E-7
2.995990E-1	8.833488E-7
2.976020E-1	8.757941E-7
2.956093E-1	8.684385E-7
2.936159E-1	8.610172E-7
2.915852E-1	8.534117E-7
2.895930E-1	8.459619E-7
2.875984E-1	8.386046E-7
2.855345E-1	8.311175E-7
2.835395E-1	8.237309E-7
2.815450E-1	8.164826E-7
2.795550E-1	8.092051E-7
2.775583E-1	8.019392E-7
2.755594E-1	7.947081E-7
2.735330E-1	7.873208E-7
2.715345E-1	7.800591E-7
2.695422E-1	7.728323E-7
2.675457E-1	7.655608E-7
2.655523E-1	7.583334E-7
2.635583E-1	7.512785E-7
2.615009E-1	7.439477E-7
2.595043E-1	7.368095E-7
2.575074E-1	7.296372E-7
2.554799E-1	7.224282E-7
2.534871E-1	7.152410E-7
2.514920E-1	7.081846E-7
2.494961E-1	7.010942E-7
2.475038E-1	6.940547E-7
2.455104E-1	6.870214E-7
2.434814E-1	6.799409E-7
2.414883E-1	6.729126E-7
2.394899E-1	6.659480E-7
2.374953E-1	6.590600E-7
2.354341E-1	6.518453E-7
2.334394E-1	6.448191E-7
2.314455E-1	6.379111E-7
2.294499E-1	6.309969E-7
2.274563E-1	6.241413E-7
2.254292E-1	6.171936E-7
2.234334E-1	6.103458E-7
2.214389E-1	6.035290E-7
2.194468E-1	5.967304E-7
2.174470E-1	5.899236E-7
2.154558E-1	5.832041E-7
2.134264E-1	5.763673E-7
2.113982E-1	5.694425E-7
2.094047E-1	5.628165E-7
2.073779E-1	5.559355E-7
2.053809E-1	5.493346E-7
2.033821E-1	5.426757E-7
2.013931E-1	5.360753E-7
1.993970E-1	5.294787E-7
1.974008E-1	5.228795E-7
1.953748E-1	5.161984E-7
1.933803E-1	5.096434E-7
1.913864E-1	5.030863E-7
1.893898E-1	4.965892E-7
1.873955E-1	4.901206E-7
1.853353E-1	4.834794E-7
1.833415E-1	4.770303E-7
1.813439E-1	4.706131E-7
1.793507E-1	4.642048E-7
1.773238E-1	4.577179E-7
1.753312E-1	4.513124E-7
1.733368E-1	4.450084E-7
1.713380E-1	4.386557E-7
1.693427E-1	4.324031E-7
1.673505E-1	4.261201E-7
1.653214E-1	4.197194E-7
1.633215E-1	4.134382E-7
1.612948E-1	4.071999E-7
1.592674E-1	4.008553E-7
1.572766E-1	3.946978E-7
1.552785E-1	3.885656E-7
1.532851E-1	3.824492E-7
1.512910E-1	3.763731E-7
1.492942E-1	3.703177E-7
1.472667E-1	3.642077E-7
1.452726E-1	3.581193E-7
1.432763E-1	3.521756E-7
1.412860E-1	3.461951E-7
1.392887E-1	3.402181E-7
1.372925E-1	3.343378E-7
1.352261E-1	3.281858E-7
1.332361E-1	3.223035E-7
1.312406E-1	3.164955E-7
1.292117E-1	3.106073E-7
1.272145E-1	3.048040E-7
1.252194E-1	2.990049E-7
1.232305E-1	2.932854E-7
1.212343E-1	2.875515E-7
1.192386E-1	2.818587E-7
1.172122E-1	2.761224E-7
1.152148E-1	2.705119E-7
1.132234E-1	2.649274E-7
1.111564E-1	2.591628E-7
1.091670E-1	2.536454E-7
1.071691E-1	2.480971E-7
1.051801E-1	2.426502E-7
1.031821E-1	2.371705E-7
1.011872E-1	2.317429E-7
9.916034E-2	2.262694E-7
9.716639E-2	2.209115E-7
9.517005E-2	2.155756E-7
9.317186E-2	2.102626E-7
9.118053E-2	2.050222E-7
8.918811E-2	1.998100E-7
8.715897E-2	1.945177E-7
8.512843E-2	1.892660E-7
8.313604E-2	1.841299E-7
8.110620E-2	1.789440E-7
7.911155E-2	1.738841E-7
7.711653E-2	1.688522E-7
7.512268E-2	1.638690E-7
7.312880E-2	1.589227E-7
7.113424E-2	1.540079E-7
6.910566E-2	1.490333E-7
6.710814E-2	1.441991E-7
6.511521E-2	1.393688E-7
6.312375E-2	1.346124E-7
6.105847E-2	1.296921E-7
5.906267E-2	1.249729E-7
5.706814E-2	1.203132E-7
5.507819E-2	1.156769E-7
5.308168E-2	1.110865E-7
5.105370E-2	1.064471E-7
4.906083E-2	1.019398E-7
4.706305E-2	9.743506E-8
4.507439E-2	9.300054E-8
4.307718E-2	8.856809E-8
4.108252E-2	8.417872E-8
3.905508E-2	7.974580E-8
3.706018E-2	7.543538E-8
3.503254E-2	7.108718E-8
3.299881E-2	6.675044E-8
3.100879E-2	6.254815E-8
2.901415E-2	5.836357E-8
2.701997E-2	5.421150E-8
2.501929E-2	5.006875E-8
2.302651E-2	4.598375E-8
2.100001E-2	4.184004E-8
1.900713E-2	3.779481E-8
1.701157E-2	3.378163E-8
1.501562E-2	2.977006E-8
1.302099E-2	2.579549E-8
1.095965E-2	2.170898E-8
8.966868E-3	1.777816E-8
6.968062E-3	1.385229E-8
4.975617E-3	9.956963E-9
2.949099E-3	5.995687E-9
9.498699E-4	2.116609E-9
-1.035345E-3	-1.777081E-9
-3.030034E-3	-5.606231E-9
-5.026142E-3	-9.461395E-9
-7.054073E-3	-1.338550E-8
-9.043996E-3	-1.722351E-8
-1.104481E-2	-2.109135E-8
-1.303589E-2	-2.493197E-8
-1.509973E-2	-2.892105E-8
-1.709235E-2	-3.278041E-8
-1.909263E-2	-3.666468E-8
-2.108664E-2	-4.054134E-8
-2.307985E-2	-4.442723E-8
-2.510850E-2	-4.840278E-8
-2.710462E-2	-5.231550E-8
-2.910015E-2	-5.625008E-8
-3.109351E-2	-6.018989E-8
-3.309087E-2	-6.415893E-8
-3.508516E-2	-6.815353E-8
-3.708475E-2	-7.215432E-8
-3.914335E-2	-7.629571E-8
-4.113796E-2	-8.034424E-8
-4.312729E-2	-8.439665E-8
-4.516100E-2	-8.856498E-8
-4.715778E-2	-9.269663E-8
-4.915030E-2	-9.682414E-8
-5.114696E-2	-1.009645E-7
-5.314138E-2	-1.051593E-7
-5.513703E-2	-1.093737E-7
-5.716244E-2	-1.136747E-7
-5.915714E-2	-1.179363E-7
-6.115165E-2	-1.222145E-7
-6.321596E-2	-1.266961E-7
-6.520963E-2	-1.310387E-7
-6.720301E-2	-1.354070E-7
-6.920091E-2	-1.398006E-7
-7.119749E-2	-1.442454E-7
-7.319277E-2	-1.487076E-7
-7.522010E-2	-1.532451E-7
-7.720983E-2	-1.577710E-7
-7.921162E-2	-1.622978E-7
-8.120584E-2	-1.668553E-7
-8.319938E-2	-1.714437E-7
-8.519284E-2	-1.760795E-7
-8.719157E-2	-1.807379E-7
-8.925341E-2	-1.855604E-7
-9.124654E-2	-1.902658E-7
-9.324028E-2	-1.949795E-7
-9.526777E-2	-1.998451E-7
-9.726436E-2	-2.046090E-7
-9.926099E-2	-2.094056E-7
-1.012572E-1	-2.142391E-7
-1.032500E-1	-2.190785E-7
-1.052487E-1	-2.240017E-7
-1.072780E-1	-2.289972E-7
-1.092685E-1	-2.339250E-7
-1.112640E-1	-2.388804E-7
-1.133246E-1	-2.440138E-7
-1.153230E-1	-2.490487E-7
-1.173147E-1	-2.540793E-7
-1.193106E-1	-2.591773E-7
-1.213029E-1	-2.642123E-7
-1.232999E-1	-2.693638E-7
-1.253283E-1	-2.745540E-7
-1.273221E-1	-2.797620E-7
-1.293147E-1	-2.849324E-7
-1.313118E-1	-2.901261E-7
-1.333109E-1	-2.953371E-7
-1.353043E-1	-3.006064E-7
-1.372976E-1	-3.058818E-7
-1.393635E-1	-3.113906E-7
-1.413611E-1	-3.167278E-7
-1.433529E-1	-3.220486E-7
-1.453798E-1	-3.275382E-7
-1.473786E-1	-3.328920E-7
-1.493727E-1	-3.383600E-7
-1.513657E-1	-3.437588E-7
-1.533624E-1	-3.492197E-7
-1.553572E-1	-3.547175E-7
-1.573891E-1	-3.603049E-7
-1.593819E-1	-3.658446E-7
-1.613769E-1	-3.713749E-7
-1.634368E-1	-3.770867E-7
-1.654335E-1	-3.827207E-7
-1.674299E-1	-3.883187E-7
-1.694246E-1	-3.939955E-7
-1.714183E-1	-3.996319E-7
-1.734170E-1	-4.052980E-7
-1.754084E-1	-4.109450E-7
-1.774360E-1	-4.167547E-7
-1.794333E-1	-4.225319E-7
-1.814269E-1	-4.282456E-7
-1.834258E-1	-4.340294E-7
-1.854173E-1	-4.398494E-7
-1.874144E-1	-4.456064E-7
-1.894737E-1	-4.516698E-7
-1.914718E-1	-4.575470E-7
-1.934662E-1	-4.634017E-7
-1.954915E-1	-4.694114E-7
-1.974841E-1	-4.752860E-7
-1.994782E-1	-4.812096E-7
-2.014758E-1	-4.871605E-7
-2.034692E-1	-4.931399E-7
-2.054652E-1	-4.991076E-7
-2.074930E-1	-5.052244E-7
-2.094918E-1	-5.112350E-7
-2.114884E-1	-5.172766E-7
-2.135490E-1	-5.235018E-7
-2.155454E-1	-5.296255E-7
-2.175392E-1	-5.357110E-7
-2.195341E-1	-5.418507E-7
-2.215280E-1	-5.479434E-7
-2.235232E-1	-5.541064E-7
-2.255197E-1	-5.603345E-7
-2.275496E-1	-5.665822E-7
-2.295413E-1	-5.727803E-7
-2.315344E-1	-5.790005E-7
-2.335281E-1	-5.851902E-7
-2.355287E-1	-5.914276E-7
-2.375242E-1	-5.977652E-7
-2.395847E-1	-6.042322E-7
-2.415793E-1	-6.106289E-7
-2.435746E-1	-6.168950E-7
-2.456049E-1	-6.233676E-7
-2.475974E-1	-6.296621E-7
-2.495920E-1	-6.360312E-7
-2.515889E-1	-6.424190E-7
-2.535814E-1	-6.488650E-7
-2.555771E-1	-6.552714E-7
-2.576052E-1	-6.618363E-7
-2.596000E-1	-6.683630E-7
-2.615969E-1	-6.748547E-7
-2.636257E-1	-6.814497E-7
-2.656523E-1	-6.880844E-7
-2.676448E-1	-6.945977E-7
-2.696418E-1	-7.011540E-7
-2.716357E-1	-7.076891E-7
-2.736295E-1	-7.143070E-7
-2.756235E-1	-7.208964E-7
-2.776570E-1	-7.276315E-7
-2.796526E-1	-7.342388E-7
-2.816459E-1	-7.410114E-7
-2.836404E-1	-7.477112E-7
-2.856346E-1	-7.542836E-7
-2.876317E-1	-7.609825E-7
-2.896951E-1	-7.679136E-7
-2.916896E-1	-7.746911E-7
-2.936822E-1	-7.813017E-7
-2.957155E-1	-7.882687E-7
-2.977088E-1	-7.950405E-7
-2.997021E-1	-8.017948E-7
-3.016968E-1	-8.086825E-7
-3.036934E-1	-8.154634E-7
-3.056900E-1	-8.222234E-7
-3.077156E-1	-8.292895E-7
-3.097117E-1	-8.361879E-7
-3.117081E-1	-8.430831E-7
-3.137379E-1	-8.500478E-7
-3.157664E-1	-8.570278E-7
-3.177616E-1	-8.639593E-7
-3.197547E-1	-8.708712E-7
-3.217494E-1	-8.778387E-7
-3.237453E-1	-8.849470E-7
-3.257397E-1	-8.919395E-7
-3.277660E-1	-8.990232E-7
-3.297648E-1	-9.060664E-7
-3.317593E-1	-9.130142E-7
-3.337524E-1	-9.201665E-7
-3.357463E-1	-9.272135E-7
-3.377408E-1	-9.341934E-7
-3.398049E-1	-9.415839E-7
-3.417980E-1	-9.487426E-7
-3.437943E-1	-9.558223E-7
-3.458219E-1	-9.630401E-7
-3.478202E-1	-9.702306E-7
-3.498156E-1	-9.774041E-7
-3.518090E-1	-9.846121E-7
-3.538015E-1	-9.918632E-7
-3.557981E-1	-9.989701E-7
-3.578292E-1	-1.006419E-6
-3.598232E-1	-1.013645E-6
-3.618173E-1	-1.020906E-6
-3.638491E-1	-1.028322E-6
-3.658772E-1	-1.035702E-6
-3.678686E-1	-1.042946E-6
-3.698215E-1	-1.050170E-6
-3.718144E-1	-1.057647E-6
-3.738120E-1	-1.064983E-6
-3.758065E-1	-1.072377E-6
-3.778340E-1	-1.079864E-6
-3.798298E-1	-1.087177E-6
-3.818245E-1	-1.094598E-6
-3.838207E-1	-1.101909E-6
-3.858107E-1	-1.109187E-6
-3.878071E-1	-1.116779E-6
-3.898690E-1	-1.124626E-6
-3.918647E-1	-1.132271E-6
-3.938572E-1	-1.139737E-6
-3.958851E-1	-1.147165E-6
-3.978806E-1	-1.154802E-6
-3.998766E-1	-1.162367E-6
-4.018710E-1	-1.170081E-6
-4.038632E-1	-1.177480E-6
-4.058572E-1	-1.184821E-6
-4.078545E-1	-1.192554E-6
-4.098810E-1	-1.200194E-6
-4.118769E-1	-1.207752E-6
-4.139036E-1	-1.215561E-6
-4.159354E-1	-1.223258E-6
-4.179313E-1	-1.230979E-6
-4.199246E-1	-1.238584E-6
-4.219185E-1	-1.246541E-6
-4.239141E-1	-1.254178E-6
-4.259087E-1	-1.261997E-6
-4.279372E-1	-1.269782E-6
-4.299322E-1	-1.277363E-6
-4.319252E-1	-1.285142E-6
-4.339226E-1	-1.293071E-6
-4.359170E-1	-1.300633E-6
-4.379101E-1	-1.308438E-6
-4.399710E-1	-1.316500E-6
-4.419686E-1	-1.324451E-6
-4.439619E-1	-1.332225E-6
-4.459901E-1	-1.340267E-6
-4.479847E-1	-1.348301E-6
-4.499809E-1	-1.356105E-6
-4.519763E-1	-1.363659E-6
-4.539726E-1	-1.371763E-6
-4.559646E-1	-1.379639E-6
-4.579607E-1	-1.387623E-6
-4.599881E-1	-1.395906E-6
-4.619840E-1	-1.403694E-6
-4.640095E-1	-1.411946E-6
-4.660379E-1	-1.419871E-6
-4.680334E-1	-1.428094E-6
-4.700290E-1	-1.435879E-6
-4.720206E-1	-1.443971E-6
-4.740146E-1	-1.452035E-6
-4.760091E-1	-1.460078E-6
-4.780364E-1	-1.468113E-6
-4.800340E-1	-1.476147E-6
-4.820276E-1	-1.484395E-6
-4.840219E-1	-1.492405E-6
-4.860182E-1	-1.500597E-6
-4.880134E-1	-1.508533E-6
-4.900741E-1	-1.517013E-6
-4.920684E-1	-1.525177E-6
-4.940641E-1	-1.533601E-6
-4.960593E-1	-1.541623E-6
-4.980858E-1	-1.549867E-6
-5.000805E-1	-1.557905E-6
