Voltage (V)	Current (A)
4.999816E-1	1.745055E-6
4.979527E-1	1.735947E-6
4.959587E-1	1.727070E-6
4.939652E-1	1.718078E-6
4.919694E-1	1.708789E-6
4.899764E-1	1.699937E-6
4.879802E-1	1.691328E-6
4.859208E-1	1.682413E-6
4.839265E-1	1.673728E-6
4.819272E-1	1.664131E-6
4.799007E-1	1.655646E-6
4.779080E-1	1.646657E-6
4.759123E-1	1.637868E-6
4.739190E-1	1.628878E-6
4.719253E-1	1.620141E-6
4.699327E-1	1.611660E-6
4.679059E-1	1.602490E-6
4.659084E-1	1.593804E-6
4.639144E-1	1.584901E-6
4.618851E-1	1.576215E-6
4.598583E-1	1.567671E-6
4.578642E-1	1.558641E-6
4.558709E-1	1.550387E-6
4.538752E-1	1.541595E-6
4.518824E-1	1.532943E-6
4.498559E-1	1.524205E-6
4.478581E-1	1.515570E-6
4.458648E-1	1.507066E-6
4.438708E-1	1.498565E-6
4.418757E-1	1.489971E-6
4.398785E-1	1.481429E-6
4.378523E-1	1.472862E-6
4.358257E-1	1.464224E-6
4.338311E-1	1.455458E-6
4.318357E-1	1.447044E-6
4.298089E-1	1.438591E-6
4.278119E-1	1.430134E-6
4.258213E-1	1.421569E-6
4.238252E-1	1.413239E-6
4.218298E-1	1.404551E-6
4.198017E-1	1.396225E-6
4.178097E-1	1.387568E-6
4.158145E-1	1.379205E-6
4.138188E-1	1.370748E-6
4.117557E-1	1.362265E-6
4.097624E-1	1.353733E-6
4.077680E-1	1.345510E-6
4.057723E-1	1.337050E-6
4.037775E-1	1.328838E-6
4.017835E-1	1.320761E-6
3.997580E-1	1.312069E-6
3.977652E-1	1.303890E-6
3.957684E-1	1.295557E-6
3.937748E-1	1.287192E-6
3.917827E-1	1.279176E-6
3.897533E-1	1.270699E-6
3.877591E-1	1.262182E-6
3.857305E-1	1.254186E-6
3.837383E-1	1.245810E-6
3.817107E-1	1.237555E-6
3.797136E-1	1.229445E-6
3.777177E-1	1.221383E-6
3.757252E-1	1.213425E-6
3.737304E-1	1.205123E-6
3.717392E-1	1.196955E-6
3.697064E-1	1.188723E-6
3.677147E-1	1.180481E-6
3.657210E-1	1.172512E-6
3.637276E-1	1.164444E-6
3.616625E-1	1.156046E-6
3.596697E-1	1.148081E-6
3.576766E-1	1.140214E-6
3.556836E-1	1.132208E-6
3.536846E-1	1.124260E-6
3.516570E-1	1.115883E-6
3.496622E-1	1.107937E-6
3.476728E-1	1.100223E-6
3.456757E-1	1.092361E-6
3.436796E-1	1.084267E-6
3.416837E-1	1.076480E-6
3.396567E-1	1.068525E-6
3.376630E-1	1.060644E-6
3.356339E-1	1.052749E-6
3.336074E-1	1.044679E-6
3.316151E-1	1.036999E-6
3.296212E-1	1.029065E-6
3.276246E-1	1.021371E-6
3.256295E-1	1.013491E-6
3.236361E-1	1.005846E-6
3.216470E-1	9.979564E-7
3.196517E-1	9.903927E-7
3.176533E-1	9.826086E-7
3.156613E-1	9.748344E-7
3.136680E-1	9.673885E-7
3.116066E-1	9.593994E-7
3.096096E-1	9.516855E-7
3.076155E-1	9.440298E-7
3.056192E-1	9.364003E-7
3.035921E-1	9.286275E-7
3.015940E-1	9.210882E-7
2.996007E-1	9.134146E-7
2.976026E-1	9.057379E-7
2.956122E-1	8.982362E-7
2.936191E-1	8.906169E-7
2.915876E-1	8.829957E-7
2.895944E-1	8.754603E-7
2.876016E-1	8.679543E-7
2.855394E-1	8.601231E-7
2.835419E-1	8.526614E-7
2.815463E-1	8.453554E-7
2.795551E-1	8.378001E-7
2.775613E-1	8.303190E-7
2.755614E-1	8.228132E-7
2.735344E-1	8.153581E-7
2.715336E-1	8.080003E-7
2.695442E-1	8.007520E-7
2.675476E-1	7.932510E-7
2.655554E-1	7.860115E-7
2.635589E-1	7.786952E-7
2.615018E-1	7.711326E-7
2.595071E-1	7.638317E-7
2.575094E-1	7.565145E-7
2.554842E-1	7.492266E-7
2.534894E-1	7.419015E-7
2.514962E-1	7.347832E-7
2.494998E-1	7.274107E-7
2.475061E-1	7.201654E-7
2.455122E-1	7.130754E-7
2.434842E-1	7.057583E-7
2.414894E-1	6.986795E-7
2.394927E-1	6.915561E-7
2.374983E-1	6.844706E-7
2.354376E-1	6.770875E-7
2.334418E-1	6.700241E-7
2.314451E-1	6.629625E-7
2.294521E-1	6.559843E-7
2.274589E-1	6.489423E-7
2.254316E-1	6.417408E-7
2.234356E-1	6.347646E-7
2.214399E-1	6.277032E-7
2.194481E-1	6.207854E-7
2.174496E-1	6.138918E-7
2.154568E-1	6.070173E-7
2.134281E-1	5.999645E-7
2.114001E-1	5.929334E-7
2.094064E-1	5.861834E-7
2.073791E-1	5.791610E-7
2.053817E-1	5.723788E-7
2.033843E-1	5.655273E-7
2.013945E-1	5.587182E-7
1.993981E-1	5.519513E-7
1.974023E-1	5.451343E-7
1.953749E-1	5.383784E-7
1.933816E-1	5.317013E-7
1.913891E-1	5.250892E-7
1.893912E-1	5.183738E-7
1.873973E-1	5.117021E-7
1.853340E-1	5.047267E-7
1.833423E-1	4.980900E-7
1.813460E-1	4.915420E-7
1.793535E-1	4.849672E-7
1.773256E-1	4.783082E-7
1.753301E-1	4.717703E-7
1.733382E-1	4.652867E-7
1.713392E-1	4.587331E-7
1.693448E-1	4.523194E-7
1.673526E-1	4.458032E-7
1.653233E-1	4.392977E-7
1.633218E-1	4.328835E-7
1.612951E-1	4.264174E-7
1.592679E-1	4.197823E-7
1.572769E-1	4.134451E-7
1.552810E-1	4.071509E-7
1.532845E-1	4.008398E-7
1.512927E-1	3.945700E-7
1.492950E-1	3.884153E-7
1.472678E-1	3.820980E-7
1.452733E-1	3.758260E-7
1.432791E-1	3.696529E-7
1.412869E-1	3.634840E-7
1.392904E-1	3.573196E-7
1.372924E-1	3.511849E-7
1.352267E-1	3.448616E-7
1.332347E-1	3.388059E-7
1.312418E-1	3.328152E-7
1.292114E-1	3.266827E-7
1.272139E-1	3.206417E-7
1.252200E-1	3.147243E-7
1.232316E-1	3.088597E-7
1.212348E-1	3.029254E-7
1.192393E-1	2.970382E-7
1.172129E-1	2.910636E-7
1.152156E-1	2.852450E-7
1.132266E-1	2.793573E-7
1.111591E-1	2.734161E-7
1.091687E-1	2.676559E-7
1.071712E-1	2.619823E-7
1.051806E-1	2.563145E-7
1.031837E-1	2.506590E-7
1.011890E-1	2.450072E-7
9.916078E-2	2.393200E-7
9.716811E-2	2.337412E-7
9.517147E-2	2.281813E-7
9.317289E-2	2.226717E-7
9.118249E-2	2.172222E-7
8.918960E-2	2.118052E-7
8.716018E-2	2.062578E-7
8.512963E-2	2.008148E-7
8.313718E-2	1.954672E-7
8.110819E-2	1.900424E-7
7.911378E-2	1.847367E-7
7.711875E-2	1.794807E-7
7.512417E-2	1.742811E-7
7.313078E-2	1.690798E-7
7.113559E-2	1.639239E-7
6.910691E-2	1.587278E-7
6.711120E-2	1.536084E-7
6.511636E-2	1.485353E-7
6.312365E-2	1.435286E-7
6.106067E-2	1.383993E-7
5.906391E-2	1.334167E-7
5.706951E-2	1.284855E-7
5.507835E-2	1.236210E-7
5.308190E-2	1.187490E-7
5.105467E-2	1.138606E-7
4.906056E-2	1.090988E-7
4.706470E-2	1.043132E-7
4.507494E-2	9.961183E-8
4.307836E-2	9.492602E-8
4.108268E-2	9.026333E-8
3.905621E-2	8.556352E-8
3.706065E-2	8.096126E-8
3.503475E-2	7.632420E-8
3.300098E-2	7.170262E-8
3.101092E-2	6.722428E-8
2.901414E-2	6.273802E-8
2.702143E-2	5.830348E-8
2.502088E-2	5.387679E-8
2.302861E-2	4.948051E-8
2.100140E-2	4.504151E-8
1.900769E-2	4.070084E-8
1.701443E-2	3.638741E-8
1.501713E-2	3.208336E-8
1.302276E-2	2.781485E-8
1.096023E-2	2.340382E-8
8.969047E-3	1.916565E-8
6.969651E-3	1.493179E-8
4.978713E-3	1.071866E-8
2.950854E-3	6.452158E-9
9.528839E-4	2.260403E-9
-1.034842E-3	-1.940802E-9
-3.029195E-3	-6.078999E-9
-5.023879E-3	-1.024853E-8
-7.051647E-3	-1.448429E-8
-9.045159E-3	-1.864344E-8
-1.104445E-2	-2.281809E-8
-1.303663E-2	-2.696982E-8
-1.509939E-2	-3.127458E-8
-1.709206E-2	-3.544345E-8
-1.909296E-2	-3.962702E-8
-2.108620E-2	-4.381575E-8
-2.308065E-2	-4.800177E-8
-2.510824E-2	-5.228173E-8
-2.710463E-2	-5.649263E-8
-2.909980E-2	-6.071188E-8
-3.109381E-2	-6.495161E-8
-3.309068E-2	-6.920898E-8
-3.508621E-2	-7.348036E-8
-3.708400E-2	-7.776910E-8
-3.914123E-2	-8.223230E-8
-4.113707E-2	-8.654573E-8
-4.312516E-2	-9.087682E-8
-4.516096E-2	-9.532597E-8
-4.715748E-2	-9.972614E-8
-4.915041E-2	-1.041313E-7
-5.114478E-2	-1.085565E-7
-5.313863E-2	-1.129992E-7
-5.513594E-2	-1.174941E-7
-5.716183E-2	-1.220580E-7
-5.915635E-2	-1.265794E-7
-6.115096E-2	-1.311404E-7
-6.321405E-2	-1.358622E-7
-6.520847E-2	-1.404491E-7
-6.720135E-2	-1.450745E-7
-6.920028E-2	-1.497185E-7
-7.119732E-2	-1.544017E-7
-7.319257E-2	-1.591096E-7
-7.522160E-2	-1.639286E-7
-7.720864E-2	-1.686526E-7
-7.921169E-2	-1.734463E-7
-8.120518E-2	-1.782417E-7
-8.319784E-2	-1.830818E-7
-8.519219E-2	-1.879205E-7
-8.719045E-2	-1.928046E-7
-8.925219E-2	-1.978399E-7
-9.124556E-2	-2.028121E-7
-9.323908E-2	-2.077655E-7
-9.526782E-2	-2.128148E-7
-9.726339E-2	-2.178231E-7
-9.925982E-2	-2.228497E-7
-1.012553E-1	-2.279357E-7
-1.032489E-1	-2.330288E-7
-1.052473E-1	-2.381266E-7
-1.072758E-1	-2.433316E-7
-1.092685E-1	-2.484893E-7
-1.112634E-1	-2.536331E-7
-1.133245E-1	-2.590271E-7
-1.153215E-1	-2.642579E-7
-1.173147E-1	-2.695109E-7
-1.193113E-1	-2.747586E-7
-1.213019E-1	-2.800473E-7
-1.233003E-1	-2.853695E-7
-1.253285E-1	-2.908060E-7
-1.273220E-1	-2.961657E-7
-1.293151E-1	-3.015818E-7
-1.313118E-1	-3.069639E-7
-1.333116E-1	-3.124434E-7
-1.353038E-1	-3.178666E-7
-1.372983E-1	-3.233869E-7
-1.393620E-1	-3.290724E-7
-1.413610E-1	-3.346068E-7
-1.433521E-1	-3.401755E-7
-1.453792E-1	-3.457608E-7
-1.473769E-1	-3.513811E-7
-1.493736E-1	-3.570312E-7
-1.513648E-1	-3.626615E-7
-1.533620E-1	-3.682549E-7
-1.553565E-1	-3.740140E-7
-1.573878E-1	-3.798136E-7
-1.593812E-1	-3.854998E-7
-1.613769E-1	-3.912426E-7
-1.634366E-1	-3.971377E-7
-1.654346E-1	-4.029863E-7
-1.674294E-1	-4.087385E-7
-1.694247E-1	-4.145608E-7
-1.714181E-1	-4.203897E-7
-1.734160E-1	-4.262213E-7
-1.754083E-1	-4.321408E-7
-1.774375E-1	-4.381181E-7
-1.794332E-1	-4.440444E-7
-1.814268E-1	-4.499817E-7
-1.834256E-1	-4.559589E-7
-1.854180E-1	-4.618941E-7
-1.874128E-1	-4.679009E-7
-1.894736E-1	-4.741418E-7
-1.914715E-1	-4.801494E-7
-1.934668E-1	-4.861957E-7
-1.954927E-1	-4.923359E-7
-1.974863E-1	-4.983535E-7
-1.994787E-1	-5.044352E-7
-2.014774E-1	-5.106646E-7
-2.034709E-1	-5.167592E-7
-2.054640E-1	-5.229764E-7
-2.074946E-1	-5.292487E-7
-2.094913E-1	-5.353538E-7
-2.114889E-1	-5.415899E-7
-2.135467E-1	-5.480853E-7
-2.155446E-1	-5.542668E-7
-2.175404E-1	-5.605735E-7
-2.195349E-1	-5.669244E-7
-2.215277E-1	-5.731372E-7
-2.235242E-1	-5.794744E-7
-2.255196E-1	-5.858036E-7
-2.275482E-1	-5.922780E-7
-2.295405E-1	-5.986940E-7
-2.315347E-1	-6.051036E-7
-2.335293E-1	-6.114375E-7
-2.355299E-1	-6.179030E-7
-2.375238E-1	-6.243632E-7
-2.395854E-1	-6.309770E-7
-2.415807E-1	-6.374260E-7
-2.435774E-1	-6.439422E-7
-2.456050E-1	-6.505648E-7
-2.475995E-1	-6.570508E-7
-2.495932E-1	-6.636035E-7
-2.515889E-1	-6.701903E-7
-2.535815E-1	-6.767096E-7
-2.555775E-1	-6.832731E-7
-2.576061E-1	-6.901013E-7
-2.595990E-1	-6.966010E-7
-2.615977E-1	-7.032827E-7
-2.636258E-1	-7.100255E-7
-2.656524E-1	-7.168242E-7
-2.676429E-1	-7.234195E-7
-2.696427E-1	-7.302598E-7
-2.716371E-1	-7.368971E-7
-2.736305E-1	-7.436541E-7
-2.756254E-1	-7.503848E-7
-2.776562E-1	-7.573589E-7
-2.796540E-1	-7.641004E-7
-2.816473E-1	-7.708855E-7
-2.836409E-1	-7.776750E-7
-2.856359E-1	-7.845927E-7
-2.876344E-1	-7.913702E-7
-2.896947E-1	-7.982034E-7
-2.916902E-1	-8.051739E-7
-2.936831E-1	-8.120386E-7
-2.957154E-1	-8.191391E-7
-2.977097E-1	-8.260180E-7
-2.997021E-1	-8.328958E-7
-3.016979E-1	-8.400196E-7
-3.036944E-1	-8.468932E-7
-3.056910E-1	-8.538610E-7
-3.077161E-1	-8.609546E-7
-3.097126E-1	-8.680344E-7
-3.117090E-1	-8.748892E-7
-3.137391E-1	-8.820991E-7
-3.157678E-1	-8.893025E-7
-3.177607E-1	-8.963572E-7
-3.197563E-1	-9.033083E-7
-3.217511E-1	-9.105154E-7
-3.237473E-1	-9.177111E-7
-3.257407E-1	-9.246943E-7
-3.277686E-1	-9.319427E-7
-3.297658E-1	-9.390892E-7
-3.317600E-1	-9.463504E-7
-3.337532E-1	-9.535413E-7
-3.357478E-1	-9.606396E-7
-3.377413E-1	-9.677282E-7
-3.398044E-1	-9.752970E-7
-3.417976E-1	-9.825187E-7
-3.437947E-1	-9.897973E-7
-3.458232E-1	-9.971294E-7
-3.478225E-1	-1.004436E-6
-3.498158E-1	-1.011820E-6
-3.518088E-1	-1.019115E-6
-3.538036E-1	-1.026335E-6
-3.558004E-1	-1.033627E-6
-3.578298E-1	-1.041236E-6
-3.598410E-1	-1.048648E-6
-3.617732E-1	-1.055741E-6
-3.638039E-1	-1.063267E-6
-3.658322E-1	-1.070789E-6
-3.678245E-1	-1.078272E-6
-3.698199E-1	-1.085676E-6
-3.718129E-1	-1.093107E-6
-3.738116E-1	-1.100710E-6
-3.758057E-1	-1.108107E-6
-3.778324E-1	-1.115973E-6
-3.798275E-1	-1.123523E-6
-3.818243E-1	-1.130917E-6
-3.838198E-1	-1.138499E-6
-3.858114E-1	-1.145865E-6
-3.878061E-1	-1.153543E-6
-3.898683E-1	-1.161481E-6
-3.918639E-1	-1.169114E-6
-3.938558E-1	-1.176739E-6
-3.958859E-1	-1.184202E-6
-3.978780E-1	-1.192004E-6
-3.998748E-1	-1.199471E-6
-4.018701E-1	-1.207215E-6
-4.038633E-1	-1.214813E-6
-4.058575E-1	-1.222587E-6
-4.078519E-1	-1.230175E-6
-4.098809E-1	-1.238039E-6
-4.118751E-1	-1.245728E-6
-4.139044E-1	-1.253724E-6
-4.159342E-1	-1.261534E-6
-4.179303E-1	-1.269181E-6
-4.199221E-1	-1.276963E-6
-4.219163E-1	-1.284839E-6
-4.239123E-1	-1.292666E-6
-4.259090E-1	-1.300582E-6
-4.279377E-1	-1.308555E-6
-4.299294E-1	-1.316291E-6
-4.319236E-1	-1.324164E-6
-4.339210E-1	-1.332073E-6
-4.359151E-1	-1.339954E-6
-4.379094E-1	-1.347692E-6
-4.399705E-1	-1.356006E-6
-4.419683E-1	-1.363897E-6
-4.439609E-1	-1.371859E-6
-4.459881E-1	-1.379696E-6
-4.479837E-1	-1.387663E-6
-4.499806E-1	-1.395598E-6
-4.519765E-1	-1.403610E-6
-4.539703E-1	-1.411608E-6
-4.559636E-1	-1.419493E-6
-4.579586E-1	-1.427587E-6
-4.599860E-1	-1.435638E-6
-4.619806E-1	-1.443916E-6
-4.640076E-1	-1.451948E-6
-4.660372E-1	-1.460238E-6
-4.680317E-1	-1.468276E-6
-4.700281E-1	-1.476437E-6
-4.720201E-1	-1.484433E-6
-4.740149E-1	-1.492367E-6
-4.760081E-1	-1.500477E-6
-4.780355E-1	-1.508746E-6
-4.800336E-1	-1.516937E-6
-4.820274E-1	-1.525334E-6
-4.840208E-1	-1.533321E-6
-4.860191E-1	-1.541447E-6
-4.880129E-1	-1.549967E-6
-4.900738E-1	-1.558362E-6
-4.920679E-1	-1.566598E-6
-4.940641E-1	-1.574608E-6
-4.960583E-1	-1.583101E-6
-4.980857E-1	-1.591507E-6
-5.000794E-1	-1.599875E-6
