Voltage (V)	Current (A)
-5.000796E-1	-1.402599E-6
-4.980833E-1	-1.395033E-6
-4.960588E-1	-1.387103E-6
-4.940637E-1	-1.379222E-6
-4.920680E-1	-1.371854E-6
-4.900724E-1	-1.363893E-6
-4.880793E-1	-1.355922E-6
-4.860179E-1	-1.348051E-6
-4.840199E-1	-1.340504E-6
-4.820266E-1	-1.332796E-6
-4.800328E-1	-1.325070E-6
-4.780359E-1	-1.317377E-6
-4.760070E-1	-1.309781E-6
-4.740136E-1	-1.301916E-6
-4.720202E-1	-1.294392E-6
-4.700263E-1	-1.286783E-6
-4.680327E-1	-1.279303E-6
-4.660371E-1	-1.271742E-6
-4.640081E-1	-1.263830E-6
-4.619824E-1	-1.256298E-6
-4.599878E-1	-1.248865E-6
-4.579580E-1	-1.241363E-6
-4.559633E-1	-1.233806E-6
-4.539699E-1	-1.226384E-6
-4.519764E-1	-1.218868E-6
-4.499800E-1	-1.211392E-6
-4.479836E-1	-1.204020E-6
-4.459886E-1	-1.196628E-6
-4.439620E-1	-1.189197E-6
-4.419672E-1	-1.181581E-6
-4.399709E-1	-1.174382E-6
-4.379759E-1	-1.167026E-6
-4.359153E-1	-1.159438E-6
-4.339217E-1	-1.152260E-6
-4.319234E-1	-1.144863E-6
-4.299306E-1	-1.137626E-6
-4.279362E-1	-1.130209E-6
-4.259095E-1	-1.122851E-6
-4.239125E-1	-1.115769E-6
-4.219164E-1	-1.108623E-6
-4.199221E-1	-1.101338E-6
-4.179296E-1	-1.094244E-6
-4.159346E-1	-1.086917E-6
-4.139055E-1	-1.079614E-6
-4.118753E-1	-1.072552E-6
-4.098817E-1	-1.065381E-6
-4.078521E-1	-1.058037E-6
-4.058570E-1	-1.050975E-6
-4.038639E-1	-1.043932E-6
-4.018700E-1	-1.036843E-6
-3.998766E-1	-1.029828E-6
-3.978796E-1	-1.022857E-6
-3.958833E-1	-1.015782E-6
-3.938574E-1	-1.008641E-6
-3.918643E-1	-1.001712E-6
-3.899081E-1	-9.947881E-7
-3.879144E-1	-9.878371E-7
-3.858538E-1	-9.807407E-7
-3.838601E-1	-9.738396E-7
-3.818637E-1	-9.669218E-7
-3.798684E-1	-9.600609E-7
-3.778734E-1	-9.531395E-7
-3.758444E-1	-9.461911E-7
-3.738494E-1	-9.392986E-7
-3.718531E-1	-9.325987E-7
-3.698604E-1	-9.257128E-7
-3.678639E-1	-9.189254E-7
-3.658706E-1	-9.122739E-7
-3.638414E-1	-9.053522E-7
-3.618115E-1	-8.984559E-7
-3.598174E-1	-8.917891E-7
-3.578242E-1	-8.851418E-7
-3.557954E-1	-8.781316E-7
-3.537982E-1	-8.714326E-7
-3.518037E-1	-8.648657E-7
-3.498109E-1	-8.583669E-7
-3.478156E-1	-8.516670E-7
-3.458163E-1	-8.450390E-7
-3.437893E-1	-8.383573E-7
-3.417932E-1	-8.317325E-7
-3.397990E-1	-8.252306E-7
-3.378032E-1	-8.186560E-7
-3.357413E-1	-8.119570E-7
-3.337489E-1	-8.053212E-7
-3.317541E-1	-7.989040E-7
-3.297613E-1	-7.924499E-7
-3.277627E-1	-7.858850E-7
-3.257350E-1	-7.793464E-7
-3.237429E-1	-7.729375E-7
-3.217463E-1	-7.665365E-7
-3.197513E-1	-7.600845E-7
-3.177565E-1	-7.537657E-7
-3.157634E-1	-7.473346E-7
-3.137355E-1	-7.408516E-7
-3.117042E-1	-7.344841E-7
-3.097074E-1	-7.281397E-7
-3.077133E-1	-7.218646E-7
-3.056866E-1	-7.155102E-7
-3.036902E-1	-7.092215E-7
-3.016926E-1	-7.029384E-7
-2.996982E-1	-6.967078E-7
-2.977060E-1	-6.904709E-7
-2.957120E-1	-6.842849E-7
-2.936797E-1	-6.779101E-7
-2.916857E-1	-6.717615E-7
-2.896915E-1	-6.656894E-7
-2.876950E-1	-6.596265E-7
-2.856313E-1	-6.533289E-7
-2.836369E-1	-6.471698E-7
-2.816421E-1	-6.411241E-7
-2.796494E-1	-6.350471E-7
-2.776526E-1	-6.290364E-7
-2.756225E-1	-6.228262E-7
-2.736271E-1	-6.168265E-7
-2.716334E-1	-6.108349E-7
-2.696387E-1	-6.049468E-7
-2.676403E-1	-5.989330E-7
-2.656496E-1	-5.930007E-7
-2.636225E-1	-5.870186E-7
-2.615938E-1	-5.810242E-7
-2.595969E-1	-5.752040E-7
-2.576021E-1	-5.693710E-7
-2.555748E-1	-5.634138E-7
-2.535785E-1	-5.576013E-7
-2.515855E-1	-5.517359E-7
-2.495899E-1	-5.459303E-7
-2.475965E-1	-5.401692E-7
-2.456022E-1	-5.344608E-7
-2.435733E-1	-5.285843E-7
-2.415773E-1	-5.228960E-7
-2.395820E-1	-5.172040E-7
-2.375880E-1	-5.114520E-7
-2.355263E-1	-5.056212E-7
-2.335268E-1	-4.999268E-7
-2.315324E-1	-4.943260E-7
-2.295385E-1	-4.886937E-7
-2.275475E-1	-4.832044E-7
-2.255177E-1	-4.774661E-7
-2.235225E-1	-4.719178E-7
-2.215266E-1	-4.663951E-7
-2.195330E-1	-4.609036E-7
-2.175377E-1	-4.553924E-7
-2.155425E-1	-4.499124E-7
-2.135451E-1	-4.444216E-7
-2.114871E-1	-4.388100E-7
-2.094901E-1	-4.334269E-7
-2.074932E-1	-4.280190E-7
-2.054624E-1	-4.225389E-7
-2.034683E-1	-4.172046E-7
-2.014765E-1	-4.118884E-7
-1.994771E-1	-4.065808E-7
-1.974856E-1	-4.012612E-7
-1.954905E-1	-3.959957E-7
-1.934642E-1	-3.906635E-7
-1.914690E-1	-3.854338E-7
-1.894714E-1	-3.802174E-7
-1.874801E-1	-3.750493E-7
-1.854160E-1	-3.696806E-7
-1.834244E-1	-3.644652E-7
-1.814252E-1	-3.593824E-7
-1.794316E-1	-3.542530E-7
-1.774340E-1	-3.491865E-7
-1.754073E-1	-3.440072E-7
-1.734159E-1	-3.389584E-7
-1.714164E-1	-3.339603E-7
-1.694235E-1	-3.289195E-7
-1.674282E-1	-3.239233E-7
-1.654321E-1	-3.189745E-7
-1.634351E-1	-3.140240E-7
-1.613747E-1	-3.089458E-7
-1.593799E-1	-3.040845E-7
-1.573881E-1	-2.991862E-7
-1.553547E-1	-2.942547E-7
-1.533597E-1	-2.894465E-7
-1.513634E-1	-2.846399E-7
-1.493708E-1	-2.798688E-7
-1.473760E-1	-2.751395E-7
-1.453783E-1	-2.703867E-7
-1.433512E-1	-2.656339E-7
-1.413591E-1	-2.609781E-7
-1.393620E-1	-2.563004E-7
-1.373649E-1	-2.516440E-7
-1.353017E-1	-2.469072E-7
-1.333088E-1	-2.423160E-7
-1.313093E-1	-2.377295E-7
-1.293130E-1	-2.332127E-7
-1.273190E-1	-2.287007E-7
-1.253268E-1	-2.242279E-7
-1.232993E-1	-2.197143E-7
-1.213008E-1	-2.152610E-7
-1.193082E-1	-2.108575E-7
-1.173124E-1	-2.064851E-7
-1.153208E-1	-2.021417E-7
-1.133235E-1	-1.978189E-7
-1.112617E-1	-1.933943E-7
-1.092664E-1	-1.891167E-7
-1.072751E-1	-1.848703E-7
-1.052473E-1	-1.806222E-7
-1.032483E-1	-1.764367E-7
-1.012551E-1	-1.722907E-7
-9.925783E-2	-1.681762E-7
-9.726102E-2	-1.640703E-7
-9.526635E-2	-1.600056E-7
-9.323815E-2	-1.558968E-7
-9.124494E-2	-1.518895E-7
-8.925041E-2	-1.479280E-7
-8.725766E-2	-1.439883E-7
-8.519081E-2	-1.399122E-7
-8.319741E-2	-1.360391E-7
-8.120402E-2	-1.321928E-7
-7.921106E-2	-1.283701E-7
-7.721005E-2	-1.245614E-7
-7.522067E-2	-1.208203E-7
-7.319194E-2	-1.170166E-7
-7.119658E-2	-1.133268E-7
-6.919869E-2	-1.096621E-7
-6.720097E-2	-1.060212E-7
-6.520805E-2	-1.024354E-7
-6.321383E-2	-9.886862E-8
-6.114971E-2	-9.521382E-8
-5.915560E-2	-9.170016E-8
-5.716183E-2	-8.824568E-8
-5.513500E-2	-8.474881E-8
-5.314032E-2	-8.134062E-8
-5.114575E-2	-7.797331E-8
-4.915078E-2	-7.462801E-8
-4.715816E-2	-7.132238E-8
-4.516110E-2	-6.804642E-8
-4.312485E-2	-6.472938E-8
-4.113737E-2	-6.151516E-8
-3.914209E-2	-5.832664E-8
-3.715045E-2	-5.517259E-8
-3.508559E-2	-5.193258E-8
-3.309030E-2	-4.882627E-8
-3.109292E-2	-4.574948E-8
-2.909967E-2	-4.269856E-8
-2.710548E-2	-3.966137E-8
-2.510788E-2	-3.663783E-8
-2.308070E-2	-3.359979E-8
-2.108645E-2	-3.062164E-8
-1.909242E-2	-2.766917E-8
-1.709323E-2	-2.471904E-8
-1.510045E-2	-2.179167E-8
-1.310326E-2	-1.886650E-8
-1.104570E-2	-1.585917E-8
-9.045566E-3	-1.294426E-8
-7.053644E-3	-1.003665E-8
-5.025630E-3	-7.095556E-9
-3.030280E-3	-4.188998E-9
-1.035929E-3	-1.279122E-9
9.509552E-4	1.661049E-9
2.949595E-3	4.561680E-9
4.978289E-3	7.546230E-9
6.967793E-3	1.049712E-8
8.966777E-3	1.347499E-8
1.095912E-2	1.647129E-8
1.295400E-2	1.947827E-8
1.501434E-2	2.261114E-8
1.701289E-2	2.569041E-8
1.900558E-2	2.877773E-8
2.100062E-2	3.189938E-8
2.302790E-2	3.509926E-8
2.501840E-2	3.828350E-8
2.701786E-2	4.151045E-8
2.901453E-2	4.477351E-8
3.100786E-2	4.807372E-8
3.299840E-2	5.140689E-8
3.503142E-2	5.484262E-8
3.702731E-2	5.825791E-8
3.905356E-2	6.175837E-8
4.107993E-2	6.530531E-8
4.307568E-2	6.884582E-8
4.507114E-2	7.241447E-8
4.706128E-2	7.604288E-8
4.905983E-2	7.969838E-8
5.105183E-2	8.342244E-8
5.307980E-2	8.721742E-8
5.507604E-2	9.100708E-8
5.706764E-2	9.482267E-8
5.906091E-2	9.870494E-8
6.105686E-2	1.026227E-7
6.312102E-2	1.067076E-7
6.511438E-2	1.107148E-7
6.710664E-2	1.147533E-7
6.910396E-2	1.188303E-7
7.113373E-2	1.230275E-7
7.312806E-2	1.271855E-7
7.512126E-2	1.313635E-7
7.711605E-2	1.355972E-7
7.911243E-2	1.398717E-7
8.110622E-2	1.441742E-7
8.313574E-2	1.485857E-7
8.512646E-2	1.529630E-7
8.712450E-2	1.574121E-7
8.918746E-2	1.619944E-7
9.117914E-2	1.664851E-7
9.317005E-2	1.710204E-7
9.516820E-2	1.756028E-7
9.716390E-2	1.801927E-7
9.915897E-2	1.848358E-7
1.011852E-1	1.895856E-7
1.031815E-1	1.942654E-7
1.051780E-1	1.990031E-7
1.071680E-1	2.037568E-7
1.091652E-1	2.085392E-7
1.111547E-1	2.133416E-7
1.132231E-1	2.183937E-7
1.152130E-1	2.232956E-7
1.172114E-1	2.282096E-7
1.192367E-1	2.332319E-7
1.212317E-1	2.382126E-7
1.232270E-1	2.432022E-7
1.252182E-1	2.482219E-7
1.272118E-1	2.533085E-7
1.292090E-1	2.583989E-7
1.312370E-1	2.636292E-7
1.332329E-1	2.687784E-7
1.352225E-1	2.739427E-7
1.372231E-1	2.791377E-7
1.392857E-1	2.845754E-7
1.412823E-1	2.898048E-7
1.432749E-1	2.950911E-7
1.452692E-1	3.004031E-7
1.472641E-1	3.057582E-7
1.492937E-1	3.111817E-7
1.512882E-1	3.165776E-7
1.532824E-1	3.219863E-7
1.552775E-1	3.273843E-7
1.572736E-1	3.328823E-7
1.592633E-1	3.383517E-7
1.612927E-1	3.439678E-7
1.633195E-1	3.495728E-7
1.653186E-1	3.550550E-7
1.673488E-1	3.607625E-7
1.693424E-1	3.663617E-7
1.713361E-1	3.719666E-7
1.733348E-1	3.775932E-7
1.753269E-1	3.833346E-7
1.773221E-1	3.889867E-7
1.793472E-1	3.947981E-7
1.813415E-1	4.005690E-7
1.833405E-1	4.063010E-7
1.853313E-1	4.120945E-7
1.873252E-1	4.178286E-7
1.893879E-1	4.239354E-7
1.913849E-1	4.297146E-7
1.933762E-1	4.355707E-7
1.953712E-1	4.414164E-7
1.973985E-1	4.474583E-7
1.993935E-1	4.533729E-7
2.013886E-1	4.592880E-7
2.033799E-1	4.652329E-7
2.053780E-1	4.712508E-7
2.073747E-1	4.772533E-7
2.094038E-1	4.833395E-7
2.113975E-1	4.893851E-7
2.134234E-1	4.955097E-7
2.154527E-1	5.017455E-7
2.174452E-1	5.078660E-7
2.194446E-1	5.139930E-7
2.214359E-1	5.201286E-7
2.234302E-1	5.262671E-7
2.254272E-1	5.324452E-7
2.274544E-1	5.387477E-7
2.294486E-1	5.449309E-7
2.314415E-1	5.511836E-7
2.334371E-1	5.574518E-7
2.354327E-1	5.637456E-7
2.374276E-1	5.699915E-7
2.394881E-1	5.765382E-7
2.414849E-1	5.828271E-7
2.434793E-1	5.891867E-7
2.455090E-1	5.956804E-7
2.475012E-1	6.019753E-7
2.494941E-1	6.084339E-7
2.514925E-1	6.149213E-7
2.534851E-1	6.213151E-7
2.554776E-1	6.277023E-7
2.575059E-1	6.343381E-7
2.595019E-1	6.408183E-7
2.614970E-1	6.472891E-7
2.635564E-1	6.539950E-7
2.655499E-1	6.605659E-7
2.675436E-1	6.671401E-7
2.695385E-1	6.737548E-7
2.715307E-1	6.802787E-7
2.735294E-1	6.868938E-7
2.755570E-1	6.937278E-7
2.775545E-1	7.003960E-7
2.795496E-1	7.070346E-7
2.815417E-1	7.137652E-7
2.835377E-1	7.204585E-7
2.855331E-1	7.271241E-7
2.875615E-1	7.339762E-7
2.895888E-1	7.408714E-7
2.915825E-1	7.476449E-7
2.936130E-1	7.546103E-7
2.956067E-1	7.614237E-7
2.975992E-1	7.681705E-7
2.995954E-1	7.750266E-7
3.015885E-1	7.818733E-7
3.035854E-1	7.886519E-7
3.056137E-1	7.956201E-7
3.076095E-1	8.026253E-7
3.096020E-1	8.094715E-7
3.115991E-1	8.163899E-7
3.136619E-1	8.237026E-7
3.156551E-1	8.306501E-7
3.176493E-1	8.375841E-7
3.196427E-1	8.445510E-7
3.216386E-1	8.515376E-7
3.236651E-1	8.587152E-7
3.256584E-1	8.657605E-7
3.276544E-1	8.727829E-7
3.296516E-1	8.798814E-7
3.316441E-1	8.871413E-7
3.336371E-1	8.940303E-7
3.356650E-1	9.014143E-7
3.376590E-1	9.085659E-7
3.396875E-1	9.158572E-7
3.417157E-1	9.231430E-7
3.437120E-1	9.304777E-7
3.457070E-1	9.376444E-7
3.477038E-1	9.448929E-7
3.496949E-1	9.520870E-7
3.516897E-1	9.593494E-7
3.537181E-1	9.668815E-7
3.557160E-1	9.741020E-7
3.577086E-1	9.814207E-7
3.597028E-1	9.887839E-7
3.616976E-1	9.961894E-7
3.637612E-1	1.003649E-6
3.657546E-1	1.010973E-6
3.677474E-1	1.018368E-6
3.697420E-1	1.025694E-6
3.717719E-1	1.033320E-6
3.737656E-1	1.040833E-6
3.757602E-1	1.048298E-6
3.777165E-1	1.055642E-6
3.797124E-1	1.063061E-6
3.817085E-1	1.070472E-6
3.837377E-1	1.078354E-6
3.857296E-1	1.085832E-6
3.877223E-1	1.093229E-6
3.897525E-1	1.100991E-6
3.917789E-1	1.108741E-6
3.937722E-1	1.116308E-6
3.957675E-1	1.123827E-6
3.977623E-1	1.131564E-6
3.997545E-1	1.139125E-6
4.017826E-1	1.146916E-6
4.037759E-1	1.154628E-6
4.057694E-1	1.162401E-6
4.077684E-1	1.170203E-6
4.097632E-1	1.177826E-6
4.117548E-1	1.185456E-6
4.138165E-1	1.193474E-6
4.158147E-1	1.201271E-6
4.178077E-1	1.208893E-6
4.198018E-1	1.216756E-6
4.218293E-1	1.224653E-6
4.238255E-1	1.232331E-6
4.258203E-1	1.240183E-6
4.278100E-1	1.248220E-6
4.298050E-1	1.255953E-6
4.318347E-1	1.264189E-6
4.338291E-1	1.272070E-6
4.358265E-1	1.280013E-6
4.378169E-1	1.287703E-6
4.398789E-1	1.296133E-6
4.418757E-1	1.303967E-6
4.438695E-1	1.311997E-6
4.458635E-1	1.319923E-6
4.478563E-1	1.328292E-6
4.498545E-1	1.336395E-6
4.518828E-1	1.344526E-6
4.538744E-1	1.352516E-6
4.558677E-1	1.360559E-6
4.578641E-1	1.368472E-6
4.598571E-1	1.376766E-6
4.618843E-1	1.385025E-6
4.639119E-1	1.393519E-6
4.659063E-1	1.401660E-6
4.679026E-1	1.409962E-6
4.699305E-1	1.418286E-6
4.719241E-1	1.426463E-6
4.739159E-1	1.434607E-6
4.759122E-1	1.442768E-6
4.779068E-1	1.451002E-6
4.799004E-1	1.459487E-6
4.819266E-1	1.468121E-6
4.839244E-1	1.476268E-6
4.859190E-1	1.484477E-6
4.879111E-1	1.492811E-6
4.899742E-1	1.501607E-6
4.919682E-1	1.509784E-6
4.939634E-1	1.518182E-6
4.959580E-1	1.526511E-6
4.979515E-1	1.535037E-6
4.999779E-1	1.543316E-6
