Voltage (V)	Current (A)
-5.000784E-1	-1.356431E-6
-4.980850E-1	-1.349093E-6
-4.960593E-1	-1.341078E-6
-4.940642E-1	-1.333272E-6
-4.920677E-1	-1.325924E-6
-4.900730E-1	-1.318307E-6
-4.880801E-1	-1.310927E-6
-4.860173E-1	-1.303045E-6
-4.840200E-1	-1.295595E-6
-4.820250E-1	-1.287994E-6
-4.800328E-1	-1.280449E-6
-4.780361E-1	-1.272943E-6
-4.760072E-1	-1.265373E-6
-4.740139E-1	-1.257955E-6
-4.720206E-1	-1.250566E-6
-4.700275E-1	-1.243111E-6
-4.680325E-1	-1.235526E-6
-4.660378E-1	-1.228215E-6
-4.640078E-1	-1.220818E-6
-4.619816E-1	-1.213387E-6
-4.599870E-1	-1.205996E-6
-4.579574E-1	-1.198598E-6
-4.559631E-1	-1.191225E-6
-4.539709E-1	-1.183985E-6
-4.519769E-1	-1.176656E-6
-4.499803E-1	-1.169412E-6
-4.479822E-1	-1.162127E-6
-4.459891E-1	-1.154957E-6
-4.439609E-1	-1.147449E-6
-4.419672E-1	-1.140176E-6
-4.399695E-1	-1.133064E-6
-4.379770E-1	-1.125806E-6
-4.359160E-1	-1.118390E-6
-4.339227E-1	-1.111414E-6
-4.319243E-1	-1.104088E-6
-4.299302E-1	-1.097093E-6
-4.279367E-1	-1.090058E-6
-4.259099E-1	-1.082959E-6
-4.239129E-1	-1.075952E-6
-4.219175E-1	-1.068789E-6
-4.199236E-1	-1.061820E-6
-4.179296E-1	-1.054961E-6
-4.159352E-1	-1.047824E-6
-4.139043E-1	-1.040755E-6
-4.118758E-1	-1.033499E-6
-4.098818E-1	-1.026672E-6
-4.078523E-1	-1.019616E-6
-4.058561E-1	-1.012669E-6
-4.038638E-1	-1.005767E-6
-4.019119E-1	-9.989566E-7
-3.999171E-1	-9.921619E-7
-3.979217E-1	-9.853193E-7
-3.959256E-1	-9.785246E-7
-3.938973E-1	-9.716165E-7
-3.919053E-1	-9.647366E-7
-3.899073E-1	-9.579260E-7
-3.879137E-1	-9.511180E-7
-3.858524E-1	-9.441286E-7
-3.838602E-1	-9.374697E-7
-3.818634E-1	-9.307666E-7
-3.798676E-1	-9.238904E-7
-3.778727E-1	-9.172315E-7
-3.758429E-1	-9.104387E-7
-3.738493E-1	-9.037356E-7
-3.718527E-1	-8.971060E-7
-3.698586E-1	-8.905960E-7
-3.678621E-1	-8.839045E-7
-3.658707E-1	-8.773886E-7
-3.638422E-1	-8.707170E-7
-3.618096E-1	-8.639616E-7
-3.598165E-1	-8.573567E-7
-3.578229E-1	-8.508114E-7
-3.557945E-1	-8.441999E-7
-3.537965E-1	-8.377468E-7
-3.518025E-1	-8.312432E-7
-3.498096E-1	-8.247761E-7
-3.478144E-1	-8.183304E-7
-3.458164E-1	-8.118523E-7
-3.437888E-1	-8.053410E-7
-3.417915E-1	-7.989998E-7
-3.397981E-1	-7.925950E-7
-3.378031E-1	-7.862121E-7
-3.357409E-1	-7.796571E-7
-3.337472E-1	-7.732728E-7
-3.317534E-1	-7.669559E-7
-3.297599E-1	-7.607330E-7
-3.277617E-1	-7.543650E-7
-3.257350E-1	-7.480652E-7
-3.237430E-1	-7.418229E-7
-3.217456E-1	-7.355682E-7
-3.197508E-1	-7.293610E-7
-3.177558E-1	-7.230649E-7
-3.157623E-1	-7.169338E-7
-3.137349E-1	-7.106088E-7
-3.117042E-1	-7.043412E-7
-3.097064E-1	-6.982067E-7
-3.077125E-1	-6.920820E-7
-3.056854E-1	-6.859119E-7
-3.036884E-1	-6.798039E-7
-3.016921E-1	-6.736947E-7
-2.996968E-1	-6.676187E-7
-2.977053E-1	-6.616250E-7
-2.957106E-1	-6.555591E-7
-2.936797E-1	-6.494562E-7
-2.916855E-1	-6.435534E-7
-2.896913E-1	-6.375644E-7
-2.876942E-1	-6.315940E-7
-2.856303E-1	-6.254982E-7
-2.836355E-1	-6.195921E-7
-2.816425E-1	-6.136531E-7
-2.796486E-1	-6.078411E-7
-2.776521E-1	-6.020005E-7
-2.756206E-1	-5.959828E-7
-2.736256E-1	-5.901666E-7
-2.716329E-1	-5.843715E-7
-2.696381E-1	-5.785932E-7
-2.676388E-1	-5.728018E-7
-2.656482E-1	-5.670590E-7
-2.636213E-1	-5.612341E-7
-2.615938E-1	-5.554327E-7
-2.595948E-1	-5.497484E-7
-2.576008E-1	-5.440770E-7
-2.555736E-1	-5.382529E-7
-2.535786E-1	-5.326444E-7
-2.515857E-1	-5.270190E-7
-2.495886E-1	-5.214162E-7
-2.475950E-1	-5.157954E-7
-2.456009E-1	-5.102527E-7
-2.435727E-1	-5.046078E-7
-2.415760E-1	-4.991069E-7
-2.395812E-1	-4.935761E-7
-2.375879E-1	-4.881268E-7
-2.355247E-1	-4.824729E-7
-2.335250E-1	-4.769492E-7
-2.315303E-1	-4.715346E-7
-2.295389E-1	-4.661409E-7
-2.275454E-1	-4.607778E-7
-2.255162E-1	-4.552388E-7
-2.235205E-1	-4.498918E-7
-2.215253E-1	-4.445524E-7
-2.195322E-1	-4.392523E-7
-2.175367E-1	-4.339410E-7
-2.155408E-1	-4.286401E-7
-2.135421E-1	-4.233834E-7
-2.114847E-1	-4.179705E-7
-2.094889E-1	-4.127141E-7
-2.074915E-1	-4.074931E-7
-2.054613E-1	-4.021962E-7
-2.034674E-1	-3.969978E-7
-2.014749E-1	-3.918983E-7
-1.994753E-1	-3.867600E-7
-1.974841E-1	-3.816588E-7
-1.954892E-1	-3.765622E-7
-1.934641E-1	-3.714051E-7
-1.914681E-1	-3.663712E-7
-1.894703E-1	-3.613144E-7
-1.874778E-1	-3.563419E-7
-1.854145E-1	-3.511637E-7
-1.834208E-1	-3.462246E-7
-1.814234E-1	-3.412794E-7
-1.794300E-1	-3.363790E-7
-1.774342E-1	-3.314570E-7
-1.754073E-1	-3.265280E-7
-1.734140E-1	-3.216447E-7
-1.714165E-1	-3.168250E-7
-1.694220E-1	-3.120092E-7
-1.674276E-1	-3.072344E-7
-1.654317E-1	-3.024834E-7
-1.634340E-1	-2.977278E-7
-1.613737E-1	-2.928188E-7
-1.593811E-1	-2.881522E-7
-1.573859E-1	-2.834764E-7
-1.553544E-1	-2.787253E-7
-1.533586E-1	-2.740865E-7
-1.513620E-1	-2.695007E-7
-1.493711E-1	-2.649235E-7
-1.473742E-1	-2.603547E-7
-1.453775E-1	-2.558275E-7
-1.433501E-1	-2.512441E-7
-1.413583E-1	-2.467478E-7
-1.393617E-1	-2.422796E-7
-1.373649E-1	-2.378607E-7
-1.353022E-1	-2.333002E-7
-1.333089E-1	-2.288793E-7
-1.313109E-1	-2.245459E-7
-1.293139E-1	-2.201964E-7
-1.273196E-1	-2.158826E-7
-1.253259E-1	-2.116123E-7
-1.232983E-1	-2.072616E-7
-1.212999E-1	-2.030194E-7
-1.193073E-1	-1.988420E-7
-1.173128E-1	-1.946591E-7
-1.153221E-1	-1.904921E-7
-1.133241E-1	-1.863755E-7
-1.112616E-1	-1.821220E-7
-1.092661E-1	-1.780422E-7
-1.072757E-1	-1.740058E-7
-1.052471E-1	-1.699318E-7
-1.032475E-1	-1.659379E-7
-1.012544E-1	-1.619730E-7
-9.925918E-2	-1.580518E-7
-9.726307E-2	-1.541494E-7
-9.526798E-2	-1.502979E-7
-9.323961E-2	-1.463648E-7
-9.124590E-2	-1.425826E-7
-8.925201E-2	-1.388051E-7
-8.725763E-2	-1.350743E-7
-8.519223E-2	-1.312170E-7
-8.319810E-2	-1.275214E-7
-8.120624E-2	-1.238533E-7
-7.921262E-2	-1.202514E-7
-7.720990E-2	-1.166449E-7
-7.522189E-2	-1.131017E-7
-7.319308E-2	-1.095207E-7
-7.119760E-2	-1.060200E-7
-6.919964E-2	-1.025530E-7
-6.720199E-2	-9.911967E-8
-6.520954E-2	-9.571884E-8
-6.321374E-2	-9.235945E-8
-6.115187E-2	-8.892629E-8
-5.915463E-2	-8.560843E-8
-5.716170E-2	-8.232441E-8
-5.513728E-2	-7.905151E-8
-5.314045E-2	-7.585384E-8
-5.114527E-2	-7.266992E-8
-4.914954E-2	-6.952936E-8
-4.715798E-2	-6.642506E-8
-4.516234E-2	-6.336189E-8
-4.312568E-2	-6.023830E-8
-4.113717E-2	-5.723302E-8
-3.914331E-2	-5.424053E-8
-3.715190E-2	-5.129895E-8
-3.508641E-2	-4.826203E-8
-3.309146E-2	-4.536646E-8
-3.109368E-2	-4.249092E-8
-2.910099E-2	-3.965000E-8
-2.710566E-2	-3.681098E-8
-2.510880E-2	-3.400742E-8
-2.308186E-2	-3.116691E-8
-2.108678E-2	-2.840173E-8
-1.909393E-2	-2.565170E-8
-1.709380E-2	-2.292043E-8
-1.510111E-2	-2.019638E-8
-1.310326E-2	-1.748348E-8
-1.104477E-2	-1.469157E-8
-9.045647E-3	-1.198954E-8
-7.053970E-3	-9.301547E-9
-5.025045E-3	-6.560642E-9
-3.030195E-3	-3.872907E-9
-1.037938E-3	-1.169917E-9
9.514581E-4	1.559908E-9
2.948838E-3	4.241702E-9
4.976782E-3	7.012411E-9
6.969053E-3	9.750051E-9
8.966100E-3	1.252234E-8
1.095871E-2	1.528286E-8
1.295407E-2	1.808212E-8
1.501601E-2	2.099924E-8
1.701314E-2	2.386404E-8
1.900667E-2	2.674456E-8
2.100003E-2	2.964597E-8
2.302662E-2	3.263176E-8
2.501806E-2	3.560102E-8
2.701897E-2	3.862674E-8
2.901289E-2	4.166454E-8
3.100864E-2	4.475804E-8
3.299813E-2	4.785944E-8
3.503150E-2	5.109843E-8
3.702720E-2	5.428564E-8
3.905448E-2	5.758501E-8
4.108143E-2	6.091076E-8
4.307652E-2	6.424889E-8
4.507359E-2	6.760170E-8
4.706183E-2	7.100143E-8
4.905974E-2	7.445608E-8
5.105260E-2	7.793313E-8
5.308019E-2	8.154492E-8
5.507766E-2	8.509198E-8
5.706855E-2	8.871940E-8
5.906337E-2	9.238186E-8
6.105814E-2	9.609640E-8
6.312304E-2	9.994655E-8
6.511487E-2	1.037394E-7
6.710675E-2	1.075613E-7
6.910603E-2	1.114333E-7
7.113320E-2	1.154044E-7
7.312779E-2	1.193400E-7
7.512251E-2	1.233171E-7
7.711618E-2	1.273329E-7
7.911059E-2	1.314149E-7
8.110672E-2	1.355147E-7
8.313720E-2	1.397117E-7
8.512770E-2	1.439026E-7
8.712446E-2	1.481056E-7
8.918756E-2	1.525100E-7
9.118035E-2	1.567806E-7
9.317245E-2	1.610986E-7
9.516936E-2	1.654364E-7
9.716579E-2	1.698407E-7
9.915864E-2	1.742438E-7
1.011859E-1	1.787771E-7
1.031817E-1	1.832773E-7
1.051777E-1	1.877968E-7
1.071680E-1	1.923525E-7
1.091656E-1	1.969552E-7
1.111552E-1	2.015388E-7
1.132224E-1	2.063848E-7
1.152133E-1	2.110188E-7
1.172094E-1	2.157509E-7
1.192357E-1	2.205595E-7
1.212322E-1	2.253334E-7
1.232265E-1	2.301676E-7
1.252182E-1	2.349848E-7
1.272123E-1	2.398018E-7
1.292083E-1	2.446942E-7
1.312398E-1	2.497113E-7
1.332327E-1	2.546456E-7
1.352240E-1	2.595878E-7
1.372223E-1	2.645862E-7
1.392870E-1	2.698449E-7
1.412842E-1	2.748473E-7
1.432755E-1	2.799181E-7
1.452708E-1	2.850129E-7
1.472647E-1	2.901032E-7
1.492912E-1	2.953839E-7
1.512888E-1	3.005516E-7
1.532829E-1	3.057636E-7
1.552780E-1	3.110173E-7
1.572739E-1	3.162318E-7
1.592652E-1	3.215599E-7
1.612913E-1	3.269562E-7
1.633203E-1	3.323298E-7
1.653184E-1	3.376854E-7
1.673481E-1	3.431415E-7
1.693401E-1	3.485103E-7
1.713352E-1	3.539399E-7
1.733332E-1	3.593370E-7
1.753283E-1	3.648295E-7
1.773197E-1	3.703572E-7
1.793479E-1	3.759849E-7
1.813420E-1	3.814346E-7
1.833402E-1	3.869940E-7
1.853312E-1	3.926181E-7
1.873242E-1	3.981261E-7
1.893861E-1	4.039271E-7
1.913855E-1	4.096078E-7
1.933765E-1	4.152235E-7
1.953710E-1	4.209243E-7
1.973974E-1	4.266520E-7
1.993938E-1	4.323636E-7
2.013874E-1	4.381532E-7
2.033783E-1	4.439250E-7
2.053773E-1	4.497073E-7
2.073726E-1	4.554843E-7
2.094018E-1	4.614548E-7
2.113959E-1	4.672929E-7
2.134227E-1	4.732395E-7
2.154526E-1	4.791856E-7
2.174435E-1	4.850804E-7
2.194424E-1	4.909531E-7
2.214351E-1	4.969426E-7
2.234289E-1	5.029408E-7
2.254258E-1	5.089018E-7
2.274538E-1	5.149932E-7
2.294477E-1	5.210412E-7
2.314411E-1	5.270462E-7
2.334355E-1	5.331844E-7
2.354301E-1	5.391599E-7
2.374256E-1	5.452669E-7
2.394867E-1	5.515184E-7
2.414836E-1	5.576780E-7
2.434783E-1	5.637754E-7
2.455066E-1	5.700664E-7
2.475001E-1	5.762593E-7
2.494920E-1	5.824518E-7
2.514899E-1	5.887475E-7
2.534842E-1	5.949861E-7
2.554782E-1	6.012435E-7
2.575035E-1	6.076239E-7
2.595015E-1	6.139115E-7
2.614959E-1	6.201979E-7
2.635538E-1	6.267629E-7
2.655487E-1	6.331939E-7
2.675422E-1	6.394245E-7
2.695389E-1	6.458439E-7
2.715292E-1	6.522354E-7
2.735264E-1	6.586759E-7
2.755562E-1	6.651588E-7
2.775523E-1	6.715998E-7
2.795474E-1	6.781140E-7
2.815408E-1	6.845733E-7
2.835345E-1	6.910941E-7
2.855312E-1	6.976062E-7
2.875607E-1	7.042589E-7
2.895871E-1	7.109538E-7
2.915805E-1	7.174576E-7
2.936111E-1	7.242213E-7
2.956044E-1	7.308435E-7
2.975990E-1	7.373961E-7
2.995927E-1	7.441080E-7
3.015856E-1	7.507256E-7
3.035820E-1	7.575443E-7
3.056107E-1	7.643405E-7
3.076082E-1	7.710180E-7
3.096023E-1	7.777837E-7
3.115967E-1	7.844692E-7
3.136591E-1	7.914210E-7
3.156519E-1	7.982304E-7
3.176458E-1	8.050180E-7
3.196426E-1	8.119471E-7
3.216367E-1	8.187113E-7
3.236629E-1	8.256487E-7
3.256572E-1	8.324858E-7
3.276524E-1	8.393539E-7
3.296501E-1	8.462816E-7
3.316424E-1	8.532344E-7
3.336363E-1	8.600845E-7
3.356638E-1	8.672598E-7
3.376576E-1	8.740906E-7
3.396868E-1	8.811851E-7
3.417147E-1	8.884255E-7
3.437095E-1	8.952634E-7
3.457061E-1	9.024007E-7
3.477019E-1	9.093918E-7
3.496929E-1	9.165354E-7
3.516892E-1	9.236611E-7
3.537169E-1	9.307980E-7
3.557130E-1	9.377990E-7
3.577082E-1	9.448897E-7
3.597010E-1	9.520703E-7
3.616961E-1	9.591730E-7
3.637597E-1	9.667513E-7
3.657540E-1	9.739636E-7
3.677466E-1	9.811165E-7
3.697418E-1	9.884127E-7
3.717708E-1	9.956593E-7
3.737640E-1	1.003106E-6
3.757584E-1	1.010392E-6
3.777525E-1	1.017663E-6
3.797489E-1	1.024815E-6
3.817450E-1	1.032205E-6
3.837728E-1	1.039768E-6
3.857669E-1	1.046951E-6
3.877212E-1	1.054082E-6
3.897522E-1	1.061635E-6
3.917789E-1	1.069210E-6
3.937720E-1	1.076723E-6
3.957671E-1	1.084187E-6
3.977637E-1	1.091525E-6
3.997552E-1	1.099162E-6
4.017833E-1	1.106565E-6
4.037751E-1	1.114018E-6
4.057710E-1	1.121534E-6
4.077681E-1	1.129024E-6
4.097624E-1	1.136694E-6
4.117548E-1	1.144484E-6
4.138175E-1	1.152079E-6
4.158150E-1	1.159858E-6
4.178102E-1	1.167394E-6
4.198022E-1	1.175148E-6
4.218294E-1	1.183086E-6
4.238262E-1	1.190593E-6
4.258198E-1	1.198303E-6
4.278128E-1	1.205852E-6
4.298071E-1	1.213635E-6
4.318359E-1	1.221574E-6
4.338294E-1	1.229261E-6
4.358256E-1	1.236946E-6
4.378177E-1	1.244613E-6
4.398792E-1	1.252531E-6
4.418754E-1	1.260451E-6
4.438713E-1	1.268571E-6
4.458649E-1	1.276303E-6
4.478584E-1	1.284080E-6
4.498555E-1	1.291928E-6
4.518827E-1	1.300231E-6
4.538760E-1	1.308007E-6
4.558696E-1	1.315972E-6
4.578637E-1	1.324102E-6
4.598578E-1	1.331767E-6
4.618858E-1	1.339835E-6
4.639142E-1	1.347912E-6
4.659087E-1	1.355898E-6
4.679043E-1	1.363778E-6
4.699311E-1	1.372141E-6
4.719240E-1	1.380197E-6
4.739155E-1	1.388114E-6
4.759136E-1	1.396555E-6
4.779077E-1	1.404529E-6
4.799002E-1	1.412355E-6
4.819273E-1	1.420706E-6
4.839265E-1	1.428836E-6
4.859190E-1	1.437027E-6
4.879130E-1	1.445135E-6
4.899760E-1	1.453459E-6
4.919692E-1	1.461779E-6
4.939648E-1	1.470257E-6
4.959579E-1	1.478281E-6
4.979524E-1	1.486425E-6
4.999788E-1	1.494987E-6
