Voltage (V)	Current (A)
9.999557E-1	2.297431E-8
9.959380E-1	2.238862E-8
9.919459E-1	2.187416E-8
9.879584E-1	2.135555E-8
9.839014E-1	2.083076E-8
9.799157E-1	2.035723E-8
9.758906E-1	1.986647E-8
9.719031E-1	1.939981E-8
9.678795E-1	1.893793E-8
9.638928E-1	1.843110E-8
9.598350E-1	1.806952E-8
9.558488E-1	1.757483E-8
9.518602E-1	1.715647E-8
9.478310E-1	1.683252E-8
9.438464E-1	1.638540E-8
9.398541E-1	1.601944E-8
9.358025E-1	1.562189E-8
9.318116E-1	1.524158E-8
9.277931E-1	1.484092E-8
9.238033E-1	1.445609E-8
9.198130E-1	1.407145E-8
9.157909E-1	1.372149E-8
9.117363E-1	1.340029E-8
9.077476E-1	1.303122E-8
9.037580E-1	1.268565E-8
8.997372E-1	1.235780E-8
8.957459E-1	1.204440E-8
8.917586E-1	1.168496E-8
8.877345E-1	1.139511E-8
8.837173E-1	1.106408E-8
8.796893E-1	1.079300E-8
8.757049E-1	1.055260E-8
8.717176E-1	1.021415E-8
8.676942E-1	9.953869E-9
8.637070E-1	9.670103E-9
8.596517E-1	9.418668E-9
8.556625E-1	9.167705E-9
8.516375E-1	8.896414E-9
8.476495E-1	8.621143E-9
8.436618E-1	8.431225E-9
8.396401E-1	8.203466E-9
8.356171E-1	7.923802E-9
8.315972E-1	7.735097E-9
8.276032E-1	7.515585E-9
8.236167E-1	7.279244E-9
8.195919E-1	7.105365E-9
8.156075E-1	6.886660E-9
8.115497E-1	6.670596E-9
8.075635E-1	6.510211E-9
8.035421E-1	6.340193E-9
7.995502E-1	6.146241E-9
7.955655E-1	5.975344E-9
7.915397E-1	5.809515E-9
7.875538E-1	5.636686E-9
7.834967E-1	5.471152E-9
7.795079E-1	5.319935E-9
7.755194E-1	5.154817E-9
7.714993E-1	5.029550E-9
7.675075E-1	4.886589E-9
7.635223E-1	4.747197E-9
7.594635E-1	4.605329E-9
7.554416E-1	4.445365E-9
7.514538E-1	4.337184E-9
7.474642E-1	4.212494E-9
7.434450E-1	4.082070E-9
7.394536E-1	3.942214E-9
7.354015E-1	3.826580E-9
7.314100E-1	3.718982E-9
7.274228E-1	3.599112E-9
7.233998E-1	3.501994E-9
7.194116E-1	3.390338E-9
7.154201E-1	3.281403E-9
7.113661E-1	3.175276E-9
7.073441E-1	3.069696E-9
7.033551E-1	2.967421E-9
6.993670E-1	2.872942E-9
6.953465E-1	2.781436E-9
6.913553E-1	2.698772E-9
6.873661E-1	2.610618E-9
6.833105E-1	2.524519E-9
6.793211E-1	2.456521E-9
6.753005E-1	2.366439E-9
6.713113E-1	2.286541E-9
6.673229E-1	2.222266E-9
6.633008E-1	2.129425E-9
6.592473E-1	2.053968E-9
6.552557E-1	1.994849E-9
6.512658E-1	1.933635E-9
6.472449E-1	1.860818E-9
6.432576E-1	1.795332E-9
6.392689E-1	1.726074E-9
6.352116E-1	1.663436E-9
6.312245E-1	1.607504E-9
6.272022E-1	1.548763E-9
6.232135E-1	1.493835E-9
6.192252E-1	1.432707E-9
6.152027E-1	1.391562E-9
6.111457E-1	1.340531E-9
6.071595E-1	1.291091E-9
6.031696E-1	1.245466E-9
5.991474E-1	1.211443E-9
5.951584E-1	1.162382E-9
5.911735E-1	1.122663E-9
5.871488E-1	1.079927E-9
5.831268E-1	1.036396E-9
5.791041E-1	1.004804E-9
5.751137E-1	9.713693E-10
5.711262E-1	9.337036E-10
5.671006E-1	9.037455E-10
5.631149E-1	8.769313E-10
5.590590E-1	8.383022E-10
5.550717E-1	8.177303E-10
5.510448E-1	7.853851E-10
5.470570E-1	7.599107E-10
5.430685E-1	7.334740E-10
5.390489E-1	7.063244E-10
5.350272E-1	6.883921E-10
5.310060E-1	6.544125E-10
5.270159E-1	6.415078E-10
5.230280E-1	6.106714E-10
5.190083E-1	6.006161E-10
5.150167E-1	5.752257E-10
5.109627E-1	5.567491E-10
5.069723E-1	5.365546E-10
5.029519E-1	5.163170E-10
4.989609E-1	4.947405E-10
4.949744E-1	4.745039E-10
4.909493E-1	4.611381E-10
4.869629E-1	4.470601E-10
4.829039E-1	4.319354E-10
4.789169E-1	4.142547E-10
4.749263E-1	4.037805E-10
4.709069E-1	3.886972E-10
4.669190E-1	3.750387E-10
4.629293E-1	3.589913E-10
4.588754E-1	3.402214E-10
4.548509E-1	3.350259E-10
4.508651E-1	3.200685E-10
4.468745E-1	3.115213E-10
4.428534E-1	2.964801E-10
4.388623E-1	2.954329E-10
4.348078E-1	2.824860E-10
4.308187E-1	2.744839E-10
4.268304E-1	2.632553E-10
4.228061E-1	2.532834E-10
4.188171E-1	2.481301E-10
4.148294E-1	2.375718E-10
4.107708E-1	2.322088E-10
4.067505E-1	2.226563E-10
4.027607E-1	2.120141E-10
3.987769E-1	2.102126E-10
3.947524E-1	2.054364E-10
3.907619E-1	1.895149E-10
3.867750E-1	1.826020E-10
3.827220E-1	1.777836E-10
3.787292E-1	1.664711E-10
3.747100E-1	1.639574E-10
3.707187E-1	1.527289E-10
3.667302E-1	1.497124E-10
3.627084E-1	1.431342E-10
3.586510E-1	1.379807E-10
3.546645E-1	1.275483E-10
3.506743E-1	1.251182E-10
3.466548E-1	1.205094E-10
3.426627E-1	1.135126E-10
3.386744E-1	1.107892E-10
3.346181E-1	9.486802E-11
3.306320E-1	1.009432E-10
3.266078E-1	9.507750E-11
3.226207E-1	8.841576E-11
3.186317E-1	8.234059E-11
3.146115E-1	8.506390E-11
3.105536E-1	7.228505E-11
3.065631E-1	6.717345E-11
3.025759E-1	6.570713E-11
2.985504E-1	5.774657E-11
2.945656E-1	5.954819E-11
2.905743E-1	5.054014E-11
2.865543E-1	5.024692E-11
2.825273E-1	4.371081E-11
2.785095E-1	4.161591E-11
2.745173E-1	4.023325E-11
2.705286E-1	3.801266E-11
2.665052E-1	3.378104E-11
2.625204E-1	3.290117E-11
2.584625E-1	2.879523E-11
2.544732E-1	2.326474E-11
2.504525E-1	2.188207E-11
2.464652E-1	1.869785E-11
2.424781E-1	1.706383E-11
2.384560E-1	1.542989E-11
2.344326E-1	1.442429E-11
2.304046E-1	7.008373E-12
2.264209E-1	9.145143E-12
2.224317E-1	4.913528E-12
2.184115E-1	2.902338E-12
2.144195E-1	1.184566E-12
2.103681E-1	-5.938007E-12
2.063746E-1	-2.418593E-12
2.023491E-1	-3.256583E-12
1.983605E-1	-5.225785E-12
1.943757E-1	-9.331751E-12
1.903550E-1	-7.278747E-12
1.863300E-1	-1.104961E-11
1.823106E-1	-1.377291E-11
1.783216E-1	-1.406626E-11
1.743364E-1	-2.537855E-11
1.703100E-1	-1.699904E-11
1.663233E-1	-1.909390E-11
1.623315E-1	-2.244574E-11
1.582784E-1	-2.366076E-11
1.542496E-1	-1.829789E-11
1.502647E-1	-2.621654E-11
1.462742E-1	-2.609087E-11
1.422499E-1	-2.399599E-11
1.382640E-1	-3.053202E-11
1.342054E-1	-3.606250E-11
1.302157E-1	-3.346487E-11
1.262258E-1	-3.744514E-11
1.222071E-1	-3.853447E-11
1.182163E-1	-3.392574E-11
1.142299E-1	-3.983334E-11
1.101744E-1	-3.870205E-11
1.061519E-1	-4.180253E-11
1.021612E-1	-4.440020E-11
9.817299E-2	-4.398121E-11
9.414723E-2	-5.026585E-11
9.016319E-2	-4.561520E-11
8.610787E-2	-4.729112E-11
8.211803E-2	-4.251475E-11
7.813091E-2	-4.452587E-11
7.410412E-2	-4.222148E-11
7.012042E-2	-4.628556E-11
6.612463E-2	-4.988878E-11
6.210585E-2	-5.068484E-11
5.804968E-2	-4.800336E-11
5.406272E-2	-4.858996E-11
5.007184E-2	-5.600585E-11
4.605123E-2	-4.775199E-11
4.205787E-2	-4.993068E-11
3.807235E-2	-5.131329E-11
3.401756E-2	-5.273782E-11
3.002621E-2	-4.389741E-11
2.600393E-2	-4.942790E-11
2.201659E-2	-4.938604E-11
1.802998E-2	-5.072673E-11
1.400324E-2	-5.512600E-11
9.947445E-3	-4.867375E-11
5.954447E-3	-5.143901E-11
1.969737E-3	-5.282162E-11
-2.048507E-3	-8.181606E-11
-6.037954E-3	-4.201202E-11
-1.002992E-2	-5.110382E-11
-1.408502E-2	-4.959548E-11
-1.807671E-2	-5.106193E-11
-2.209472E-2	-5.525169E-11
-2.608291E-2	-4.946981E-11
-3.007613E-2	-5.311490E-11
-3.410024E-2	-5.114571E-11
-3.809462E-2	-5.248645E-11
-4.214699E-2	-4.833854E-11
-4.613935E-2	-5.328250E-11
-5.015634E-2	-5.156469E-11
-5.415052E-2	-5.592207E-11
-5.813473E-2	-5.336629E-11
-6.212713E-2	-5.349201E-11
-6.618313E-2	-5.914818E-11
-7.020778E-2	-5.286351E-11
-7.419877E-2	-5.483271E-11
-7.818622E-2	-5.546116E-11
-8.220831E-2	-5.495841E-11
-8.619940E-2	-5.789126E-11
-9.025811E-2	-5.965096E-11
-9.424202E-2	-5.793314E-11
-9.823710E-2	-5.856162E-11
-1.022601E-1	-6.187154E-11
-1.062523E-1	-6.057271E-11
-1.102366E-1	-6.488818E-11
-1.142962E-1	-6.115928E-11
-1.182830E-1	-6.631271E-11
-1.223074E-1	-6.342175E-11
-1.262935E-1	-6.731826E-11
-1.302841E-1	-6.434350E-11
-1.343082E-1	-6.853328E-11
-1.382976E-1	-7.364481E-11
-1.423606E-1	-7.326773E-11
-1.463475E-1	-8.060083E-11
-1.503397E-1	-7.339342E-11
-1.543594E-1	-7.435707E-11
-1.583503E-1	-7.594940E-11
-1.623380E-1	-7.590749E-11
-1.663972E-1	-7.301634E-11
-1.704192E-1	-8.215131E-11
-1.744130E-1	-8.265417E-11
-1.783989E-1	-8.055892E-11
-1.824221E-1	-8.646750E-11
-1.864107E-1	-8.370179E-11
-1.904687E-1	-9.346560E-11
-1.944575E-1	-8.843703E-11
-1.984434E-1	-8.831132E-11
-2.024713E-1	-9.028085E-11
-2.064581E-1	-9.593798E-11
-2.104511E-1	-9.556086E-11
-2.145062E-1	-9.811705E-11
-2.184958E-1	-1.045285E-10
-2.225174E-1	-1.029780E-10
-2.265089E-1	-1.119037E-10
-2.304963E-1	-1.108561E-10
-2.345196E-1	-1.098504E-10
-2.385091E-1	-1.138314E-10
-2.425679E-1	-1.168485E-10
-2.465544E-1	-1.173094E-10
-2.505455E-1	-1.251875E-10
-2.545693E-1	-1.252295E-10
-2.585549E-1	-1.323952E-10
-2.625466E-1	-1.385133E-10
-2.665996E-1	-1.382199E-10
-2.706243E-1	-1.458047E-10
-2.746131E-1	-1.418238E-10
-2.786057E-1	-1.486124E-10
-2.826278E-1	-1.519647E-10
-2.866182E-1	-1.553590E-10
-2.906746E-1	-1.548143E-10
-2.946623E-1	-1.615190E-10
-2.986517E-1	-1.667571E-10
-3.026752E-1	-1.713247E-10
-3.066683E-1	-1.810047E-10
-3.106558E-1	-1.801667E-10
-3.147140E-1	-1.868714E-10
-3.187018E-1	-1.883381E-10
-3.227259E-1	-1.959647E-10
-3.267117E-1	-1.976410E-10
-3.307047E-1	-2.079076E-10
-3.347236E-1	-2.149058E-10
-3.387477E-1	-2.175038E-10
-3.427696E-1	-2.265135E-10
-3.467628E-1	-2.276028E-10
-3.507489E-1	-2.412638E-10
-3.547725E-1	-2.467532E-10
-3.587637E-1	-2.555535E-10
-3.627526E-1	-2.617134E-10
-3.668116E-1	-2.699266E-10
-3.708304E-1	-2.728601E-10
-3.748233E-1	-2.856829E-10
-3.788102E-1	-2.914657E-10
-3.828034E-1	-3.065515E-10
-3.868240E-1	-3.096945E-10
-3.908800E-1	-3.195002E-10
-3.948676E-1	-3.303535E-10
-3.988571E-1	-3.454391E-10
-4.028773E-1	-3.509707E-10
-4.068673E-1	-3.608181E-10
-4.108572E-1	-3.678162E-10
-4.149133E-1	-3.814355E-10
-4.189064E-1	-3.924564E-10
-4.229263E-1	-4.058242E-10
-4.269176E-1	-4.152527E-10
-4.309063E-1	-4.401023E-10
-4.349299E-1	-4.437480E-10
-4.389524E-1	-4.583308E-10
-4.429782E-1	-4.711954E-10
-4.469660E-1	-4.841862E-10
-4.509580E-1	-4.921064E-10
-4.549776E-1	-5.132261E-10
-4.589675E-1	-5.306162E-10
-4.629545E-1	-5.459960E-10
-4.670127E-1	-5.669480E-10
-4.710355E-1	-5.829975E-10
-4.750250E-1	-6.003464E-10
-4.790138E-1	-6.114095E-10
-4.830024E-1	-6.292603E-10
-4.870273E-1	-6.423349E-10
-4.910809E-1	-6.689857E-10
-4.950728E-1	-6.814735E-10
-4.990599E-1	-7.052343E-10
-5.030843E-1	-7.289105E-10
-5.070714E-1	-7.522510E-10
-5.110617E-1	-7.725752E-10
-5.151168E-1	-7.900075E-10
-5.191084E-1	-8.166590E-10
-5.231333E-1	-8.376951E-10
-5.271198E-1	-8.601982E-10
-5.311086E-1	-8.843349E-10
-5.351310E-1	-9.085133E-10
-5.391545E-1	-9.331129E-10
-5.431741E-1	-9.629897E-10
-5.471659E-1	-9.943355E-10
-5.511539E-1	-1.022035E-9
-5.551805E-1	-1.048141E-9
-5.591656E-1	-1.077894E-9
-5.631579E-1	-1.110075E-9
-5.672142E-1	-1.136225E-9
-5.712029E-1	-1.174107E-9
-5.752283E-1	-1.203566E-9
-5.792149E-1	-1.246099E-9
-5.832055E-1	-1.283562E-9
-5.872285E-1	-1.322241E-9
-5.912867E-1	-1.366618E-9
-5.952752E-1	-1.405589E-9
-5.992636E-1	-1.439490E-9
-6.032851E-1	-1.481353E-9
-6.072767E-1	-1.532016E-9
-6.112622E-1	-1.572874E-9
-6.153198E-1	-1.616537E-9
-6.193074E-1	-1.659364E-9
-6.233332E-1	-1.707721E-9
-6.273199E-1	-1.759349E-9
-6.313100E-1	-1.807372E-9
-6.353340E-1	-1.871360E-9
-6.393553E-1	-1.920766E-9
-6.433805E-1	-1.973985E-9
-6.473665E-1	-2.035797E-9
-6.513585E-1	-2.088932E-9
-6.553807E-1	-2.145671E-9
-6.593718E-1	-2.209030E-9
-6.633597E-1	-2.272600E-9
-6.674156E-1	-2.347022E-9
-6.714024E-1	-2.412184E-9
-6.754285E-1	-2.483840E-9
-6.794136E-1	-2.561826E-9
-6.834037E-1	-2.633316E-9
-6.874297E-1	-2.709626E-9
-6.914837E-1	-2.785683E-9
-6.954753E-1	-2.866853E-9
-6.994631E-1	-2.950995E-9
-7.034867E-1	-3.036061E-9
-7.074743E-1	-3.119957E-9
-7.114673E-1	-3.209635E-9
-7.155209E-1	-3.317410E-9
-7.195123E-1	-3.384334E-9
-7.235337E-1	-3.493830E-9
-7.275248E-1	-3.578650E-9
-7.315109E-1	-3.673770E-9
-7.355360E-1	-3.772204E-9
-7.395589E-1	-3.881957E-9
-7.435808E-1	-3.992499E-9
-7.475706E-1	-4.111889E-9
-7.515581E-1	-4.216101E-9
-7.555808E-1	-4.326270E-9
-7.595686E-1	-4.439831E-9
-7.635607E-1	-4.559390E-9
-7.676148E-1	-4.697465E-9
-7.716067E-1	-4.823304E-9
-7.756252E-1	-4.934938E-9
-7.796161E-1	-5.068239E-9
-7.836049E-1	-5.200487E-9
-7.876296E-1	-5.343552E-9
-7.916880E-1	-5.489006E-9
-7.956735E-1	-5.636593E-9
-7.996645E-1	-5.790467E-9
-8.036540E-1	-5.940985E-9
-8.076756E-1	-6.083545E-9
-8.116621E-1	-6.262649E-9
-8.157203E-1	-6.422267E-9
-8.197084E-1	-6.578866E-9
-8.237308E-1	-6.762576E-9
-8.277193E-1	-6.940246E-9
-8.317114E-1	-7.114530E-9
-8.357304E-1	-7.311320E-9
-8.397555E-1	-7.510822E-9
-8.437768E-1	-7.684815E-9
-8.477663E-1	-7.876195E-9
-8.517575E-1	-8.082114E-9
-8.557789E-1	-8.272072E-9
-8.597702E-1	-8.490052E-9
-8.637571E-1	-8.694474E-9
-8.678152E-1	-8.927624E-9
-8.718033E-1	-9.143101E-9
-8.758262E-1	-9.386312E-9
-8.798136E-1	-9.603424E-9
-8.838037E-1	-9.860639E-9
-8.878259E-1	-1.009019E-8
-8.918481E-1	-1.036232E-8
-8.958710E-1	-1.063185E-8
-8.998613E-1	-1.088710E-8
-9.038517E-1	-1.114670E-8
-9.078710E-1	-1.145470E-8
-9.118603E-1	-1.172578E-8
-9.159154E-1	-1.199292E-8
-9.199084E-1	-1.228152E-8
-9.239273E-1	-1.258852E-8
-9.279197E-1	-1.291269E-8
-9.319064E-1	-1.320624E-8
-9.359331E-1	-1.354696E-8
-9.399526E-1	-1.387247E-8
-9.439744E-1	-1.420465E-8
-9.479614E-1	-1.454378E-8
-9.519544E-1	-1.487438E-8
-9.559782E-1	-1.524528E-8
-9.599655E-1	-1.562217E-8
-9.639553E-1	-1.598843E-8
-9.680121E-1	-1.636017E-8
-9.720018E-1	-1.676172E-8
-9.760235E-1	-1.716021E-8
-9.800152E-1	-1.756341E-8
-9.840019E-1	-1.799851E-8
-9.880279E-1	-1.840625E-8
-9.920478E-1	-1.881724E-8
-9.960734E-1	-1.920319E-8
-1.000060E+0	-1.965196E-8
