Voltage (V)	Current (A)
-1.000063E+0	-8.202829E-8
-9.960756E-1	-8.026055E-8
-9.920491E-1	-7.828782E-8
-9.880623E-1	-7.691391E-8
-9.840050E-1	-7.522525E-8
-9.800169E-1	-7.352276E-8
-9.760254E-1	-7.217197E-8
-9.720047E-1	-7.064553E-8
-9.680130E-1	-6.930190E-8
-9.640254E-1	-6.786644E-8
-9.599697E-1	-6.640975E-8
-9.559772E-1	-6.508132E-8
-9.519584E-1	-6.377966E-8
-9.479640E-1	-6.220991E-8
-9.439780E-1	-6.093821E-8
-9.399547E-1	-5.978185E-8
-9.359350E-1	-5.847760E-8
-9.319083E-1	-5.711182E-8
-9.279239E-1	-5.605178E-8
-9.239306E-1	-5.477388E-8
-9.199097E-1	-5.376296E-8
-9.159178E-1	-5.243811E-8
-9.118642E-1	-5.110977E-8
-9.078743E-1	-4.999513E-8
-9.038527E-1	-4.894839E-8
-8.998638E-1	-4.783449E-8
-8.958729E-1	-4.692739E-8
-8.918497E-1	-4.577982E-8
-8.878613E-1	-4.489088E-8
-8.838061E-1	-4.382861E-8
-8.798158E-1	-4.290530E-8
-8.758293E-1	-4.192070E-8
-8.718057E-1	-4.090861E-8
-8.678170E-1	-4.009031E-8
-8.638267E-1	-3.917421E-8
-8.597717E-1	-3.836950E-8
-8.557804E-1	-3.745849E-8
-8.517602E-1	-3.662204E-8
-8.477694E-1	-3.579853E-8
-8.437796E-1	-3.500723E-8
-8.397590E-1	-3.430587E-8
-8.357326E-1	-3.345770E-8
-8.317130E-1	-3.271180E-8
-8.277210E-1	-3.197842E-8
-8.237324E-1	-3.121982E-8
-8.197090E-1	-3.051575E-8
-8.157220E-1	-2.974805E-8
-8.116628E-1	-2.912498E-8
-8.076765E-1	-2.840036E-8
-8.036534E-1	-2.769765E-8
-7.996663E-1	-2.712686E-8
-7.956742E-1	-2.645669E-8
-7.916905E-1	-2.587240E-8
-7.876620E-1	-2.528805E-8
-7.836049E-1	-2.462937E-8
-7.796161E-1	-2.406085E-8
-7.756274E-1	-2.348906E-8
-7.716070E-1	-2.295539E-8
-7.676164E-1	-2.237631E-8
-7.636293E-1	-2.186845E-8
-7.595696E-1	-2.137123E-8
-7.555813E-1	-2.081936E-8
-7.515589E-1	-2.033268E-8
-7.475707E-1	-1.986764E-8
-7.435814E-1	-1.940117E-8
-7.395608E-1	-1.892947E-8
-7.355354E-1	-1.845839E-8
-7.315121E-1	-1.797389E-8
-7.275266E-1	-1.756097E-8
-7.235352E-1	-1.713026E-8
-7.195123E-1	-1.670697E-8
-7.155230E-1	-1.629528E-8
-7.114666E-1	-1.586909E-8
-7.074762E-1	-1.545775E-8
-7.034878E-1	-1.509514E-8
-6.994638E-1	-1.472785E-8
-6.954767E-1	-1.435050E-8
-6.914842E-1	-1.399078E-8
-6.874627E-1	-1.366438E-8
-6.834036E-1	-1.331184E-8
-6.794155E-1	-1.296848E-8
-6.754286E-1	-1.263991E-8
-6.714044E-1	-1.231811E-8
-6.674150E-1	-1.199017E-8
-6.634265E-1	-1.169225E-8
-6.593711E-1	-1.138368E-8
-6.553814E-1	-1.108075E-8
-6.513576E-1	-1.080313E-8
-6.473668E-1	-1.052099E-8
-6.433807E-1	-1.023155E-8
-6.393561E-1	-9.967427E-9
-6.353348E-1	-9.701830E-9
-6.313113E-1	-9.451582E-9
-6.273211E-1	-9.223270E-9
-6.233312E-1	-8.962802E-9
-6.193081E-1	-8.737675E-9
-6.153208E-1	-8.497651E-9
-6.112625E-1	-8.256702E-9
-6.072775E-1	-8.049519E-9
-6.032856E-1	-7.827427E-9
-5.992644E-1	-7.605957E-9
-5.952739E-1	-7.401204E-9
-5.912880E-1	-7.194207E-9
-5.872627E-1	-7.001393E-9
-5.832062E-1	-6.809979E-9
-5.792158E-1	-6.617384E-9
-5.752283E-1	-6.435597E-9
-5.712044E-1	-6.255788E-9
-5.672135E-1	-6.116113E-9
-5.632270E-1	-5.948667E-9
-5.591685E-1	-5.785313E-9
-5.551810E-1	-5.617154E-9
-5.511547E-1	-5.465122E-9
-5.471659E-1	-5.306004E-9
-5.431754E-1	-5.169398E-9
-5.391565E-1	-5.023736E-9
-5.351312E-1	-4.888091E-9
-5.311105E-1	-4.727096E-9
-5.271199E-1	-4.601797E-9
-5.231345E-1	-4.476712E-9
-5.191090E-1	-4.332687E-9
-5.151187E-1	-4.210238E-9
-5.110621E-1	-4.098687E-9
-5.070723E-1	-3.982696E-9
-5.030852E-1	-3.872191E-9
-4.990616E-1	-3.750000E-9
-4.950720E-1	-3.651187E-9
-4.910815E-1	-3.549901E-9
-4.870611E-1	-3.445391E-9
-4.830025E-1	-3.329944E-9
-4.790141E-1	-3.237461E-9
-4.750234E-1	-3.144350E-9
-4.710371E-1	-3.057520E-9
-4.670124E-1	-2.961767E-9
-4.630217E-1	-2.873349E-9
-4.589682E-1	-2.788701E-9
-4.549788E-1	-2.711723E-9
-4.509556E-1	-2.631352E-9
-4.469652E-1	-2.542305E-9
-4.429767E-1	-2.467461E-9
-4.389527E-1	-2.388385E-9
-4.349311E-1	-2.316311E-9
-4.309067E-1	-2.244609E-9
-4.269193E-1	-2.178902E-9
-4.229268E-1	-2.085079E-9
-4.189068E-1	-2.024988E-9
-4.149129E-1	-1.966907E-9
-4.108581E-1	-1.899732E-9
-4.068664E-1	-1.825520E-9
-4.028771E-1	-1.770456E-9
-3.988576E-1	-1.712754E-9
-3.948667E-1	-1.650272E-9
-3.908813E-1	-1.597474E-9
-3.868564E-1	-1.555652E-9
-3.828031E-1	-1.496525E-9
-3.788085E-1	-1.455332E-9
-3.748210E-1	-1.399598E-9
-3.708316E-1	-1.357987E-9
-3.668121E-1	-1.316499E-9
-3.628170E-1	-1.270740E-9
-3.587640E-1	-1.209476E-9
-3.547731E-1	-1.180269E-9
-3.507511E-1	-1.143643E-9
-3.467623E-1	-1.106223E-9
-3.427707E-1	-1.068927E-9
-3.387475E-1	-1.026100E-9
-3.347241E-1	-9.914867E-10
-3.307057E-1	-9.561192E-10
-3.267114E-1	-9.226366E-10
-3.227259E-1	-8.862637E-10
-3.187021E-1	-8.482134E-10
-3.147131E-1	-8.146066E-10
-3.106567E-1	-7.928573E-10
-3.066682E-1	-7.627279E-10
-3.026745E-1	-7.294131E-10
-2.986515E-1	-7.023858E-10
-2.946627E-1	-6.739314E-10
-2.906728E-1	-6.540684E-10
-2.866512E-1	-6.179887E-10
-2.826264E-1	-5.955696E-10
-2.786072E-1	-5.709295E-10
-2.746138E-1	-5.497258E-10
-2.706239E-1	-5.194701E-10
-2.666003E-1	-5.007388E-10
-2.626144E-1	-4.794097E-10
-2.585550E-1	-4.539730E-10
-2.545682E-1	-4.409408E-10
-2.505447E-1	-4.161330E-10
-2.465544E-1	-3.987004E-10
-2.425678E-1	-3.822739E-10
-2.385777E-1	-3.598130E-10
-2.345203E-1	-3.373937E-10
-2.304953E-1	-3.283004E-10
-2.265075E-1	-3.112034E-10
-2.225176E-1	-2.928489E-10
-2.184957E-1	-2.832108E-10
-2.145049E-1	-2.664070E-10
-2.104505E-1	-2.517404E-10
-2.064573E-1	-2.408031E-10
-2.024688E-1	-2.306203E-10
-1.984440E-1	-2.161630E-10
-1.944585E-1	-2.069019E-10
-1.904682E-1	-1.930315E-10
-1.864113E-1	-1.847343E-10
-1.824223E-1	-1.766048E-10
-1.783991E-1	-1.640334E-10
-1.744127E-1	-1.603877E-10
-1.704211E-1	-1.535152E-10
-1.663973E-1	-1.464334E-10
-1.624029E-1	-1.313057E-10
-1.583491E-1	-1.264867E-10
-1.543599E-1	-1.185247E-10
-1.503373E-1	-1.139152E-10
-1.463458E-1	-1.024752E-10
-1.423595E-1	-9.652468E-11
-1.383653E-1	-9.296276E-11
-1.343102E-1	-8.764085E-11
-1.302837E-1	-8.864656E-11
-1.262932E-1	-7.456656E-11
-1.223074E-1	-7.389619E-11
-1.182831E-1	-6.823999E-11
-1.142969E-1	-6.694116E-11
-1.102363E-1	-5.847782E-11
-1.062521E-1	-6.061460E-11
-1.022598E-1	-5.939954E-11
-9.823679E-2	-5.847781E-11
-9.424305E-2	-5.881299E-11
-9.025693E-2	-5.416232E-11
-8.619826E-2	-5.370146E-11
-8.220817E-2	-5.122950E-11
-7.818730E-2	-5.030776E-11
-7.419837E-2	-4.632746E-11
-7.020718E-2	-4.745866E-11
-6.618290E-2	-4.528001E-11
-6.219298E-2	-4.414876E-11
-5.813503E-2	-4.771007E-11
-5.414928E-2	-4.159299E-11
-5.015710E-2	-4.662075E-11
-4.613871E-2	-4.272423E-11
-4.214675E-2	-4.289182E-11
-3.816165E-2	-3.907913E-11
-3.410035E-2	-4.339460E-11
-3.007725E-2	-3.891152E-11
-2.608318E-2	-4.243096E-11
-2.209576E-2	-4.016845E-11
-1.807714E-2	-4.109025E-11
-1.408620E-2	-4.486101E-11
-1.002892E-2	-4.280805E-11
-6.038379E-3	-4.322701E-11
-2.046418E-3	-3.824115E-11
1.969654E-3	-8.912739E-12
5.954292E-3	-3.685851E-11
9.949132E-3	-4.046175E-11
1.400307E-2	-4.134164E-11
1.803058E-2	-4.276613E-11
2.201731E-2	-3.857634E-11
2.600368E-2	-3.974951E-11
3.002617E-2	-4.188628E-11
3.401743E-2	-3.488932E-11
3.800431E-2	-3.610437E-11
4.205776E-2	-3.585299E-11
4.605063E-2	-3.539208E-11
5.007037E-2	-3.149563E-11
5.406253E-2	-3.581111E-11
5.804804E-2	-3.266874E-11
6.206996E-2	-3.224980E-11
6.612521E-2	-3.438656E-11
7.011930E-2	-3.069955E-11
7.410298E-2	-3.157943E-11
7.813121E-2	-2.613267E-11
8.211805E-2	-2.797621E-11
8.610685E-2	-2.118878E-11
9.016151E-2	-2.449868E-11
9.414698E-2	-2.152394E-11
9.817275E-2	-2.395400E-11
1.021611E-1	-2.169154E-11
1.061518E-1	-1.502978E-11
1.101738E-1	-1.519732E-11
1.142291E-1	-1.054676E-11
1.182160E-1	-5.686542E-12
1.222072E-1	9.333020E-13
1.262254E-1	2.273945E-12
1.302164E-1	1.144966E-11
1.342047E-1	1.522042E-11
1.382282E-1	1.739905E-11
1.422503E-1	2.992660E-11
1.462728E-1	2.879525E-11
1.502665E-1	4.459066E-11
1.542532E-1	4.647620E-11
1.582773E-1	6.088911E-11
1.622592E-1	6.637758E-11
1.663185E-1	7.576259E-11
1.703124E-1	8.259213E-11
1.743363E-1	9.277344E-11
1.783238E-1	1.068928E-10
1.823107E-1	1.125489E-10
1.863310E-1	1.258306E-10
1.903556E-1	1.283446E-10
1.943756E-1	1.461510E-10
1.983626E-1	1.605640E-10
2.023494E-1	1.712896E-10
2.063758E-1	1.857029E-10
2.103671E-1	2.098774E-10
2.144220E-1	2.118888E-10
2.184144E-1	2.325027E-10
2.224321E-1	2.454488E-10
2.264211E-1	2.560487E-10
2.304052E-1	2.732270E-10
2.344344E-1	2.941759E-10
2.384228E-1	3.055301E-10
2.424808E-1	3.252639E-10
2.464678E-1	3.476379E-10
2.504540E-1	3.614218E-10
2.544743E-1	3.820355E-10
2.584638E-1	4.038647E-10
2.624533E-1	4.234308E-10
2.665063E-1	4.483184E-10
2.705298E-1	4.645737E-10
2.745186E-1	4.956206E-10
2.785111E-1	5.145172E-10
2.825297E-1	5.484536E-10
2.865229E-1	5.650876E-10
2.905767E-1	5.982707E-10
2.945668E-1	6.197220E-10
2.985509E-1	6.421368E-10
3.025770E-1	6.767449E-10
3.065659E-1	7.077913E-10
3.105536E-1	7.317567E-10
3.146117E-1	7.725222E-10
3.186324E-1	8.062512E-10
3.226200E-1	8.452573E-10
3.266082E-1	8.797394E-10
3.306331E-1	9.175316E-10
3.346187E-1	9.590104E-10
3.386757E-1	9.992739E-10
3.426630E-1	1.045738E-9
3.466550E-1	1.088475E-9
3.506750E-1	1.125847E-9
3.546655E-1	1.181152E-9
3.586509E-1	1.229963E-9
3.626755E-1	1.278187E-9
3.667292E-1	1.327585E-9
3.707172E-1	1.386786E-9
3.747107E-1	1.433796E-9
3.787298E-1	1.488975E-9
3.827214E-1	1.546877E-9
3.867070E-1	1.611443E-9
3.907619E-1	1.683338E-9
3.947510E-1	1.730515E-9
3.987760E-1	1.809745E-9
4.027620E-1	1.876697E-9
4.067499E-1	1.944782E-9
4.107716E-1	2.020575E-9
4.148314E-1	2.083296E-9
4.188178E-1	2.180666E-9
4.228055E-1	2.252648E-9
4.268315E-1	2.348217E-9
4.308188E-1	2.433184E-9
4.348094E-1	2.516647E-9
4.388627E-1	2.607563E-9
4.428518E-1	2.709203E-9
4.468738E-1	2.806785E-9
4.508660E-1	2.902020E-9
4.548502E-1	2.990465E-9
4.588759E-1	3.102418E-9
4.628622E-1	3.214117E-9
4.669203E-1	3.325986E-9
4.709053E-1	3.458717E-9
4.749270E-1	3.574230E-9
4.789181E-1	3.686056E-9
4.829059E-1	3.813212E-9
4.869302E-1	3.943476E-9
4.909512E-1	4.085173E-9
4.949752E-1	4.218784E-9
4.989613E-1	4.353319E-9
5.029539E-1	4.489744E-9
5.069725E-1	4.649954E-9
5.109637E-1	4.798026E-9
5.150163E-1	4.946799E-9
5.190097E-1	5.113011E-9
5.230291E-1	5.303728E-9
5.270190E-1	5.473793E-9
5.310049E-1	5.657253E-9
5.350284E-1	5.837676E-9
5.390503E-1	6.018753E-9
5.430699E-1	6.205158E-9
5.470588E-1	6.411085E-9
5.510478E-1	6.595980E-9
5.550727E-1	6.798474E-9
5.590591E-1	7.049481E-9
5.630499E-1	7.259688E-9
5.671041E-1	7.493180E-9
5.711294E-1	7.710717E-9
5.751155E-1	7.905627E-9
5.791046E-1	8.176790E-9
5.831255E-1	8.396248E-9
5.871143E-1	8.650228E-9
5.911720E-1	8.917199E-9
5.951594E-1	9.167709E-9
5.991490E-1	9.434725E-9
6.031697E-1	9.715184E-9
6.071602E-1	9.961338E-9
6.111459E-1	1.027654E-8
6.152020E-1	1.054480E-8
6.192246E-1	1.084956E-8
6.232142E-1	1.117838E-8
6.272016E-1	1.146782E-8
6.312252E-1	1.181268E-8
6.352137E-1	1.211287E-8
6.392708E-1	1.245555E-8
6.432595E-1	1.284026E-8
6.472452E-1	1.316639E-8
6.512697E-1	1.353073E-8
6.552575E-1	1.390371E-8
6.592487E-1	1.424895E-8
6.632687E-1	1.464037E-8
6.673257E-1	1.503717E-8
6.713105E-1	1.544558E-8
6.753027E-1	1.591498E-8
6.793213E-1	1.628736E-8
6.833122E-1	1.674531E-8
6.872999E-1	1.718485E-8
6.913568E-1	1.767300E-8
6.953479E-1	1.813635E-8
6.993687E-1	1.863317E-8
7.033566E-1	1.913419E-8
7.073444E-1	1.958848E-8
7.113677E-1	2.016370E-8
7.154220E-1	2.073296E-8
7.194125E-1	2.123426E-8
7.234010E-1	2.176753E-8
7.274265E-1	2.241755E-8
7.314126E-1	2.294790E-8
7.354006E-1	2.354296E-8
7.394550E-1	2.413673E-8
7.434458E-1	2.472909E-8
7.474658E-1	2.540893E-8
7.514565E-1	2.601834E-8
7.554443E-1	2.666522E-8
7.594662E-1	2.737906E-8
7.634538E-1	2.803871E-8
7.675090E-1	2.879769E-8
7.714995E-1	2.941154E-8
7.755221E-1	3.016534E-8
7.795103E-1	3.100960E-8
7.834967E-1	3.178810E-8
7.875220E-1	3.265924E-8
7.915440E-1	3.354028E-8
7.955679E-1	3.431203E-8
7.995514E-1	3.509174E-8
8.035430E-1	3.595914E-8
8.075658E-1	3.669482E-8
8.115510E-1	3.770609E-8
8.156085E-1	3.865077E-8
8.195961E-1	3.958736E-8
8.236217E-1	4.050686E-8
8.276063E-1	4.143319E-8
8.315999E-1	4.254289E-8
8.356201E-1	4.352627E-8
8.396410E-1	4.456148E-8
8.436627E-1	4.557196E-8
8.476536E-1	4.663051E-8
8.516414E-1	4.771781E-8
8.556660E-1	4.883859E-8
8.596546E-1	5.002725E-8
8.636396E-1	5.110513E-8
8.677002E-1	5.241262E-8
8.717180E-1	5.347876E-8
8.757077E-1	5.484677E-8
8.796957E-1	5.602493E-8
8.837210E-1	5.720034E-8
8.877068E-1	5.849850E-8
8.917623E-1	5.993309E-8
8.957494E-1	6.117297E-8
8.997415E-1	6.249673E-8
9.037595E-1	6.399645E-8
9.077513E-1	6.544782E-8
9.117410E-1	6.691852E-8
9.157917E-1	6.841721E-8
9.198191E-1	6.983134E-8
9.238042E-1	7.160073E-8
9.277964E-1	7.284352E-8
9.318152E-1	7.459277E-8
9.358027E-1	7.611553E-8
9.398612E-1	7.794228E-8
9.438488E-1	7.995578E-8
9.478333E-1	8.163200E-8
9.518605E-1	8.331988E-8
9.558512E-1	8.518454E-8
9.598411E-1	8.695631E-8
9.638596E-1	8.883143E-8
9.678839E-1	9.098075E-8
9.719083E-1	9.287509E-8
9.758956E-1	9.472890E-8
9.799184E-1	9.688566E-8
9.839056E-1	9.870406E-8
9.878936E-1	1.007646E-7
9.919487E-1	1.027910E-7
9.959430E-1	1.049181E-7
9.999614E-1	1.075206E-7
