! Date:	21-Nov-25
!Time:	18:18
! User Name:	Aditya Kumar
! Sample Name:	Gr-CrSBr-Gr
! Sample ID:	SHCBS2
! Current Source:	Keithley 2400
! LockIn Specifications:
!LockIn Input Voltage (V)=	
!LockIn Input Frequency (Hz)=	
!Time Constant for Zi LockIn  1st Harmonic (s)=	
!Time Constant for Zi LockIn 2nd Harmonic (s)=	
!Time Constant of SR7265=	
!Time Constant of SR7225=	
! Measuring Insturment 1:	
! Measuring Insturment 1:	
! U1, th1 (volts):	
! U2, th2 (volts):	
! U3, th3 (volts):	
! U4 , th4(volts):	
! U5, th5 (volts):	
! Comments:	


! 
! 
date	time	Tcryo (K)	Tsample (K)	Hx (T)	Hy (T)	Hz (T)	|H|	phi	theta	L1_Ch1	L1_Ch2	L2_Ch1	L2_Ch2	L3_Ch1	L3_Ch2	L4_Ch1	L4_Ch2	L5_ Ch1	L5_Ch2
21-Nov-25	18:22:57	119.9041	0.0000	-0.000010	3.428530	0.000000	3.428530	84.0000	90.0000	9.998128E-2	6.355682E-7	2.434151E-7	2.662829E-11	-1.000587E-1	4.968999E-7	-2.266898E-7	1.578830E-11	4.255220E+5	9.588913E-5	
21-Nov-25	18:24:42	120.0181	0.0000	-0.000010	3.428530	0.000000	3.428530	84.0000	90.0000	9.998063E-2	3.793197E-7	2.434869E-7	1.828972E-11	-1.000578E-1	4.922915E-7	-2.267205E-7	1.978629E-11	4.254260E+5	8.533428E-5	
21-Nov-25	18:26:35	119.9712	0.0000	-0.000010	3.199990	0.000700	3.199990	84.0000	90.0000	9.998185E-2	5.761461E-7	2.421312E-7	2.393217E-11	-1.000575E-1	5.927626E-7	-2.253553E-7	2.458716E-11	4.279040E+5	1.096311E-4	
21-Nov-25	18:28:28	119.9220	0.0000	-0.000010	2.971500	0.000000	2.971500	84.0000	90.0000	9.998190E-2	5.588230E-7	2.406420E-7	2.252259E-11	-1.000568E-1	7.294882E-7	-2.239538E-7	1.717413E-11	4.305650E+5	9.188386E-5	
21-Nov-25	18:30:21	119.8955	0.0000	-0.000010	2.742910	0.000000	2.742910	84.0000	90.0000	9.998131E-2	5.139506E-7	2.390841E-7	1.914310E-11	-1.000579E-1	5.609759E-7	-2.223796E-7	1.982314E-11	4.334886E+5	8.981411E-5	
21-Nov-25	18:32:15	119.9110	0.0000	-0.000010	2.514370	0.000000	2.514370	84.0000	90.0000	9.998107E-2	4.996739E-7	2.372874E-7	3.535033E-11	-1.000575E-1	6.810570E-7	-2.205920E-7	2.603516E-11	4.368804E+5	1.399673E-4	
21-Nov-25	18:34:08	119.9433	0.0000	-0.000010	2.285780	0.000000	2.285780	84.0000	90.0000	9.998231E-2	5.045228E-7	2.352675E-7	1.783826E-11	-1.000576E-1	6.400641E-7	-2.186476E-7	1.991067E-11	4.406989E+5	8.888477E-5	
21-Nov-25	18:36:01	119.9789	0.0000	-0.000010	2.057180	0.000000	2.057180	84.0000	90.0000	9.998058E-2	4.911242E-7	2.329859E-7	1.649224E-11	-1.000579E-1	3.865009E-7	-2.164078E-7	1.916753E-11	4.451297E+5	8.373813E-5	
21-Nov-25	18:37:54	120.0329	0.0000	-0.000010	1.828570	0.000700	1.828570	84.0000	90.0000	9.998182E-2	6.805396E-7	2.304165E-7	2.262533E-11	-1.000572E-1	4.937206E-7	-2.138197E-7	1.614439E-11	4.502988E+5	9.314290E-5	
21-Nov-25	18:39:48	120.0472	0.0000	-0.000010	1.599940	0.000000	1.599940	84.0000	90.0000	9.998159E-2	5.404132E-7	2.272669E-7	2.028305E-11	-1.000566E-1	5.519119E-7	-2.107123E-7	1.573978E-11	4.567299E+5	8.770841E-5	
21-Nov-25	18:41:41	120.0539	0.0000	-0.000010	1.371480	0.000000	1.371480	84.0000	90.0000	9.998088E-2	4.555787E-7	2.233373E-7	1.990871E-11	-1.000559E-1	6.210146E-7	-2.069485E-7	1.986957E-11	4.648928E+5	9.782814E-5	
21-Nov-25	18:43:34	120.0282	0.0000	-0.000010	1.142920	0.000000	1.142920	84.0000	90.0000	9.998050E-2	7.162837E-7	2.182206E-7	2.413782E-11	-1.000565E-1	5.700152E-7	-2.019581E-7	1.413523E-11	4.760760E+5	9.751787E-5	
21-Nov-25	18:45:28	119.9798	0.0000	-0.000010	0.914280	0.000000	0.914280	84.0000	90.0000	9.998063E-2	4.968662E-7	2.106102E-7	1.649715E-11	-1.000558E-1	6.051486E-7	-1.945377E-7	1.292979E-11	4.937367E+5	7.814165E-5	
21-Nov-25	18:47:21	119.9280	0.0000	-0.000010	0.685690	0.000000	0.685690	84.0000	90.0000	9.997927E-2	6.711753E-7	1.850275E-7	1.297314E-11	-1.000558E-1	6.098742E-7	-1.697699E-7	1.195116E-11	5.638008E+5	7.665350E-5	
21-Nov-25	18:49:15	119.8987	0.0000	-0.000010	0.457150	0.000000	0.457150	84.0000	90.0000	9.997699E-2	6.300989E-7	1.566716E-7	1.290164E-11	-1.000543E-1	5.002753E-7	-1.427909E-7	1.562442E-11	6.679677E+5	1.009085E-4	
21-Nov-25	18:51:08	119.9136	0.0000	-0.000010	0.228540	0.000000	0.228540	84.0000	90.0000	9.997753E-2	4.751088E-7	1.367627E-7	9.226604E-12	-1.000525E-1	6.400965E-7	-1.241653E-7	1.340421E-11	7.666098E+5	9.230720E-5	
21-Nov-25	18:53:01	119.9348	0.0000	-0.000010	-0.000190	0.000000	0.000190	84.0000	90.0000	9.997676E-2	8.245870E-7	1.293387E-7	1.645055E-11	-1.000529E-1	5.981499E-7	-1.172944E-7	1.625568E-11	8.110415E+5	1.397235E-4	
21-Nov-25	18:54:55	119.9924	0.0000	-0.000010	-0.228520	0.000000	0.228520	84.0000	90.0000	9.997632E-2	6.308649E-7	1.364792E-7	1.698004E-11	-1.000548E-1	4.816313E-7	-1.239113E-7	1.091037E-11	7.681967E+5	1.126716E-4	
21-Nov-25	18:56:48	120.0324	0.0000	-0.000010	-0.457070	0.000000	0.457070	84.0000	90.0000	9.997770E-2	6.885074E-7	1.561895E-7	1.392296E-11	-1.000549E-1	6.255641E-7	-1.423985E-7	1.256823E-11	6.699283E+5	9.529084E-5	
21-Nov-25	18:58:42	120.0523	0.0000	-0.000010	-0.685710	0.000000	0.685710	84.0000	90.0000	9.997981E-2	6.490630E-7	1.845063E-7	2.036656E-11	-1.000550E-1	5.113804E-7	-1.693703E-7	1.888666E-11	5.652672E+5	1.167247E-4	
21-Nov-25	19:00:35	120.0398	0.0000	-0.000010	-0.914280	0.000000	0.914280	84.0000	90.0000	9.997969E-2	6.911743E-7	2.106559E-7	1.432172E-11	-1.000571E-1	6.506341E-7	-1.946426E-7	1.455769E-11	4.935542E+5	7.796249E-5	
21-Nov-25	19:02:29	119.9975	0.0000	-0.000010	-1.142920	0.000000	1.142920	84.0000	90.0000	9.998070E-2	5.163817E-7	2.184368E-7	1.701713E-11	-1.000574E-1	7.078957E-7	-2.021631E-7	1.928824E-11	4.756019E+5	9.243828E-5	
21-Nov-25	19:04:22	119.9469	0.0000	-0.000010	-1.371560	0.000000	1.371560	84.0000	90.0000	9.998068E-2	4.119324E-7	2.236276E-7	2.383625E-11	-1.000572E-1	6.372981E-7	-2.072624E-7	2.553018E-11	4.642437E+5	1.198137E-4	
21-Nov-25	19:06:15	119.9181	0.0000	-0.000010	-1.599890	0.000000	1.599890	84.0000	90.0000	9.998024E-2	6.759084E-7	2.276122E-7	2.491128E-11	-1.000583E-1	5.501481E-7	-2.111449E-7	1.692539E-11	4.559209E+5	1.014818E-4	
21-Nov-25	19:08:09	119.8964	0.0000	-0.000010	-1.828420	0.000000	1.828420	84.0000	90.0000	9.998116E-2	7.797360E-7	2.308566E-7	1.499225E-11	-1.000582E-1	6.893140E-7	-2.143279E-7	1.927249E-11	4.493403E+5	8.431129E-5	
21-Nov-25	19:10:02	119.9002	0.0000	-0.000010	-2.057140	0.000000	2.057140	84.0000	90.0000	9.997999E-2	9.188243E-7	2.335153E-7	2.073062E-11	-1.000587E-1	6.884030E-7	-2.169231E-7	1.559977E-11	4.440977E+5	8.869021E-5	
21-Nov-25	19:11:55	119.9526	0.0000	-0.000010	-2.285700	0.000000	2.285700	84.0000	90.0000	9.998022E-2	7.282350E-7	2.358735E-7	1.747046E-11	-1.000591E-1	6.293972E-7	-2.192965E-7	1.163838E-11	4.394826E+5	7.073840E-5	
21-Nov-25	19:13:49	119.9996	0.0000	-0.000010	-2.514200	0.000000	2.514200	84.0000	90.0000	9.998071E-2	6.143111E-7	2.379486E-7	2.167854E-11	-1.000580E-1	6.849032E-7	-2.212853E-7	1.490312E-11	4.355922E+5	8.615282E-5	
21-Nov-25	19:15:43	120.0506	0.0000	-0.000010	-2.742950	0.000000	2.742950	84.0000	90.0000	9.997997E-2	5.021516E-7	2.398134E-7	2.917570E-11	-1.000588E-1	7.104905E-7	-2.231466E-7	2.359218E-11	4.320865E+5	1.200414E-4	
21-Nov-25	19:17:37	120.0486	0.0000	-0.000010	-2.971480	0.000000	2.971480	84.0000	90.0000	9.998050E-2	6.870507E-7	2.415175E-7	1.717558E-11	-1.000584E-1	7.324375E-7	-2.248094E-7	1.384251E-11	4.289671E+5	7.361183E-5	
21-Nov-25	19:19:32	119.9829	0.0000	-0.000010	-3.199850	0.000000	3.199850	84.0000	90.0000	9.998229E-2	6.772891E-7	2.430663E-7	2.395011E-11	-1.000574E-1	7.143724E-7	-2.262978E-7	1.642910E-11	4.261930E+5	9.298653E-5	
21-Nov-25	19:21:30	119.8935	0.0000	-0.000010	-3.428450	0.000000	3.428450	84.0000	90.0000	9.998197E-2	7.383440E-7	2.443978E-7	2.904196E-11	-1.000578E-1	6.818607E-7	-2.276945E-7	1.941146E-11	4.237302E+5	1.097351E-4	
21-Nov-25	19:23:15	119.9844	0.0000	-0.000010	-3.428460	0.000000	3.428460	84.0000	90.0000	9.998176E-2	5.944265E-7	2.444050E-7	1.914700E-11	-1.000583E-1	4.804165E-7	-2.277344E-7	1.566286E-11	4.236885E+5	7.910106E-5	
21-Nov-25	19:25:08	119.9442	0.0000	-0.000010	-3.199870	0.000000	3.199870	84.0000	90.0000	9.998097E-2	4.746899E-7	2.431266E-7	1.975891E-11	-1.000587E-1	4.885866E-7	-2.263888E-7	2.303834E-11	4.260556E+5	9.596739E-5	
21-Nov-25	19:27:01	119.9123	0.0000	-0.000010	-2.971480	0.000000	2.971480	84.0000	90.0000	9.998067E-2	6.316226E-7	2.416573E-7	2.144944E-11	-1.000589E-1	6.359464E-7	-2.249199E-7	1.517990E-11	4.287384E+5	8.484309E-5	
21-Nov-25	19:28:54	119.9048	0.0000	-0.000010	-2.742980	0.000000	2.742980	84.0000	90.0000	9.998098E-2	6.170633E-7	2.399408E-7	1.682661E-11	-1.000589E-1	5.751689E-7	-2.232812E-7	1.760787E-11	4.318446E+5	8.029685E-5	
21-Nov-25	19:30:47	119.9170	0.0000	-0.000010	-2.514220	0.000000	2.514220	84.0000	90.0000	9.998062E-2	6.801040E-7	2.381039E-7	1.936820E-11	-1.000587E-1	6.301832E-7	-2.214692E-7	1.319780E-11	4.352722E+5	7.741156E-5	
21-Nov-25	19:32:41	119.9303	0.0000	-0.000010	-2.285690	0.000000	2.285690	84.0000	90.0000	9.998074E-2	6.450707E-7	2.361047E-7	1.875307E-11	-1.000575E-1	4.708838E-7	-2.194529E-7	2.326442E-11	4.391063E+5	9.781182E-5	
21-Nov-25	19:34:34	119.9699	0.0000	-0.000010	-2.057140	0.000000	2.057140	84.0000	90.0000	9.998026E-2	6.339744E-7	2.337994E-7	1.871532E-11	-1.000573E-1	6.865764E-7	-2.171905E-7	2.073179E-11	4.435523E+5	9.406934E-5	
21-Nov-25	19:36:27	120.0007	0.0000	-0.000010	-1.828420	0.000000	1.828420	84.0000	90.0000	9.998047E-2	5.997676E-7	2.311255E-7	1.391910E-11	-1.000585E-1	6.707971E-7	-2.146064E-7	1.777575E-11	4.487876E+5	7.745902E-5	
21-Nov-25	19:38:21	120.0435	0.0000	-0.000010	-1.599870	0.000000	1.599870	84.0000	90.0000	9.998126E-2	4.996609E-7	2.279236E-7	1.480396E-11	-1.000576E-1	4.743467E-7	-2.114534E-7	1.622316E-11	4.552783E+5	7.548527E-5	
21-Nov-25	19:40:14	120.0533	0.0000	-0.000010	-1.371540	0.000000	1.371540	84.0000	90.0000	9.998153E-2	5.664872E-7	2.239877E-7	2.295449E-11	-1.000570E-1	6.208198E-7	-2.075987E-7	1.327623E-11	4.634957E+5	8.988315E-5	
21-Nov-25	19:42:07	120.0487	0.0000	-0.000010	-1.142900	0.000000	1.142900	84.0000	90.0000	9.998094E-2	5.327160E-7	2.188830E-7	1.472486E-11	-1.000572E-1	6.641561E-7	-2.026399E-7	1.511282E-11	4.745607E+5	7.676864E-5	
21-Nov-25	19:44:00	120.0136	0.0000	-0.000010	-0.914250	0.000000	0.914250	84.0000	90.0000	9.998009E-2	6.864592E-7	2.113002E-7	2.160553E-11	-1.000572E-1	7.568812E-7	-1.952477E-7	1.089230E-11	4.920386E+5	8.715140E-5	
21-Nov-25	19:45:54	119.9647	0.0000	-0.000010	-0.685690	0.000000	0.685690	84.0000	90.0000	9.997838E-2	6.042673E-7	1.859248E-7	2.155337E-11	-1.000563E-1	5.345479E-7	-1.706671E-7	1.733660E-11	5.609626E+5	1.147533E-4	
21-Nov-25	19:47:47	119.9230	0.0000	-0.000010	-0.457060	0.000000	0.457060	84.0000	90.0000	9.997767E-2	6.285051E-7	1.573886E-7	1.150618E-11	-1.000540E-1	7.032538E-7	-1.435426E-7	1.512217E-11	6.647088E+5	9.514422E-5	
21-Nov-25	19:49:41	119.8971	0.0000	-0.000010	-0.228510	0.000000	0.228510	84.0000	90.0000	9.997682E-2	5.717696E-7	1.374445E-7	1.645176E-11	-1.000538E-1	7.215565E-7	-1.248532E-7	1.780304E-11	7.626094E+5	1.370608E-4	
21-Nov-25	19:51:34	119.9263	0.0000	-0.000010	-0.000180	0.000000	0.000180	84.0000	90.0000	9.997647E-2	6.185437E-7	1.300488E-7	1.438950E-11	-1.000535E-1	6.961214E-7	-1.179407E-7	1.694618E-11	8.066062E+5	1.329312E-4	
21-Nov-25	19:53:28	119.9737	0.0000	-0.000010	0.228520	0.000000	0.228520	84.0000	90.0000	9.997684E-2	6.149006E-7	1.371997E-7	1.903627E-11	-1.000535E-1	5.149149E-7	-1.246107E-7	1.848069E-11	7.640274E+5	1.489464E-4	
21-Nov-25	19:55:21	120.0206	0.0000	-0.000010	0.457100	0.000000	0.457100	84.0000	90.0000	9.997688E-2	7.371855E-7	1.569531E-7	1.609171E-11	-1.000558E-1	5.868616E-7	-1.431349E-7	2.103909E-11	6.665799E+5	1.303522E-4	
21-Nov-25	19:57:14	120.0550	0.0000	-0.000010	0.685630	0.000000	0.685630	84.0000	90.0000	9.997887E-2	5.082026E-7	1.853491E-7	2.119344E-11	-1.000563E-1	7.043262E-7	-1.702045E-7	1.730565E-11	5.626021E+5	1.143409E-4	
21-Nov-25	19:59:08	120.0531	0.0000	-0.000010	0.914220	0.000000	0.914220	84.0000	90.0000	9.997939E-2	7.976834E-7	2.112490E-7	1.106170E-11	-1.000579E-1	6.942176E-7	-1.951844E-7	1.708727E-11	4.921773E+5	7.671662E-5	
21-Nov-25	20:01:01	120.0155	0.0000	-0.000010	1.142840	0.000000	1.142840	84.0000	90.0000	9.998149E-2	5.980581E-7	2.189163E-7	1.938166E-11	-1.000561E-1	6.083104E-7	-2.026729E-7	1.870871E-11	4.744845E+5	9.638019E-5	
21-Nov-25	20:02:54	119.9675	0.0000	-0.000010	1.371390	0.000000	1.371390	84.0000	90.0000	9.998148E-2	6.202533E-7	2.241229E-7	2.733313E-11	-1.000570E-1	6.289452E-7	-2.076972E-7	1.426223E-11	4.632448E+5	1.025704E-4	
21-Nov-25	20:04:47	119.9141	0.0000	-0.000010	1.599840	0.000000	1.599840	84.0000	90.0000	9.998203E-2	7.311018E-7	2.280721E-7	2.570946E-11	-1.000565E-1	5.740494E-7	-2.116042E-7	1.726650E-11	4.549678E+5	1.042690E-4	
21-Nov-25	20:06:41	119.8997	0.0000	-0.000010	1.828470	0.000000	1.828470	84.0000	90.0000	9.998129E-2	6.747347E-7	2.312736E-7	2.031638E-11	-1.000573E-1	5.826743E-7	-2.147232E-7	1.803887E-11	4.485203E+5	9.228475E-5	
21-Nov-25	20:08:34	119.9265	0.0000	-0.000010	2.057080	0.000000	2.057080	84.0000	90.0000	9.998033E-2	5.476756E-7	2.340019E-7	1.957264E-11	-1.000575E-1	6.808522E-7	-2.174015E-7	1.880989E-11	4.431466E+5	9.117082E-5	
21-Nov-25	20:10:27	119.9679	0.0000	-0.000010	2.285700	0.000000	2.285700	84.0000	90.0000	9.998087E-2	6.792503E-7	2.363098E-7	1.740578E-11	-1.000583E-1	5.706253E-7	-2.196738E-7	1.590526E-11	4.386982E+5	7.930131E-5	
21-Nov-25	20:12:21	120.0253	0.0000	-0.000010	2.514310	0.000000	2.514310	84.0000	90.0000	9.998058E-2	6.057345E-7	2.383799E-7	2.370828E-11	-1.000586E-1	4.223866E-7	-2.217788E-7	1.580419E-11	4.347177E+5	9.100666E-5	
21-Nov-25	20:14:15	120.0535	0.0000	-0.000010	2.742870	0.000000	2.742870	84.0000	90.0000	9.998055E-2	8.705951E-7	2.402896E-7	2.426328E-11	-1.000585E-1	7.570357E-7	-2.235927E-7	2.000930E-11	4.312281E+5	1.035758E-4	
21-Nov-25	20:16:09	120.0267	0.0000	-0.000010	2.971510	0.000000	2.971510	84.0000	90.0000	9.998075E-2	5.722895E-7	2.418469E-7	1.997608E-11	-1.000580E-1	4.962273E-7	-2.251733E-7	1.478974E-11	4.283300E+5	7.978335E-5	
21-Nov-25	20:18:06	119.9258	0.0000	-0.000010	3.200050	0.000000	3.200050	84.0000	90.0000	9.998109E-2	6.364689E-7	2.434527E-7	1.905231E-11	-1.000586E-1	6.815682E-7	-2.267612E-7	1.913027E-11	4.254227E+5	8.779144E-5	
