Voltage (V)	Current (A)
4.999846E-1	1.818630E-6
4.979570E-1	1.810454E-6
4.959641E-1	1.801708E-6
4.939705E-1	1.792794E-6
4.919747E-1	1.784382E-6
4.899805E-1	1.775995E-6
4.879856E-1	1.767769E-6
4.859251E-1	1.758734E-6
4.839297E-1	1.750335E-6
4.819316E-1	1.741536E-6
4.799057E-1	1.733027E-6
4.779131E-1	1.724464E-6
4.759176E-1	1.716142E-6
4.739235E-1	1.707661E-6
4.719300E-1	1.699182E-6
4.699375E-1	1.690922E-6
4.679084E-1	1.682097E-6
4.659141E-1	1.673964E-6
4.639201E-1	1.665691E-6
4.618889E-1	1.656927E-6
4.598625E-1	1.648335E-6
4.578699E-1	1.639870E-6
4.558757E-1	1.631535E-6
4.538815E-1	1.622885E-6
4.518886E-1	1.614771E-6
4.498619E-1	1.606113E-6
4.478627E-1	1.597701E-6
4.458686E-1	1.589321E-6
4.438747E-1	1.581351E-6
4.418796E-1	1.572874E-6
4.398831E-1	1.564632E-6
4.378575E-1	1.555929E-6
4.358336E-1	1.547285E-6
4.338357E-1	1.539364E-6
4.318404E-1	1.531096E-6
4.298131E-1	1.522849E-6
4.278171E-1	1.514474E-6
4.258269E-1	1.506254E-6
4.238313E-1	1.497993E-6
4.218341E-1	1.489809E-6
4.198061E-1	1.481183E-6
4.178146E-1	1.472859E-6
4.158194E-1	1.464531E-6
4.138200E-1	1.456330E-6
4.117589E-1	1.447797E-6
4.097668E-1	1.439588E-6
4.077728E-1	1.431074E-6
4.057766E-1	1.423181E-6
4.037824E-1	1.415185E-6
4.017870E-1	1.407107E-6
3.997614E-1	1.398613E-6
3.977665E-1	1.390567E-6
3.957732E-1	1.382274E-6
3.937789E-1	1.374096E-6
3.917858E-1	1.366134E-6
3.897579E-1	1.357884E-6
3.877621E-1	1.349585E-6
3.857353E-1	1.341254E-6
3.837420E-1	1.333336E-6
3.817143E-1	1.325102E-6
3.797185E-1	1.317172E-6
3.777234E-1	1.309144E-6
3.757303E-1	1.300876E-6
3.737361E-1	1.292700E-6
3.717404E-1	1.285082E-6
3.697116E-1	1.276634E-6
3.677192E-1	1.268755E-6
3.657257E-1	1.260522E-6
3.637317E-1	1.252714E-6
3.616678E-1	1.244371E-6
3.596732E-1	1.236348E-6
3.576809E-1	1.228363E-6
3.556875E-1	1.220529E-6
3.536913E-1	1.212627E-6
3.516629E-1	1.204477E-6
3.496664E-1	1.196412E-6
3.476754E-1	1.188439E-6
3.456804E-1	1.180771E-6
3.436849E-1	1.172673E-6
3.416901E-1	1.164787E-6
3.396616E-1	1.157085E-6
3.376677E-1	1.148808E-6
3.356394E-1	1.141175E-6
3.336127E-1	1.132969E-6
3.316201E-1	1.125019E-6
3.296262E-1	1.117096E-6
3.276294E-1	1.109332E-6
3.256333E-1	1.101425E-6
3.236404E-1	1.093736E-6
3.216149E-1	1.085749E-6
3.196197E-1	1.078184E-6
3.176240E-1	1.070316E-6
3.156334E-1	1.062678E-6
3.136388E-1	1.054684E-6
3.115761E-1	1.046759E-6
3.095798E-1	1.039049E-6
3.075871E-1	1.031454E-6
3.055902E-1	1.023966E-6
3.035643E-1	1.015956E-6
3.015658E-1	1.008322E-6
2.995729E-1	1.000481E-6
2.976130E-1	9.929378E-7
2.956198E-1	9.853824E-7
2.936248E-1	9.777998E-7
2.915953E-1	9.701415E-7
2.896012E-1	9.624274E-7
2.876096E-1	9.546779E-7
2.855453E-1	9.469259E-7
2.835482E-1	9.392069E-7
2.815568E-1	9.316971E-7
2.795628E-1	9.239998E-7
2.775662E-1	9.164379E-7
2.755697E-1	9.089295E-7
2.735418E-1	9.012301E-7
2.715424E-1	8.936403E-7
2.695517E-1	8.860209E-7
2.675550E-1	8.786527E-7
2.655617E-1	8.709954E-7
2.635678E-1	8.636767E-7
2.615084E-1	8.558653E-7
2.595150E-1	8.484335E-7
2.575180E-1	8.409349E-7
2.554885E-1	8.333387E-7
2.534979E-1	8.259703E-7
2.515028E-1	8.184879E-7
2.495050E-1	8.112452E-7
2.475141E-1	8.037833E-7
2.455198E-1	7.962981E-7
2.434905E-1	7.888717E-7
2.414973E-1	7.813865E-7
2.394987E-1	7.741998E-7
2.375043E-1	7.668258E-7
2.354446E-1	7.592980E-7
2.334492E-1	7.520921E-7
2.314537E-1	7.446820E-7
2.294595E-1	7.374038E-7
2.274670E-1	7.301647E-7
2.254386E-1	7.226722E-7
2.234426E-1	7.155465E-7
2.214484E-1	7.081548E-7
2.194563E-1	7.009010E-7
2.174565E-1	6.937997E-7
2.154622E-1	6.865695E-7
2.134352E-1	6.793043E-7
2.114079E-1	6.719684E-7
2.094142E-1	6.648210E-7
2.073857E-1	6.575428E-7
2.053898E-1	6.504998E-7
2.033914E-1	6.432491E-7
2.014006E-1	6.362164E-7
1.994055E-1	6.291035E-7
1.974085E-1	6.220091E-7
1.953826E-1	6.149399E-7
1.933885E-1	6.078996E-7
1.913963E-1	6.009769E-7
1.893982E-1	5.938734E-7
1.874031E-1	5.869383E-7
1.853435E-1	5.796659E-7
1.833506E-1	5.727381E-7
1.813531E-1	5.657408E-7
1.793596E-1	5.587442E-7
1.773319E-1	5.516516E-7
1.753386E-1	5.448030E-7
1.733444E-1	5.378864E-7
1.713474E-1	5.309045E-7
1.693502E-1	5.240227E-7
1.673596E-1	5.171582E-7
1.653307E-1	5.103931E-7
1.633295E-1	5.034744E-7
1.613020E-1	4.964492E-7
1.592749E-1	4.895905E-7
1.572843E-1	4.827398E-7
1.552872E-1	4.760384E-7
1.532926E-1	4.692255E-7
1.512983E-1	4.624756E-7
1.493019E-1	4.557959E-7
1.472746E-1	4.490145E-7
1.452800E-1	4.423361E-7
1.432841E-1	4.355270E-7
1.412932E-1	4.289514E-7
1.392964E-1	4.221894E-7
1.372991E-1	4.156375E-7
1.352326E-1	4.087844E-7
1.332436E-1	4.021709E-7
1.312480E-1	3.956900E-7
1.292175E-1	3.889809E-7
1.272215E-1	3.825268E-7
1.252270E-1	3.759229E-7
1.232356E-1	3.694173E-7
1.212415E-1	3.629675E-7
1.192449E-1	3.565324E-7
1.172200E-1	3.499032E-7
1.152232E-1	3.434270E-7
1.132309E-1	3.370269E-7
1.111640E-1	3.304651E-7
1.091741E-1	3.240022E-7
1.071764E-1	3.176932E-7
1.051867E-1	3.113608E-7
1.031892E-1	3.050302E-7
1.011947E-1	2.986881E-7
9.916571E-2	2.922833E-7
9.717336E-2	2.859905E-7
9.517621E-2	2.797366E-7
9.317948E-2	2.735282E-7
9.118751E-2	2.672381E-7
8.919480E-2	2.610875E-7
8.716678E-2	2.547840E-7
8.513580E-2	2.484960E-7
8.314333E-2	2.423594E-7
8.111534E-2	2.361411E-7
7.911810E-2	2.299797E-7
7.712258E-2	2.238771E-7
7.512788E-2	2.178374E-7
7.313664E-2	2.117605E-7
7.114031E-2	2.057265E-7
6.911239E-2	1.995635E-7
6.711604E-2	1.935477E-7
6.512273E-2	1.876051E-7
6.312928E-2	1.816349E-7
6.106265E-2	1.754909E-7
5.906940E-2	1.695368E-7
5.707369E-2	1.636004E-7
5.508343E-2	1.577262E-7
5.308767E-2	1.518304E-7
5.105928E-2	1.458607E-7
4.906709E-2	1.399980E-7
4.706757E-2	1.341599E-7
4.507855E-2	1.283610E-7
4.308186E-2	1.225334E-7
4.108646E-2	1.167338E-7
3.906107E-2	1.108647E-7
3.706579E-2	1.051024E-7
3.503808E-2	9.926311E-8
3.300414E-2	9.342558E-8
3.101537E-2	8.770995E-8
2.901949E-2	8.199458E-8
2.702377E-2	7.632358E-8
2.502531E-2	7.063434E-8
2.303211E-2	6.495369E-8
2.100517E-2	5.922119E-8
1.901255E-2	5.358867E-8
1.701752E-2	4.795044E-8
1.502038E-2	4.229268E-8
1.302610E-2	3.668147E-8
1.096516E-2	3.091572E-8
8.971642E-3	2.530093E-8
6.973919E-3	1.968325E-8
4.982310E-3	1.414175E-8
2.953447E-3	8.455499E-9
9.549762E-4	2.876887E-9
-1.033753E-3	-2.723040E-9
-3.027773E-3	-8.252276E-9
-5.022624E-3	-1.381946E-8
-7.050053E-3	-1.943804E-8
-9.042053E-3	-2.497039E-8
-1.104328E-2	-3.054355E-8
-1.303437E-2	-3.609856E-8
-1.509695E-2	-4.183975E-8
-1.709080E-2	-4.736239E-8
-1.908986E-2	-5.292282E-8
-2.108494E-2	-5.844912E-8
-2.307788E-2	-6.398248E-8
-2.510633E-2	-6.963647E-8
-2.710357E-2	-7.519213E-8
-2.909862E-2	-8.073264E-8
-3.109211E-2	-8.629668E-8
-3.308933E-2	-9.187491E-8
-3.508493E-2	-9.747312E-8
-3.708315E-2	-1.030364E-7
-3.914112E-2	-1.087868E-7
-4.113637E-2	-1.143403E-7
-4.312539E-2	-1.199230E-7
-4.515952E-2	-1.256007E-7
-4.715669E-2	-1.311727E-7
-4.914964E-2	-1.368219E-7
-5.114282E-2	-1.424103E-7
-5.313944E-2	-1.480244E-7
-5.513638E-2	-1.536626E-7
-5.716143E-2	-1.593815E-7
-5.915457E-2	-1.650271E-7
-6.114972E-2	-1.706842E-7
-6.321286E-2	-1.765525E-7
-6.520811E-2	-1.822417E-7
-6.720068E-2	-1.879077E-7
-6.919874E-2	-1.935859E-7
-7.119545E-2	-1.993266E-7
-7.319105E-2	-2.050126E-7
-7.521758E-2	-2.108804E-7
-7.720965E-2	-2.166061E-7
-7.920955E-2	-2.223301E-7
-8.120538E-2	-2.281039E-7
-8.319629E-2	-2.339390E-7
-8.519047E-2	-2.397113E-7
-8.718798E-2	-2.454912E-7
-8.925270E-2	-2.514846E-7
-9.124560E-2	-2.573183E-7
-9.323879E-2	-2.631380E-7
-9.526812E-2	-2.691021E-7
-9.726344E-2	-2.749811E-7
-9.926012E-2	-2.808817E-7
-1.012561E-1	-2.867508E-7
-1.032485E-1	-2.926686E-7
-1.052489E-1	-2.985854E-7
-1.072758E-1	-3.046390E-7
-1.092674E-1	-3.105628E-7
-1.112626E-1	-3.164994E-7
-1.133233E-1	-3.226583E-7
-1.153230E-1	-3.286550E-7
-1.173153E-1	-3.346815E-7
-1.193097E-1	-3.406293E-7
-1.213022E-1	-3.466590E-7
-1.233006E-1	-3.527842E-7
-1.253287E-1	-3.588107E-7
-1.273207E-1	-3.649782E-7
-1.293143E-1	-3.710620E-7
-1.313125E-1	-3.771185E-7
-1.333121E-1	-3.832656E-7
-1.353046E-1	-3.893467E-7
-1.372978E-1	-3.955373E-7
-1.393640E-1	-4.018952E-7
-1.413602E-1	-4.080831E-7
-1.433524E-1	-4.141955E-7
-1.453779E-1	-4.204933E-7
-1.473777E-1	-4.266925E-7
-1.493736E-1	-4.328787E-7
-1.513646E-1	-4.390464E-7
-1.533626E-1	-4.454124E-7
-1.553568E-1	-4.516023E-7
-1.573886E-1	-4.580757E-7
-1.593829E-1	-4.642830E-7
-1.613774E-1	-4.705847E-7
-1.634381E-1	-4.771807E-7
-1.654352E-1	-4.834125E-7
-1.674318E-1	-4.898014E-7
-1.694259E-1	-4.962580E-7
-1.714191E-1	-5.025821E-7
-1.734182E-1	-5.088861E-7
-1.754109E-1	-5.153435E-7
-1.774379E-1	-5.218160E-7
-1.794346E-1	-5.282562E-7
-1.814282E-1	-5.346339E-7
-1.834255E-1	-5.410191E-7
-1.854191E-1	-5.475685E-7
-1.874160E-1	-5.540070E-7
-1.894749E-1	-5.606497E-7
-1.914731E-1	-5.670801E-7
-1.934675E-1	-5.736491E-7
-1.954932E-1	-5.803070E-7
-1.974894E-1	-5.867824E-7
-1.994801E-1	-5.933525E-7
-2.014799E-1	-5.998708E-7
-2.034718E-1	-6.064511E-7
-2.054659E-1	-6.130498E-7
-2.074967E-1	-6.198006E-7
-2.094951E-1	-6.264175E-7
-2.114913E-1	-6.329734E-7
-2.135492E-1	-6.398148E-7
-2.155458E-1	-6.465539E-7
-2.175425E-1	-6.530898E-7
-2.195364E-1	-6.598116E-7
-2.215297E-1	-6.665784E-7
-2.235250E-1	-6.731978E-7
-2.255212E-1	-6.800962E-7
-2.275519E-1	-6.868052E-7
-2.295435E-1	-6.935716E-7
-2.315369E-1	-7.001427E-7
-2.335316E-1	-7.069186E-7
-2.355316E-1	-7.138469E-7
-2.375258E-1	-7.205899E-7
-2.395871E-1	-7.276253E-7
-2.415822E-1	-7.343464E-7
-2.435799E-1	-7.412351E-7
-2.456075E-1	-7.479954E-7
-2.476018E-1	-7.549160E-7
-2.495955E-1	-7.617515E-7
-2.515927E-1	-7.686239E-7
-2.535862E-1	-7.755748E-7
-2.555799E-1	-7.823627E-7
-2.576087E-1	-7.894083E-7
-2.596028E-1	-7.963184E-7
-2.615993E-1	-8.031199E-7
-2.636271E-1	-8.102219E-7
-2.656547E-1	-8.172292E-7
-2.676446E-1	-8.241407E-7
-2.696449E-1	-8.312736E-7
-2.716404E-1	-8.382689E-7
-2.736334E-1	-8.451146E-7
-2.756278E-1	-8.520227E-7
-2.776588E-1	-8.592405E-7
-2.796559E-1	-8.663561E-7
-2.816481E-1	-8.732476E-7
-2.836427E-1	-8.802852E-7
-2.856386E-1	-8.874674E-7
-2.876357E-1	-8.944288E-7
-2.896990E-1	-9.018089E-7
-2.916921E-1	-9.088587E-7
-2.936863E-1	-9.160040E-7
-2.957174E-1	-9.232875E-7
-2.977123E-1	-9.302987E-7
-2.997044E-1	-9.373989E-7
-3.016998E-1	-9.445633E-7
-3.036968E-1	-9.516000E-7
-3.056938E-1	-9.586615E-7
-3.077194E-1	-9.661020E-7
-3.097137E-1	-9.733573E-7
-3.117122E-1	-9.805168E-7
-3.137412E-1	-9.878776E-7
-3.157703E-1	-9.951534E-7
-3.177648E-1	-1.002117E-6
-3.197595E-1	-1.009608E-6
-3.217536E-1	-1.016848E-6
-3.237497E-1	-1.024037E-6
-3.257425E-1	-1.031148E-6
-3.277705E-1	-1.038734E-6
-3.297667E-1	-1.045887E-6
-3.317179E-1	-1.053225E-6
-3.337113E-1	-1.060434E-6
-3.357043E-1	-1.067885E-6
-3.376983E-1	-1.074990E-6
-3.397615E-1	-1.082607E-6
-3.417537E-1	-1.089732E-6
-3.437501E-1	-1.097311E-6
-3.457778E-1	-1.104881E-6
-3.477772E-1	-1.112115E-6
-3.497707E-1	-1.119505E-6
-3.517653E-1	-1.126728E-6
-3.537577E-1	-1.134159E-6
-3.557539E-1	-1.141610E-6
-3.577833E-1	-1.149136E-6
-3.597763E-1	-1.156588E-6
-3.617695E-1	-1.163986E-6
-3.638006E-1	-1.171505E-6
-3.658286E-1	-1.179036E-6
-3.678202E-1	-1.186861E-6
-3.698159E-1	-1.194087E-6
-3.718112E-1	-1.201431E-6
-3.738075E-1	-1.208878E-6
-3.758020E-1	-1.216507E-6
-3.778314E-1	-1.224232E-6
-3.798244E-1	-1.231694E-6
-3.818221E-1	-1.239360E-6
-3.838186E-1	-1.246715E-6
-3.858066E-1	-1.254287E-6
-3.878040E-1	-1.261898E-6
-3.898628E-1	-1.269460E-6
-3.918613E-1	-1.277160E-6
-3.938532E-1	-1.284646E-6
-3.958801E-1	-1.292402E-6
-3.978769E-1	-1.299948E-6
-3.998724E-1	-1.307726E-6
-4.018679E-1	-1.315166E-6
-4.038619E-1	-1.322714E-6
-4.058538E-1	-1.330375E-6
-4.078483E-1	-1.338030E-6
-4.098784E-1	-1.346013E-6
-4.118733E-1	-1.353496E-6
-4.139027E-1	-1.361295E-6
-4.159320E-1	-1.369160E-6
-4.179283E-1	-1.376830E-6
-4.199199E-1	-1.384414E-6
-4.219131E-1	-1.392394E-6
-4.239099E-1	-1.400096E-6
-4.259056E-1	-1.407993E-6
-4.279345E-1	-1.415660E-6
-4.299273E-1	-1.423149E-6
-4.319225E-1	-1.430943E-6
-4.339195E-1	-1.438872E-6
-4.359117E-1	-1.446593E-6
-4.379059E-1	-1.454009E-6
-4.399666E-1	-1.462030E-6
-4.419637E-1	-1.469823E-6
-4.439589E-1	-1.477544E-6
-4.459854E-1	-1.485615E-6
-4.479804E-1	-1.493282E-6
-4.499766E-1	-1.501219E-6
-4.519735E-1	-1.509140E-6
-4.539681E-1	-1.516924E-6
-4.559610E-1	-1.524780E-6
-4.579552E-1	-1.532808E-6
-4.599857E-1	-1.540520E-6
-4.619798E-1	-1.548659E-6
-4.640049E-1	-1.556136E-6
-4.660344E-1	-1.564496E-6
-4.680307E-1	-1.572492E-6
-4.700248E-1	-1.580234E-6
-4.720171E-1	-1.588261E-6
-4.740120E-1	-1.596308E-6
-4.760046E-1	-1.604159E-6
-4.780333E-1	-1.612095E-6
-4.800311E-1	-1.620543E-6
-4.820247E-1	-1.628144E-6
-4.840193E-1	-1.635628E-6
-4.860158E-1	-1.643793E-6
-4.880111E-1	-1.651760E-6
-4.900727E-1	-1.659767E-6
-4.920650E-1	-1.667931E-6
-4.940620E-1	-1.675995E-6
-4.960565E-1	-1.684086E-6
-4.980830E-1	-1.692201E-6
-5.000782E-1	-1.700241E-6
