Voltage (V)	Current (A)
-1.000073E+0	-2.158642E-6
-9.960802E-1	-2.140759E-6
-9.920543E-1	-2.122518E-6
-9.880705E-1	-2.104867E-6
-9.840102E-1	-2.086640E-6
-9.800277E-1	-2.068573E-6
-9.760367E-1	-2.050986E-6
-9.720153E-1	-2.033290E-6
-9.680187E-1	-2.015766E-6
-9.640456E-1	-1.998162E-6
-9.599792E-1	-1.980595E-6
-9.559860E-1	-1.963046E-6
-9.519764E-1	-1.945520E-6
-9.479738E-1	-1.928036E-6
-9.439884E-1	-1.910803E-6
-9.399642E-1	-1.893544E-6
-9.359529E-1	-1.876061E-6
-9.319181E-1	-1.858848E-6
-9.279274E-1	-1.841828E-6
-9.239395E-1	-1.824924E-6
-9.199235E-1	-1.807945E-6
-9.159256E-1	-1.790997E-6
-9.118755E-1	-1.774236E-6
-9.078770E-1	-1.757391E-6
-9.038613E-1	-1.740928E-6
-8.998809E-1	-1.724006E-6
-8.958781E-1	-1.707072E-6
-8.918551E-1	-1.690756E-6
-8.878626E-1	-1.674179E-6
-8.838194E-1	-1.657402E-6
-8.798311E-1	-1.640936E-6
-8.758319E-1	-1.625646E-6
-8.718237E-1	-1.609297E-6
-8.678281E-1	-1.593154E-6
-8.638368E-1	-1.577157E-6
-8.597796E-1	-1.561101E-6
-8.557903E-1	-1.544903E-6
-8.517768E-1	-1.528825E-6
-8.477712E-1	-1.513276E-6
-8.437800E-1	-1.497922E-6
-8.397700E-1	-1.482037E-6
-8.357533E-1	-1.466234E-6
-8.317204E-1	-1.450523E-6
-8.277274E-1	-1.435018E-6
-8.237367E-1	-1.419694E-6
-8.197172E-1	-1.404346E-6
-8.157263E-1	-1.389136E-6
-8.116673E-1	-1.373738E-6
-8.076829E-1	-1.358814E-6
-8.036624E-1	-1.343555E-6
-7.996715E-1	-1.329048E-6
-7.956847E-1	-1.314063E-6
-7.917002E-1	-1.299254E-6
-7.876676E-1	-1.284418E-6
-7.836216E-1	-1.269644E-6
-7.796348E-1	-1.255197E-6
-7.756336E-1	-1.241023E-6
-7.716201E-1	-1.226415E-6
-7.676200E-1	-1.211512E-6
-7.636245E-1	-1.197207E-6
-7.595743E-1	-1.182890E-6
-7.555844E-1	-1.168860E-6
-7.515593E-1	-1.154576E-6
-7.475752E-1	-1.140792E-6
-7.435846E-1	-1.126954E-6
-7.395689E-1	-1.113050E-6
-7.355341E-1	-1.099385E-6
-7.315155E-1	-1.085820E-6
-7.275270E-1	-1.072271E-6
-7.235433E-1	-1.058977E-6
-7.195220E-1	-1.045687E-6
-7.155173E-1	-1.032475E-6
-7.114716E-1	-1.019172E-6
-7.074799E-1	-1.006085E-6
-7.035363E-1	-9.932269E-7
-6.995031E-1	-9.804598E-7
-6.955179E-1	-9.676979E-7
-6.915351E-1	-9.549424E-7
-6.875131E-1	-9.424377E-7
-6.834481E-1	-9.296425E-7
-6.794690E-1	-9.172180E-7
-6.754742E-1	-9.049567E-7
-6.714455E-1	-8.926430E-7
-6.674628E-1	-8.804353E-7
-6.634794E-1	-8.683207E-7
-6.594059E-1	-8.561446E-7
-6.554218E-1	-8.443810E-7
-6.513924E-1	-8.324383E-7
-4.046279E-2	-8.207086E-7
-6.434147E-1	-8.091155E-7
-6.393989E-1	-7.974493E-7
-6.353717E-1	-7.859832E-7
-6.313456E-1	-7.745968E-7
-6.273658E-1	-7.633101E-7
-6.233680E-1	-7.521753E-7
-6.193404E-1	-7.409571E-7
-6.153498E-1	-7.301502E-7
-6.113017E-1	-7.191325E-7
-6.073072E-1	-7.083325E-7
-6.033085E-1	-6.977839E-7
-5.992958E-1	-6.869284E-7
-5.953048E-1	-6.765034E-7
-5.913140E-1	-6.662362E-7
-5.872909E-1	-6.558490E-7
-5.832491E-1	-6.455584E-7
-3.620224E-2	-6.355298E-7
-5.752639E-1	-6.254952E-7
-5.712342E-1	-6.155553E-7
-5.672432E-1	-6.057259E-7
-5.632579E-1	-5.960043E-7
-5.591854E-1	-5.862587E-7
-5.551990E-1	-5.767898E-7
-5.511775E-1	-5.672741E-7
-5.471929E-1	-5.579286E-7
-5.431943E-1	-5.487949E-7
-5.391887E-1	-5.395972E-7
-5.351608E-1	-5.304399E-7
-5.311280E-1	-5.213925E-7
-5.271371E-1	-5.125775E-7
-5.231562E-1	-5.039147E-7
-5.191345E-1	-4.950932E-7
-5.151473E-1	-4.866057E-7
-5.110849E-1	-4.779639E-7
-5.070929E-1	-4.695422E-7
-5.031086E-1	-4.612484E-7
-4.990744E-1	-4.530160E-7
-4.950952E-1	-4.449476E-7
-4.910965E-1	-4.368524E-7
-4.870807E-1	-4.290160E-7
-4.830085E-1	-4.210608E-7
-4.790280E-1	-4.133942E-7
-4.750368E-1	-4.057306E-7
-4.710598E-1	-3.982239E-7
-4.670290E-1	-3.907979E-7
-4.630360E-1	-3.834404E-7
-4.589752E-1	-3.760304E-7
-4.549925E-1	-3.689023E-7
-4.509751E-1	-3.617655E-7
-4.469893E-1	-3.546780E-7
-4.430011E-1	-3.479021E-7
-4.389701E-1	-3.410016E-7
-4.349357E-1	-3.342580E-7
-4.309309E-1	-3.276073E-7
-4.269449E-1	-3.211520E-7
-4.229446E-1	-3.145855E-7
-4.189313E-1	-3.082276E-7
-4.149265E-1	-3.019102E-7
-4.108714E-1	-2.956765E-7
-4.068780E-1	-2.895932E-7
-4.028864E-1	-2.836331E-7
-3.988805E-1	-2.775998E-7
-3.948819E-1	-2.718013E-7
-3.908761E-1	-2.659980E-7
-3.868768E-1	-2.602585E-7
-3.828087E-1	-2.546223E-7
-3.788256E-1	-2.490413E-7
-3.748318E-1	-2.435855E-7
-3.708507E-1	-2.382709E-7
-3.668125E-1	-2.329837E-7
-3.628388E-1	-2.277691E-7
-3.587768E-1	-2.225469E-7
-3.547798E-1	-2.175405E-7
-3.507572E-1	-2.125677E-7
-3.467701E-1	-2.076861E-7
-3.427790E-1	-2.028353E-7
-3.387555E-1	-1.980881E-7
-3.347327E-1	-1.934003E-7
-3.307092E-1	-1.887233E-7
-3.267110E-1	-1.841643E-7
-3.227296E-1	-1.797299E-7
-3.187091E-1	-1.753574E-7
-3.147185E-1	-1.711288E-7
-3.106616E-1	-1.667848E-7
-3.066700E-1	-1.626348E-7
-3.026870E-1	-1.585202E-7
-2.986574E-1	-1.544408E-7
-2.946782E-1	-1.504890E-7
-2.906782E-1	-1.465756E-7
-2.866564E-1	-1.427618E-7
-2.826341E-1	-1.389960E-7
-2.786201E-1	-1.352269E-7
-2.746077E-1	-1.316551E-7
-2.706194E-1	-1.280887E-7
-2.666022E-1	-1.245761E-7
-2.626245E-1	-1.211165E-7
-2.585615E-1	-1.176757E-7
-2.545690E-1	-1.143251E-7
-2.505506E-1	-1.110666E-7
-2.465575E-1	-1.078285E-7
-2.425687E-1	-1.046567E-7
-2.385778E-1	-1.015215E-7
-2.345259E-1	-9.843912E-8
-2.304977E-1	-9.540756E-8
-2.265070E-1	-9.245383E-8
-2.225202E-1	-8.957711E-8
-2.184956E-1	-8.671546E-8
-2.145059E-1	-8.397897E-8
-2.104515E-1	-8.115943E-8
-2.064593E-1	-7.847533E-8
-2.024745E-1	-7.580822E-8
-1.984414E-1	-7.321533E-8
-1.944591E-1	-7.073389E-8
-1.904673E-1	-6.827440E-8
-1.864091E-1	-6.575678E-8
-1.824139E-1	-6.340813E-8
-1.783972E-1	-6.105653E-8
-1.744145E-1	-5.872667E-8
-1.704186E-1	-5.649142E-8
-1.663980E-1	-5.429402E-8
-1.624013E-1	-5.212964E-8
-1.583472E-1	-4.999647E-8
-1.543670E-1	-4.794965E-8
-1.503460E-1	-4.593878E-8
-1.463406E-1	-4.397370E-8
-1.423636E-1	-4.206430E-8
-1.383658E-1	-4.019594E-8
-1.343065E-1	-3.836364E-8
-1.302913E-1	-3.656141E-8
-1.262972E-1	-3.484033E-8
-1.223028E-1	-3.315207E-8
-1.182805E-1	-3.149731E-8
-1.142921E-1	-2.991452E-8
-1.102371E-1	-2.831987E-8
-1.062433E-1	-2.676757E-8
-1.022609E-1	-2.528714E-8
-9.823097E-2	-2.386127E-8
-9.424157E-2	-2.247466E-8
-9.025858E-2	-2.110426E-8
-8.619243E-2	-1.978131E-8
-8.220308E-2	-1.846364E-8
-7.817559E-2	-1.724559E-8
-7.419525E-2	-1.606496E-8
-7.020717E-2	-1.489036E-8
-6.618243E-2	-1.376044E-8
-6.218703E-2	-1.269541E-8
-5.812980E-2	-1.162754E-8
-5.414061E-2	-1.061809E-8
-5.015388E-2	-9.662596E-9
-4.613571E-2	-8.717492E-9
-4.215439E-2	-7.796201E-9
-3.816710E-2	-6.921216E-9
-3.410305E-2	-6.049849E-9
-3.006946E-2	-5.227983E-9
-2.609492E-2	-4.445230E-9
-2.209286E-2	-3.685013E-9
-1.807381E-2	-2.892852E-9
-1.408410E-2	-2.153077E-9
-1.002304E-2	-1.419405E-9
-6.028120E-3	-6.829365E-10
-2.047320E-3	1.635077E-11
1.975752E-3	7.751149E-10
5.944428E-3	1.415807E-9
9.953489E-3	2.138290E-9
1.399724E-2	2.880329E-9
1.803049E-2	3.620783E-9
2.200877E-2	4.372375E-9
2.601901E-2	5.171590E-9
3.002799E-2	5.976746E-9
3.402453E-2	6.803434E-9
3.800549E-2	7.689616E-9
4.206433E-2	8.562655E-9
4.605747E-2	9.511214E-9
5.007214E-2	1.048378E-8
5.405383E-2	1.150322E-8
5.804912E-2	1.254180E-8
6.208096E-2	1.365171E-8
6.614277E-2	1.482587E-8
7.011995E-2	1.595007E-8
7.410058E-2	1.714702E-8
7.813321E-2	1.839569E-8
8.212143E-2	1.969069E-8
8.611233E-2	2.103340E-8
9.017120E-2	2.242191E-8
9.414708E-2	2.389010E-8
9.817092E-2	2.531157E-8
1.021655E-1	2.681613E-8
1.061540E-1	2.841234E-8
1.101823E-1	2.994431E-8
1.142242E-1	3.159251E-8
1.182294E-1	3.329520E-8
1.222176E-1	3.502048E-8
1.262310E-1	3.679943E-8
1.302171E-1	3.860039E-8
1.342020E-1	4.041623E-8
1.382323E-1	4.231503E-8
1.422524E-1	4.423018E-8
1.462833E-1	4.621701E-8
1.502683E-1	4.817947E-8
1.542519E-1	5.032256E-8
1.582761E-1	5.238631E-8
1.622697E-1	5.452274E-8
1.663264E-1	5.679026E-8
1.703178E-1	5.901411E-8
1.743334E-1	6.130368E-8
1.783182E-1	6.355873E-8
1.823204E-1	6.591744E-8
1.863229E-1	6.836997E-8
1.903597E-1	7.084326E-8
1.943722E-1	7.334933E-8
1.983582E-1	7.588034E-8
2.023533E-1	7.840821E-8
2.063788E-1	8.103501E-8
2.103749E-1	8.375378E-8
2.144266E-1	8.641715E-8
2.184146E-1	8.927476E-8
2.224361E-1	9.211010E-8
2.264290E-1	9.497758E-8
2.304106E-1	9.792505E-8
2.344371E-1	1.008750E-7
2.384253E-1	1.038461E-7
2.424841E-1	1.070011E-7
2.464703E-1	1.101562E-7
2.504603E-1	1.132497E-7
2.544791E-1	1.164432E-7
2.584645E-1	1.197443E-7
2.624596E-1	1.230196E-7
2.665053E-1	1.264730E-7
2.705363E-1	1.299173E-7
2.745115E-1	1.333089E-7
2.785092E-1	1.368464E-7
2.825358E-1	1.404801E-7
2.865281E-1	1.440393E-7
2.905755E-1	1.478190E-7
2.945733E-1	1.514939E-7
2.985538E-1	1.553149E-7
3.025917E-1	1.591514E-7
3.065678E-1	1.630696E-7
3.105671E-1	1.670416E-7
3.146201E-1	1.711557E-7
3.186440E-1	1.752244E-7
3.226335E-1	1.793727E-7
3.266189E-1	1.836198E-7
3.306405E-1	1.879578E-7
3.346207E-1	1.922327E-7
3.386895E-1	1.966118E-7
3.426708E-1	2.010611E-7
3.466626E-1	2.057019E-7
3.506760E-1	2.101893E-7
3.546635E-1	2.148636E-7
3.586713E-1	2.196021E-7
3.626850E-1	2.243938E-7
3.667396E-1	2.294285E-7
3.707256E-1	2.344117E-7
3.747067E-1	2.392756E-7
3.787314E-1	2.443319E-7
3.827403E-1	2.494544E-7
3.867083E-1	2.546572E-7
3.907806E-1	2.599723E-7
3.947534E-1	2.652882E-7
3.987869E-1	2.708886E-7
4.027827E-1	2.763509E-7
4.067681E-1	2.818545E-7
4.107754E-1	2.875230E-7
4.148413E-1	2.932824E-7
4.188294E-1	2.990017E-7
4.228181E-1	3.047671E-7
4.268498E-1	3.108300E-7
4.308271E-1	3.168089E-7
4.348175E-1	3.228734E-7
4.388786E-1	3.290725E-7
4.428645E-1	3.354403E-7
4.468911E-1	3.418125E-7
4.508788E-1	3.481767E-7
4.548632E-1	3.545715E-7
4.588886E-1	3.611509E-7
4.628865E-1	3.677010E-7
4.669344E-1	3.744865E-7
4.709262E-1	3.813039E-7
4.749375E-1	3.882141E-7
4.789370E-1	3.951435E-7
4.829291E-1	4.020323E-7
4.869524E-1	4.090749E-7
4.909647E-1	4.163399E-7
4.949819E-1	4.236115E-7
4.989719E-1	4.309403E-7
5.029587E-1	4.383915E-7
5.069897E-1	4.459164E-7
5.109780E-1	4.534394E-7
5.150279E-1	4.611464E-7
5.190300E-1	4.687905E-7
5.230358E-1	4.766679E-7
5.270231E-1	4.845592E-7
5.310237E-1	4.925560E-7
5.350550E-1	5.007244E-7
5.390576E-1	5.087967E-7
5.430869E-1	5.171846E-7
5.470717E-1	5.254375E-7
5.510665E-1	5.337956E-7
5.550927E-1	5.423812E-7
5.590792E-1	5.507629E-7
5.630708E-1	5.594026E-7
5.671164E-1	5.682893E-7
5.711520E-1	5.772307E-7
5.751306E-1	5.860086E-7
5.791233E-1	5.949195E-7
5.831489E-1	6.039936E-7
5.871373E-1	6.130153E-7
5.912043E-1	6.223188E-7
5.951772E-1	6.315773E-7
5.991644E-1	6.408792E-7
6.031961E-1	6.503391E-7
6.071792E-1	6.598949E-7
6.111606E-1	6.693584E-7
6.152350E-1	6.792219E-7
6.192457E-1	6.890879E-7
6.232432E-1	6.988230E-7
6.272332E-1	7.088367E-7
6.312417E-1	7.189182E-7
6.352382E-1	7.290013E-7
6.393027E-1	7.392707E-7
6.432804E-1	7.495733E-7
6.472723E-1	7.597659E-7
6.513010E-1	7.702679E-7
6.552749E-1	7.806303E-7
6.592726E-1	7.912079E-7
6.632990E-1	8.019314E-7
6.673529E-1	8.127977E-7
6.713277E-1	8.236975E-7
6.753311E-1	8.344421E-7
6.793534E-1	8.455910E-7
6.833406E-1	8.567166E-7
6.873368E-1	8.677868E-7
6.913903E-1	8.793455E-7
6.953832E-1	8.905569E-7
6.994107E-1	9.019776E-7
7.033817E-1	9.134739E-7
7.073750E-1	9.249818E-7
7.114039E-1	9.366865E-7
7.154590E-1	9.485113E-7
7.194500E-1	9.602102E-7
7.234225E-1	9.720886E-7
7.274578E-1	9.842252E-7
7.314379E-1	9.962682E-7
7.354429E-1	1.008411E-6
7.394978E-1	1.020633E-6
7.431728E-1	1.031866E-6
7.474669E-1	1.045108E-6
7.514611E-1	1.057612E-6
7.554413E-1	1.070001E-6
7.594607E-1	1.082390E-6
7.634705E-1	1.095292E-6
7.675040E-1	1.108357E-6
7.715061E-1	1.120985E-6
7.755261E-1	1.134095E-6
7.795238E-1	1.147009E-6
7.834998E-1	1.159928E-6
7.875141E-1	1.173177E-6
7.915539E-1	1.186493E-6
7.955595E-1	1.199877E-6
7.995512E-1	1.213199E-6
8.035540E-1	1.226599E-6
8.075709E-1	1.240354E-6
8.115563E-1	1.253731E-6
8.156164E-1	1.267745E-6
8.195930E-1	1.281320E-6
8.236237E-1	1.295411E-6
8.276061E-1	1.309395E-6
8.316031E-1	1.323145E-6
8.356174E-1	1.337279E-6
8.396439E-1	1.351489E-6
8.436643E-1	1.365659E-6
8.476580E-1	1.380136E-6
8.516449E-1	1.394240E-6
8.556709E-1	1.408783E-6
8.596556E-1	1.423121E-6
8.636324E-1	1.437996E-6
8.676960E-1	1.452843E-6
8.717257E-1	1.467738E-6
8.756993E-1	1.482176E-6
8.796999E-1	1.497196E-6
8.837265E-1	1.512259E-6
8.877064E-1	1.527091E-6
8.917611E-1	1.542453E-6
8.957570E-1	1.557492E-6
8.997516E-1	1.572550E-6
9.037685E-1	1.588135E-6
9.077493E-1	1.603344E-6
9.117469E-1	1.618939E-6
9.158057E-1	1.634701E-6
9.198201E-1	1.650396E-6
9.237955E-1	1.665541E-6
9.278036E-1	1.681507E-6
9.318136E-1	1.697358E-6
9.357994E-1	1.712973E-6
9.398598E-1	1.729250E-6
9.438449E-1	1.745270E-6
9.478265E-1	1.761196E-6
9.518692E-1	1.777390E-6
9.558536E-1	1.793637E-6
9.598395E-1	1.809816E-6
9.638560E-1	1.825960E-6
9.678982E-1	1.842733E-6
9.719142E-1	1.859149E-6
9.758929E-1	1.875617E-6
9.799181E-1	1.892334E-6
9.839042E-1	1.908814E-6
9.878988E-1	1.925602E-6
9.919518E-1	1.942605E-6
9.959446E-1	1.958967E-6
9.999648E-1	1.976065E-6
