Voltage (V)	Current (A)
-1.000058E+0	-2.720246E-8
-9.960738E-1	-2.660609E-8
-9.920458E-1	-2.610083E-8
-9.880596E-1	-2.553920E-8
-9.840029E-1	-2.496220E-8
-9.800149E-1	-2.440179E-8
-9.760233E-1	-2.389703E-8
-9.720023E-1	-2.337829E-8
-9.680111E-1	-2.287761E-8
-9.640229E-1	-2.237942E-8
-9.599661E-1	-2.190342E-8
-9.559770E-1	-2.144103E-8
-9.519550E-1	-2.091615E-8
-9.479613E-1	-2.048354E-8
-9.439769E-1	-2.001490E-8
-9.399554E-1	-1.952038E-8
-9.359313E-1	-1.911408E-8
-9.319059E-1	-1.867955E-8
-9.279205E-1	-1.824995E-8
-9.239280E-1	-1.788698E-8
-9.199069E-1	-1.748286E-8
-9.159146E-1	-1.709887E-8
-9.118611E-1	-1.670175E-8
-9.078708E-1	-1.630123E-8
-9.038502E-1	-1.588466E-8
-8.998612E-1	-1.559216E-8
-8.958699E-1	-1.519578E-8
-8.918483E-1	-1.486047E-8
-8.878594E-1	-1.453450E-8
-8.838047E-1	-1.420995E-8
-8.798138E-1	-1.389532E-8
-8.758280E-1	-1.358074E-8
-8.718048E-1	-1.324355E-8
-8.678152E-1	-1.294881E-8
-8.638216E-1	-1.267044E-8
-8.597701E-1	-1.236127E-8
-8.557783E-1	-1.208619E-8
-8.517559E-1	-1.181441E-8
-8.477657E-1	-1.153230E-8
-8.437763E-1	-1.126000E-8
-8.397549E-1	-1.095929E-8
-8.357312E-1	-1.072867E-8
-8.317103E-1	-1.048176E-8
-8.277189E-1	-1.019919E-8
-8.237291E-1	-9.960630E-9
-8.197075E-1	-9.730662E-9
-8.157177E-1	-9.488703E-9
-8.116617E-1	-9.271725E-9
-8.076739E-1	-9.052169E-9
-8.036515E-1	-8.828571E-9
-7.996623E-1	-8.595467E-9
-7.956727E-1	-8.399595E-9
-7.916846E-1	-8.195477E-9
-7.876610E-1	-7.992535E-9
-7.836033E-1	-7.781377E-9
-7.796141E-1	-7.604297E-9
-7.756245E-1	-7.404995E-9
-7.716043E-1	-7.226600E-9
-7.676129E-1	-7.026467E-9
-7.636265E-1	-6.861862E-9
-7.595665E-1	-6.675723E-9
-7.555785E-1	-6.499139E-9
-7.515554E-1	-6.324524E-9
-7.475692E-1	-6.166881E-9
-7.435796E-1	-5.991125E-9
-7.395594E-1	-5.852339E-9
-7.355358E-1	-5.699433E-9
-7.315116E-1	-5.567977E-9
-7.275239E-1	-5.408525E-9
-7.235337E-1	-5.262410E-9
-7.195114E-1	-5.133548E-9
-7.155205E-1	-4.999160E-9
-7.114642E-1	-4.869678E-9
-7.074731E-1	-4.741239E-9
-7.034860E-1	-4.621350E-9
-6.994617E-1	-4.482143E-9
-6.954744E-1	-4.374490E-9
-6.914818E-1	-4.248692E-9
-6.874605E-1	-4.142297E-9
-6.834015E-1	-4.032799E-9
-6.794125E-1	-3.917055E-9
-6.754252E-1	-3.807101E-9
-6.714017E-1	-3.704726E-9
-6.674135E-1	-3.609646E-9
-6.634253E-1	-3.515570E-9
-6.593700E-1	-3.408624E-9
-6.553783E-1	-3.318320E-9
-6.513569E-1	-3.218883E-9
-6.473641E-1	-3.144253E-9
-6.433792E-1	-3.061823E-9
-6.393529E-1	-2.968250E-9
-6.353325E-1	-2.887797E-9
-6.313089E-1	-2.808554E-9
-6.273184E-1	-2.734216E-9
-6.233307E-1	-2.667710E-9
-6.193051E-1	-2.569359E-9
-6.153176E-1	-2.509270E-9
-6.112610E-1	-2.442850E-9
-6.072762E-1	-2.360592E-9
-6.032848E-1	-2.304692E-9
-5.992625E-1	-2.241415E-9
-5.952725E-1	-2.187778E-9
-5.912850E-1	-2.112727E-9
-5.872602E-1	-2.061814E-9
-5.832062E-1	-1.989653E-9
-5.792120E-1	-1.947999E-9
-5.752261E-1	-1.885897E-9
-5.712032E-1	-1.831170E-9
-5.672128E-1	-1.773004E-9
-5.632234E-1	-1.729509E-9
-5.591653E-1	-1.673398E-9
-5.551798E-1	-1.641548E-9
-5.511522E-1	-1.580119E-9
-5.471650E-1	-1.511856E-9
-5.431740E-1	-1.501798E-9
-5.391533E-1	-1.444556E-9
-5.351296E-1	-1.401143E-9
-5.311095E-1	-1.370092E-9
-5.271195E-1	-1.328188E-9
-5.231324E-1	-1.278363E-9
-5.191066E-1	-1.242954E-9
-5.151180E-1	-1.210351E-9
-5.110605E-1	-1.168320E-9
-5.070710E-1	-1.134168E-9
-5.030832E-1	-1.101860E-9
-4.990599E-1	-1.061925E-9
-4.950703E-1	-1.029323E-9
-4.910791E-1	-9.938721E-10
-4.870596E-1	-9.750569E-10
-4.829995E-1	-9.462267E-10
-4.790128E-1	-9.271169E-10
-4.750226E-1	-8.740237E-10
-4.710358E-1	-8.569687E-10
-4.670112E-1	-8.173273E-10
-4.630215E-1	-8.039178E-10
-4.589665E-1	-7.890835E-10
-4.549767E-1	-7.577808E-10
-4.509555E-1	-7.374151E-10
-4.469639E-1	-7.079979E-10
-4.429756E-1	-6.865014E-10
-4.389497E-1	-6.670985E-10
-4.349288E-1	-6.417883E-10
-4.309048E-1	-6.219256E-10
-4.269170E-1	-6.018953E-10
-4.229258E-1	-5.744052E-10
-4.189044E-1	-5.627982E-10
-4.149137E-1	-5.423063E-10
-4.108583E-1	-5.228631E-10
-4.068643E-1	-5.071484E-10
-4.028753E-1	-4.957509E-10
-3.988570E-1	-4.901772E-10
-3.948658E-1	-4.768932E-10
-3.908781E-1	-4.444173E-10
-3.868557E-1	-4.364554E-10
-3.828002E-1	-4.200708E-10
-3.788067E-1	-4.139109E-10
-3.748199E-1	-3.869244E-10
-3.708291E-1	-3.788365E-10
-3.668073E-1	-3.580518E-10
-3.628146E-1	-3.691986E-10
-3.587610E-1	-3.387754E-10
-3.547692E-1	-3.259108E-10
-3.507491E-1	-3.241925E-10
-3.467593E-1	-3.301433E-10
-3.427689E-1	-2.930157E-10
-3.387450E-1	-2.990502E-10
-3.347227E-1	-2.765891E-10
-3.307014E-1	-2.643947E-10
-3.267100E-1	-2.636824E-10
-3.227231E-1	-2.773433E-10
-3.186999E-1	-2.625091E-10
-3.147117E-1	-2.417663E-10
-3.106534E-1	-2.224900E-10
-3.066660E-1	-2.162463E-10
-3.026726E-1	-2.135645E-10
-2.986504E-1	-2.100863E-10
-2.946599E-1	-2.028368E-10
-2.906718E-1	-2.055187E-10
-2.866484E-1	-1.970120E-10
-2.826246E-1	-1.805854E-10
-2.786053E-1	-1.774844E-10
-2.746103E-1	-1.831416E-10
-2.706242E-1	-1.623149E-10
-2.665978E-1	-1.655835E-10
-2.626121E-1	-1.720368E-10
-2.585522E-1	-1.519226E-10
-2.545677E-1	-1.590463E-10
-2.505428E-1	-1.500788E-10
-2.465513E-1	-1.393092E-10
-2.425659E-1	-1.255646E-10
-2.385761E-1	-1.331073E-10
-2.345189E-1	-1.252293E-10
-2.304945E-1	-1.248103E-10
-2.265067E-1	-1.136636E-10
-2.225165E-1	-1.189436E-10
-2.184921E-1	-1.099341E-10
-2.145031E-1	-1.052827E-10
-2.104489E-1	-1.059532E-10
-2.064558E-1	-1.098084E-10
-2.024683E-1	-1.023074E-10
-1.984418E-1	-9.920650E-11
-1.944546E-1	-9.744651E-11
-1.904677E-1	-7.938557E-11
-1.864091E-1	-8.407890E-11
-1.824191E-1	-9.681793E-11
-1.783961E-1	-8.680271E-11
-1.744101E-1	-7.439897E-11
-1.704194E-1	-7.754177E-11
-1.663961E-1	-7.188512E-11
-1.624015E-1	-6.145260E-11
-1.583468E-1	-6.484631E-11
-1.543575E-1	-7.808654E-11
-1.503368E-1	-7.888272E-11
-1.463448E-1	-7.695511E-11
-1.423582E-1	-6.522339E-11
-1.383633E-1	-7.875701E-11
-1.343066E-1	-8.269605E-11
-1.302805E-1	-6.191347E-11
-1.262916E-1	-5.541933E-11
-1.223048E-1	-8.290558E-11
-1.182830E-1	-4.859002E-11
-1.142950E-1	-5.307306E-11
-1.102344E-1	-6.170398E-11
-1.062502E-1	-6.048895E-11
-1.022578E-1	-6.136881E-11
-9.823407E-2	-4.481924E-11
-9.424076E-2	-4.255674E-11
-9.025547E-2	-4.021049E-11
-8.619580E-2	-5.407860E-11
-8.220677E-2	-4.054567E-11
-7.818532E-2	-5.546124E-11
-7.419602E-2	-3.811563E-11
-7.020582E-2	-4.180259E-11
-6.618204E-2	-4.142551E-11
-6.219108E-2	-4.590857E-11
-5.813567E-2	-4.096465E-11
-5.414722E-2	-3.451242E-11
-5.015449E-2	-4.825486E-11
-4.613868E-2	-4.314335E-11
-4.214493E-2	-4.213777E-11
-3.816140E-2	-4.666275E-11
-3.409955E-2	-4.121604E-11
-3.007600E-2	-3.702633E-11
-2.608098E-2	-3.907929E-11
-2.209475E-2	-3.786421E-11
-1.807559E-2	-4.825483E-11
-1.408288E-2	-3.836699E-11
-1.002788E-2	-3.539226E-11
-6.036350E-3	-4.280814E-11
-2.045656E-3	-4.142553E-11
1.972997E-3	-5.938194E-12
5.958034E-3	-3.032263E-11
9.951194E-3	-4.364608E-11
1.400638E-2	-3.220805E-11
1.803244E-2	-3.790612E-11
2.201966E-2	-4.758446E-11
2.600760E-2	-3.811563E-11
3.002938E-2	-4.016862E-11
3.402013E-2	-3.501519E-11
3.800430E-2	-4.905092E-11
4.206134E-2	-4.574100E-11
4.605477E-2	-3.790612E-11
5.007633E-2	-4.201207E-11
5.406574E-2	-3.832507E-11
5.805022E-2	-3.543417E-11
6.207349E-2	-2.064425E-11
6.612606E-2	-4.021052E-11
7.012374E-2	-3.472189E-11
7.410765E-2	-5.382723E-11
7.813361E-2	-1.813045E-11
8.212002E-2	-3.731955E-11
8.611096E-2	-3.497330E-11
9.016421E-2	-2.810206E-11
9.414916E-2	-1.947114E-11
9.817580E-2	-2.847914E-11
1.021645E-1	-2.391232E-11
1.061538E-1	-2.981989E-11
1.101765E-1	-2.278107E-11
1.142346E-1	-1.909408E-11
1.182196E-1	-1.955496E-11
1.222069E-1	-2.994562E-11
1.262287E-1	-1.716678E-11
1.302202E-1	-2.898189E-11
1.342068E-1	-1.792098E-11
1.382321E-1	-4.513646E-12
1.422513E-1	-3.969082E-12
1.462765E-1	-1.364747E-11
1.502681E-1	1.668653E-11
1.542551E-1	7.594668E-12
1.582798E-1	-1.054701E-11
1.622636E-1	9.270654E-12
1.663254E-1	1.672842E-11
1.703128E-1	-1.371368E-12
1.743386E-1	1.056950E-11
1.783251E-1	1.777587E-11
1.823132E-1	4.745669E-12
1.863348E-1	2.309689E-11
1.903585E-1	1.224536E-11
1.943777E-1	2.883671E-11
1.983641E-1	8.265173E-12
2.023523E-1	2.033163E-11
2.063764E-1	2.875297E-11
2.103691E-1	4.475785E-11
2.144230E-1	3.386455E-11
2.184144E-1	5.213188E-11
2.224350E-1	3.822190E-11
2.264247E-1	3.788671E-11
2.304087E-1	3.688119E-11
2.344357E-1	4.354274E-11
2.384240E-1	3.952065E-11
2.424822E-1	5.309543E-11
2.464697E-1	5.682446E-11
2.504564E-1	5.351448E-11
2.544768E-1	9.013310E-11
2.584643E-1	8.166975E-11
2.624551E-1	9.197651E-11
2.665085E-1	7.592975E-11
2.705324E-1	8.179547E-11
2.745212E-1	8.937902E-11
2.785132E-1	1.002304E-10
2.825317E-1	8.803817E-11
2.865236E-1	1.146851E-10
2.905785E-1	1.285113E-10
2.945694E-1	1.270867E-10
2.985539E-1	1.416672E-10
3.025788E-1	1.453122E-10
3.065675E-1	1.533984E-10
3.105566E-1	1.517643E-10
3.146158E-1	1.598507E-10
3.186347E-1	1.830621E-10
3.226232E-1	1.804641E-10
3.266122E-1	2.102956E-10
3.306373E-1	1.905198E-10
3.346227E-1	2.020838E-10
3.386771E-1	2.157420E-10
3.426660E-1	2.266353E-10
3.466582E-1	2.379479E-10
3.506783E-1	2.539944E-10
3.546671E-1	2.587710E-10
3.586553E-1	2.743571E-10
3.626784E-1	2.901105E-10
3.667326E-1	2.951802E-10
3.707196E-1	3.137407E-10
3.747123E-1	3.224135E-10
3.787328E-1	3.295781E-10
3.827237E-1	3.403033E-10
3.867099E-1	3.569375E-10
3.907666E-1	3.798973E-10
3.947535E-1	3.801482E-10
3.987786E-1	4.067531E-10
4.027648E-1	4.116137E-10
4.067533E-1	4.168507E-10
4.107746E-1	4.432883E-10
4.148341E-1	4.691392E-10
4.188203E-1	4.762197E-10
4.228082E-1	5.021544E-10
4.268328E-1	5.214684E-10
4.308214E-1	5.211337E-10
4.348104E-1	5.485767E-10
4.388652E-1	5.526828E-10
4.428562E-1	5.677239E-10
4.468759E-1	6.088668E-10
4.508679E-1	6.428038E-10
4.548553E-1	6.369805E-10
4.588778E-1	6.596054E-10
4.628648E-1	6.741439E-10
4.669230E-1	7.007490E-10
4.709086E-1	7.147425E-10
4.749313E-1	7.627162E-10
4.789190E-1	7.916667E-10
4.829060E-1	8.064557E-10
4.869332E-1	8.409804E-10
4.909519E-1	8.671658E-10
4.949765E-1	9.199574E-10
4.989620E-1	9.373439E-10
5.029553E-1	9.554449E-10
5.069757E-1	9.973007E-10
5.109643E-1	1.031363E-9
5.150170E-1	1.078957E-9
5.190111E-1	1.102337E-9
5.230310E-1	1.159989E-9
5.270184E-1	1.190657E-9
5.310087E-1	1.242024E-9
5.350274E-1	1.275709E-9
5.390520E-1	1.307927E-9
5.430699E-1	1.356989E-9
5.470618E-1	1.425450E-9
5.510484E-1	1.485364E-9
5.550741E-1	1.520309E-9
5.590605E-1	1.587636E-9
5.630507E-1	1.645958E-9
5.671074E-1	1.691504E-9
5.711284E-1	1.739599E-9
5.751184E-1	1.822265E-9
5.791069E-1	1.872751E-9
5.831266E-1	1.937523E-9
5.871180E-1	2.014826E-9
5.911744E-1	2.085801E-9
5.951613E-1	2.172571E-9
5.991510E-1	2.239817E-9
6.031706E-1	2.310200E-9
6.071616E-1	2.416706E-9
6.111481E-1	2.485125E-9
6.152041E-1	2.558403E-9
6.192278E-1	2.651629E-9
6.232186E-1	2.748707E-9
6.272045E-1	2.836062E-9
6.312268E-1	2.923165E-9
6.352152E-1	3.007968E-9
6.392722E-1	3.123187E-9
6.432600E-1	3.229604E-9
6.472452E-1	3.364556E-9
6.512701E-1	3.476255E-9
6.552590E-1	3.574465E-9
6.592490E-1	3.700576E-9
6.632696E-1	3.812737E-9
6.673261E-1	3.961096E-9
6.713120E-1	4.081340E-9
6.753042E-1	4.211898E-9
6.793237E-1	4.350327E-9
6.833131E-1	4.504716E-9
6.873018E-1	4.641975E-9
6.913578E-1	4.807009E-9
6.953486E-1	4.987418E-9
6.993697E-1	5.144829E-9
7.033581E-1	5.278855E-9
7.073480E-1	5.457430E-9
7.113690E-1	5.617683E-9
7.154249E-1	5.820011E-9
7.194148E-1	5.987515E-9
7.234003E-1	6.166874E-9
7.274277E-1	6.354999E-9
7.314137E-1	6.533105E-9
7.354020E-1	6.735677E-9
7.394571E-1	6.955941E-9
7.434477E-1	7.131660E-9
7.474669E-1	7.331881E-9
7.514569E-1	7.533454E-9
7.554446E-1	7.795187E-9
7.594651E-1	8.056757E-9
7.634576E-1	8.278021E-9
7.675127E-1	8.500043E-9
7.715004E-1	8.803875E-9
7.755233E-1	9.019477E-9
7.795120E-1	9.301081E-9
7.835008E-1	9.517192E-9
7.875207E-1	9.792693E-9
7.915430E-1	1.008929E-8
7.955670E-1	1.032777E-8
7.995551E-1	1.065097E-8
8.035440E-1	1.092825E-8
8.075657E-1	1.123842E-8
8.115531E-1	1.154326E-8
8.156112E-1	1.187615E-8
8.195966E-1	1.219439E-8
8.236195E-1	1.257088E-8
8.276055E-1	1.285763E-8
8.315994E-1	1.325947E-8
8.356191E-1	1.361526E-8
8.396426E-1	1.401690E-8
8.436630E-1	1.439087E-8
8.476545E-1	1.476637E-8
8.516397E-1	1.512857E-8
8.556666E-1	1.557357E-8
8.596553E-1	1.595508E-8
8.636428E-1	1.640235E-8
8.676998E-1	1.683733E-8
8.717191E-1	1.727235E-8
8.757063E-1	1.774447E-8
8.796941E-1	1.819687E-8
8.837203E-1	1.870210E-8
8.877059E-1	1.925481E-8
8.917621E-1	1.977346E-8
8.957499E-1	2.025202E-8
8.997402E-1	2.075508E-8
9.037607E-1	2.129574E-8
9.077514E-1	2.202756E-8
9.117416E-1	2.249780E-8
9.157932E-1	2.306880E-8
9.198166E-1	2.364798E-8
9.238048E-1	2.414046E-8
9.277947E-1	2.476287E-8
9.318131E-1	2.543666E-8
9.358048E-1	2.614973E-8
9.398594E-1	2.678901E-8
9.438469E-1	2.742579E-8
9.478366E-1	2.813989E-8
9.518625E-1	2.875393E-8
9.558479E-1	2.951715E-8
9.598411E-1	3.027405E-8
9.638585E-1	3.106092E-8
9.678831E-1	3.158119E-8
9.719062E-1	3.243623E-8
9.758921E-1	3.311668E-8
9.799175E-1	3.402127E-8
9.839041E-1	3.497907E-8
9.878936E-1	3.571479E-8
9.919508E-1	3.659960E-8
9.959455E-1	3.736548E-8
9.999601E-1	3.821415E-8
