Voltage (V)	Current (A)
-1.000060E+0	-6.023480E-8
-9.960741E-1	-5.878219E-8
-9.920477E-1	-5.773231E-8
-9.880607E-1	-5.655720E-8
-9.840012E-1	-5.525676E-8
-9.800136E-1	-5.424069E-8
-9.760216E-1	-5.289173E-8
-9.720038E-1	-5.182813E-8
-9.680119E-1	-5.068655E-8
-9.640243E-1	-4.958505E-8
-9.599686E-1	-4.844470E-8
-9.559776E-1	-4.755370E-8
-9.519556E-1	-4.644890E-8
-9.479616E-1	-4.548828E-8
-9.439760E-1	-4.438714E-8
-9.399554E-1	-4.350349E-8
-9.359317E-1	-4.237652E-8
-9.319069E-1	-4.164243E-8
-9.279216E-1	-4.060894E-8
-9.239285E-1	-3.967801E-8
-9.199072E-1	-3.880875E-8
-9.159166E-1	-3.799091E-8
-9.118634E-1	-3.711391E-8
-9.078722E-1	-3.632250E-8
-9.038520E-1	-3.549853E-8
-8.998622E-1	-3.479523E-8
-8.958711E-1	-3.392089E-8
-8.918483E-1	-3.318667E-8
-8.878598E-1	-3.243566E-8
-8.838039E-1	-3.168433E-8
-8.798141E-1	-3.098910E-8
-8.758278E-1	-3.029770E-8
-8.718035E-1	-2.958921E-8
-8.678163E-1	-2.892110E-8
-8.638246E-1	-2.824152E-8
-8.597701E-1	-2.754397E-8
-8.557784E-1	-2.694546E-8
-8.517581E-1	-2.636155E-8
-8.477661E-1	-2.571776E-8
-8.437775E-1	-2.512058E-8
-8.397574E-1	-2.446868E-8
-8.357317E-1	-2.395327E-8
-8.317117E-1	-2.341343E-8
-8.277187E-1	-2.284678E-8
-8.237307E-1	-2.225437E-8
-8.197079E-1	-2.178012E-8
-8.157189E-1	-2.125917E-8
-8.116611E-1	-2.074234E-8
-8.076733E-1	-2.021429E-8
-8.036521E-1	-1.972865E-8
-7.996641E-1	-1.930802E-8
-7.956740E-1	-1.880842E-8
-7.916865E-1	-1.835371E-8
-7.876632E-1	-1.789481E-8
-7.836049E-1	-1.743983E-8
-7.796147E-1	-1.702725E-8
-7.756251E-1	-1.662522E-8
-7.716045E-1	-1.620977E-8
-7.676150E-1	-1.582125E-8
-7.636269E-1	-1.542574E-8
-7.595671E-1	-1.505237E-8
-7.555789E-1	-1.465077E-8
-7.515565E-1	-1.431308E-8
-7.475689E-1	-1.395615E-8
-7.435791E-1	-1.360837E-8
-7.395583E-1	-1.320823E-8
-7.355339E-1	-1.289763E-8
-7.315103E-1	-1.257127E-8
-7.275235E-1	-1.225745E-8
-7.235318E-1	-1.194559E-8
-7.195113E-1	-1.167033E-8
-7.155202E-1	-1.130319E-8
-7.114651E-1	-1.101011E-8
-7.074728E-1	-1.071440E-8
-7.034855E-1	-1.046699E-8
-6.994613E-1	-1.018279E-8
-6.954749E-1	-9.898507E-9
-6.914819E-1	-9.646788E-9
-6.874597E-1	-9.387524E-9
-6.834005E-1	-9.168935E-9
-6.794130E-1	-8.905826E-9
-6.754255E-1	-8.688085E-9
-6.714002E-1	-8.435860E-9
-6.674139E-1	-8.199018E-9
-6.634244E-1	-7.999088E-9
-6.593702E-1	-7.787978E-9
-6.553783E-1	-7.579085E-9
-6.513559E-1	-7.375379E-9
-6.473644E-1	-7.199253E-9
-6.433783E-1	-7.001422E-9
-6.393533E-1	-6.789506E-9
-6.353326E-1	-6.628757E-9
-6.313086E-1	-6.426113E-9
-6.273187E-1	-6.259243E-9
-6.233300E-1	-6.079855E-9
-6.193056E-1	-5.909215E-9
-6.153175E-1	-5.736694E-9
-6.112604E-1	-5.585835E-9
-6.072742E-1	-5.398480E-9
-6.032841E-1	-5.250388E-9
-5.992609E-1	-5.107372E-9
-5.952728E-1	-4.967075E-9
-5.912848E-1	-4.819986E-9
-5.872595E-1	-4.687946E-9
-5.832047E-1	-4.545759E-9
-5.792106E-1	-4.407727E-9
-5.752249E-1	-4.271284E-9
-5.712014E-1	-4.148756E-9
-5.672121E-1	-4.038884E-9
-5.632235E-1	-3.916604E-9
-5.591650E-1	-3.819092E-9
-5.551774E-1	-3.695432E-9
-5.511510E-1	-3.588906E-9
-5.471633E-1	-3.463487E-9
-5.431721E-1	-3.368574E-9
-5.391519E-1	-3.247470E-9
-5.351284E-1	-3.174722E-9
-5.311081E-1	-3.065016E-9
-5.271186E-1	-3.000899E-9
-5.231315E-1	-2.885954E-9
-5.191062E-1	-2.784383E-9
-5.151148E-1	-2.720304E-9
-5.110615E-1	-2.638888E-9
-5.070708E-1	-2.578793E-9
-5.030838E-1	-2.479901E-9
-4.990580E-1	-2.406732E-9
-4.950708E-1	-2.341067E-9
-4.910796E-1	-2.269831E-9
-4.870580E-1	-2.196370E-9
-4.829987E-1	-2.127060E-9
-4.790105E-1	-2.065965E-9
-4.750208E-1	-1.990285E-9
-4.710339E-1	-1.934843E-9
-4.670097E-1	-1.869263E-9
-4.630199E-1	-1.815374E-9
-4.589656E-1	-1.748912E-9
-4.549769E-1	-1.723727E-9
-4.509540E-1	-1.664893E-9
-4.469622E-1	-1.596673E-9
-4.429747E-1	-1.547770E-9
-4.389486E-1	-1.502346E-9
-4.349278E-1	-1.468988E-9
-4.309035E-1	-1.427880E-9
-4.269138E-1	-1.373991E-9
-4.229244E-1	-1.315409E-9
-4.189042E-1	-1.278574E-9
-4.149113E-1	-1.232521E-9
-4.108554E-1	-1.216052E-9
-4.068641E-1	-1.166144E-9
-4.028754E-1	-1.136013E-9
-3.988539E-1	-1.092432E-9
-3.948648E-1	-1.078520E-9
-3.908768E-1	-1.016124E-9
-3.868539E-1	-9.660901E-10
-3.828007E-1	-9.576671E-10
-3.788071E-1	-9.152173E-10
-3.748192E-1	-8.840402E-10
-3.708269E-1	-8.487986E-10
-3.668076E-1	-8.210997E-10
-3.628144E-1	-7.880369E-10
-3.587597E-1	-7.675037E-10
-3.547688E-1	-7.444559E-10
-3.507482E-1	-7.218268E-10
-3.467592E-1	-6.895185E-10
-3.427677E-1	-6.697815E-10
-3.387441E-1	-6.342460E-10
-3.347226E-1	-6.387301E-10
-3.307019E-1	-5.849241E-10
-3.267100E-1	-5.737773E-10
-3.227232E-1	-5.734420E-10
-3.186986E-1	-5.484256E-10
-3.147116E-1	-5.092446E-10
-3.106528E-1	-5.032521E-10
-3.066661E-1	-4.686806E-10
-3.026727E-1	-4.826349E-10
-2.986497E-1	-4.393891E-10
-2.946613E-1	-4.164676E-10
-2.906717E-1	-4.216214E-10
-2.866496E-1	-3.945929E-10
-2.826248E-1	-3.608598E-10
-2.786050E-1	-3.552864E-10
-2.746111E-1	-3.563758E-10
-2.706226E-1	-3.199186E-10
-2.665981E-1	-3.264561E-10
-2.626120E-1	-2.895797E-10
-2.585537E-1	-2.725243E-10
-2.545675E-1	-2.810731E-10
-2.505435E-1	-2.713512E-10
-2.465516E-1	-2.285245E-10
-2.425648E-1	-2.382465E-10
-2.385755E-1	-2.182160E-10
-2.345180E-1	-2.230350E-10
-2.304948E-1	-1.964255E-10
-2.265067E-1	-1.966351E-10
-2.225165E-1	-1.811722E-10
-2.184936E-1	-1.790350E-10
-2.145040E-1	-1.598007E-10
-2.104483E-1	-1.509170E-10
-2.064564E-1	-1.478160E-10
-2.024679E-1	-1.540598E-10
-1.984423E-1	-1.352028E-10
-1.944567E-1	-1.353284E-10
-1.904663E-1	-1.137056E-10
-1.864096E-1	-1.311798E-10
-1.824198E-1	-1.095570E-10
-1.783967E-1	-1.012179E-10
-1.744124E-1	-1.059951E-10
-1.704199E-1	-9.530937E-11
-1.663956E-1	-9.162177E-11
-1.624025E-1	-8.516843E-11
-1.583469E-1	-8.194178E-11
-1.543589E-1	-9.061606E-11
-1.503374E-1	-7.481796E-11
-1.463453E-1	-8.068463E-11
-1.423580E-1	-8.064273E-11
-1.383652E-1	-7.188511E-11
-1.343075E-1	-7.012541E-11
-1.302823E-1	-6.312849E-11
-1.262919E-1	-6.472060E-11
-1.223061E-1	-6.526527E-11
-1.182822E-1	-6.174587E-11
-1.142942E-1	-5.776559E-11
-1.102344E-1	-4.888329E-11
-1.062489E-1	-6.203914E-11
-1.022579E-1	-3.480562E-11
-9.823614E-2	-4.703977E-11
-9.424128E-2	-7.251357E-11
-9.025547E-2	-3.329734E-11
-8.619688E-2	-3.195660E-11
-8.220567E-2	-5.248648E-11
-7.818552E-2	-3.560174E-11
-7.419632E-2	-4.188639E-11
-7.020675E-2	-5.868735E-11
-6.618232E-2	-4.435834E-11
-6.219185E-2	-5.345014E-11
-5.813545E-2	-3.212422E-11
-5.414683E-2	-4.289188E-11
-5.015653E-2	-4.452590E-11
-4.613584E-2	-4.842240E-11
-4.214496E-2	-4.921846E-11
-3.816162E-2	-5.219321E-11
-3.409816E-2	-5.081058E-11
-3.007506E-2	-5.428809E-11
-2.608178E-2	-4.012666E-11
-2.209376E-2	-4.750066E-11
-1.807643E-2	-4.490301E-11
-1.408481E-2	-2.416367E-11
-1.002748E-2	-4.301758E-11
-6.036354E-3	-4.683030E-11
-2.044319E-3	-3.899542E-11
1.971827E-3	-4.597406E-12
5.957701E-3	-4.121601E-11
9.951291E-3	-4.863187E-11
1.400420E-2	-4.674654E-11
1.803153E-2	-3.551793E-11
2.201807E-2	-1.737623E-11
2.600648E-2	-2.826960E-11
3.002927E-2	-3.551790E-11
3.402005E-2	-5.060111E-11
3.800452E-2	-3.304598E-11
4.206140E-2	-5.793318E-11
4.605303E-2	-5.298927E-11
5.007412E-2	-4.519627E-11
5.406430E-2	-2.579768E-11
5.805061E-2	-3.384202E-11
6.207255E-2	-2.495973E-11
6.612584E-2	-4.762635E-11
7.012073E-2	-2.676127E-11
7.410573E-2	-2.738976E-11
7.813264E-2	-2.902372E-11
8.211935E-2	-3.635590E-11
8.610938E-2	-4.460972E-11
9.016339E-2	-4.762636E-11
9.414896E-2	-2.265534E-11
9.817470E-2	-7.153181E-12
1.021643E-1	-1.687343E-11
1.061546E-1	-1.167810E-11
1.101760E-1	-2.454075E-11
1.142338E-1	-3.359063E-11
1.182185E-1	-5.058329E-12
1.222081E-1	-2.085372E-11
1.262277E-1	-4.495362E-13
1.302192E-1	1.980478E-12
1.342079E-1	1.362807E-11
1.382339E-1	2.087632E-11
1.422518E-1	1.744077E-11
1.462775E-1	1.614197E-11
1.502687E-1	2.393490E-11
1.542556E-1	1.191031E-11
1.582794E-1	3.746786E-11
1.622610E-1	5.305377E-11
1.663236E-1	5.301194E-11
1.703128E-1	4.890592E-11
1.743373E-1	6.424054E-11
1.783251E-1	5.695032E-11
1.823131E-1	7.207546E-11
1.863334E-1	9.042662E-11
1.903581E-1	8.690705E-11
1.943782E-1	1.075628E-10
1.983641E-1	1.032054E-10
2.023513E-1	1.283859E-10
2.063772E-1	1.247827E-10
2.103695E-1	1.564572E-10
2.144223E-1	1.531055E-10
2.184149E-1	1.543625E-10
2.224330E-1	1.605631E-10
2.264245E-1	1.914001E-10
2.304071E-1	1.913583E-10
2.344351E-1	2.158682E-10
2.384236E-1	2.307838E-10
2.424806E-1	2.330043E-10
2.464685E-1	2.612849E-10
2.504552E-1	2.494701E-10
2.544778E-1	2.873458E-10
2.584651E-1	3.030994E-10
2.624555E-1	2.984069E-10
2.665076E-1	3.504019E-10
2.705322E-1	3.372042E-10
2.745199E-1	3.612534E-10
2.785125E-1	3.753727E-10
2.825322E-1	3.892409E-10
2.865222E-1	4.089748E-10
2.905778E-1	4.173963E-10
2.945678E-1	4.532185E-10
2.985535E-1	4.644057E-10
3.025793E-1	4.778125E-10
3.065675E-1	5.102412E-10
3.105572E-1	5.403663E-10
3.146153E-1	5.583818E-10
3.186335E-1	5.860346E-10
3.226248E-1	5.878781E-10
3.266123E-1	6.224013E-10
3.306346E-1	6.649689E-10
3.346202E-1	6.930407E-10
3.386764E-1	7.194366E-10
3.426678E-1	7.536260E-10
3.466572E-1	7.545053E-10
3.506751E-1	8.057872E-10
3.546668E-1	8.389281E-10
3.586547E-1	8.642351E-10
3.626786E-1	9.058394E-10
3.667316E-1	9.284227E-10
3.707204E-1	9.552362E-10
3.747122E-1	1.002078E-9
3.787325E-1	1.050847E-9
3.827232E-1	1.084364E-9
3.867092E-1	1.123624E-9
3.907658E-1	1.184459E-9
3.947527E-1	1.200380E-9
3.987780E-1	1.239260E-9
4.027623E-1	1.292345E-9
4.067527E-1	1.353976E-9
4.107744E-1	1.369396E-9
4.148330E-1	1.438987E-9
4.188207E-1	1.482981E-9
4.228075E-1	1.539248E-9
4.268345E-1	1.596271E-9
4.308194E-1	1.644034E-9
4.348101E-1	1.709980E-9
4.388654E-1	1.761348E-9
4.428564E-1	1.838566E-9
4.468755E-1	1.892362E-9
4.508686E-1	1.926382E-9
4.548541E-1	1.993168E-9
4.588782E-1	2.073696E-9
4.628660E-1	2.151289E-9
4.669222E-1	2.245852E-9
4.709095E-1	2.302290E-9
4.749299E-1	2.376574E-9
4.789217E-1	2.465524E-9
4.829067E-1	2.550866E-9
4.869339E-1	2.633366E-9
4.909523E-1	2.716068E-9
4.949771E-1	2.827184E-9
4.989637E-1	2.910310E-9
5.029540E-1	3.006841E-9
5.069745E-1	3.098638E-9
5.109627E-1	3.199776E-9
5.150175E-1	3.285959E-9
5.190089E-1	3.400219E-9
5.230306E-1	3.502074E-9
5.270194E-1	3.611927E-9
5.310085E-1	3.714701E-9
5.350277E-1	3.838007E-9
5.390521E-1	3.992022E-9
5.430732E-1	4.114449E-9
5.470613E-1	4.240682E-9
5.510473E-1	4.405881E-9
5.550731E-1	4.537823E-9
5.590622E-1	4.691880E-9
5.630516E-1	4.828006E-9
5.671045E-1	4.961364E-9
5.711291E-1	5.082616E-9
5.751154E-1	5.262481E-9
5.791067E-1	5.401167E-9
5.831268E-1	5.582831E-9
5.871171E-1	5.762657E-9
5.911752E-1	5.948893E-9
5.951598E-1	6.129179E-9
5.991518E-1	6.326396E-9
6.031696E-1	6.518617E-9
6.071612E-1	6.718595E-9
6.111465E-1	6.905287E-9
6.152040E-1	7.112259E-9
6.192263E-1	7.312706E-9
6.232161E-1	7.558477E-9
6.272039E-1	7.760507E-9
6.312262E-1	7.997813E-9
6.352139E-1	8.249835E-9
6.392723E-1	8.521155E-9
6.432600E-1	8.749254E-9
6.472480E-1	9.029804E-9
6.512705E-1	9.267358E-9
6.552575E-1	9.513037E-9
6.592498E-1	9.752573E-9
6.632688E-1	1.009252E-8
6.673258E-1	1.035346E-8
6.713135E-1	1.066740E-8
6.753032E-1	1.093003E-8
6.793231E-1	1.125419E-8
6.833138E-1	1.155027E-8
6.873004E-1	1.188127E-8
6.913609E-1	1.218324E-8
6.953493E-1	1.250253E-8
6.993688E-1	1.285962E-8
7.033595E-1	1.318332E-8
7.073448E-1	1.358972E-8
7.113690E-1	1.395080E-8
7.154238E-1	1.430459E-8
7.194147E-1	1.473648E-8
7.234034E-1	1.512633E-8
7.274283E-1	1.552004E-8
7.314140E-1	1.589016E-8
7.354034E-1	1.632146E-8
7.394596E-1	1.678909E-8
7.434477E-1	1.719657E-8
7.474671E-1	1.760884E-8
7.514579E-1	1.809750E-8
7.554466E-1	1.858021E-8
7.594653E-1	1.908397E-8
7.634573E-1	1.959874E-8
7.675096E-1	2.009907E-8
7.715016E-1	2.060318E-8
7.755246E-1	2.113288E-8
7.795116E-1	2.170573E-8
7.834985E-1	2.224701E-8
7.875221E-1	2.280000E-8
7.915438E-1	2.340225E-8
7.955682E-1	2.400507E-8
7.995545E-1	2.464766E-8
8.035469E-1	2.527908E-8
8.075660E-1	2.596941E-8
8.115531E-1	2.656614E-8
8.156116E-1	2.721389E-8
8.195992E-1	2.792281E-8
8.236194E-1	2.863327E-8
8.276069E-1	2.923000E-8
8.316000E-1	3.005488E-8
8.356206E-1	3.090894E-8
8.396453E-1	3.167794E-8
8.436651E-1	3.237622E-8
8.476540E-1	3.320810E-8
8.516418E-1	3.408985E-8
8.556667E-1	3.491385E-8
8.596551E-1	3.574134E-8
8.636415E-1	3.656871E-8
8.677011E-1	3.754256E-8
8.717204E-1	3.847272E-8
8.757087E-1	3.941392E-8
8.796953E-1	4.035965E-8
8.837214E-1	4.129212E-8
8.877073E-1	4.237195E-8
8.917638E-1	4.324844E-8
8.957490E-1	4.424047E-8
8.997415E-1	4.539430E-8
9.037600E-1	4.634948E-8
9.077519E-1	4.739518E-8
9.117419E-1	4.860897E-8
9.157935E-1	4.978706E-8
9.198187E-1	5.099871E-8
9.238064E-1	5.201522E-8
9.277961E-1	5.332846E-8
9.318154E-1	5.450928E-8
9.358052E-1	5.574575E-8
9.398613E-1	5.712899E-8
9.438513E-1	5.854452E-8
9.478376E-1	5.987999E-8
9.518622E-1	6.119028E-8
9.558489E-1	6.245909E-8
9.598403E-1	6.370409E-8
9.638588E-1	6.546816E-8
9.678829E-1	6.695664E-8
9.719077E-1	6.855121E-8
9.758965E-1	6.994804E-8
9.799210E-1	7.175834E-8
9.839057E-1	7.305918E-8
9.878963E-1	7.438157E-8
9.919502E-1	7.611184E-8
9.959422E-1	7.781652E-8
9.999609E-1	7.945855E-8
